187-I_row-17_post-21_ref
t	x	y
2.477849527E1	1.501275817E3	-9.271911302E2
2.479518112E1	1.501261119E3	-9.180445905E2
2.481186698E1	1.500782727E3	-9.055627547E2
2.482855284E1	1.500602940E3	-8.934218126E2
2.484523869E1	1.500350227E3	-8.816195387E2
2.486192455E1	1.500461267E3	-8.710112315E2
2.487861040E1	1.499918789E3	-8.602887267E2
2.489529626E1	1.499763906E3	-8.497484489E2
2.491198211E1	1.499651440E3	-8.398810835E2
2.492866797E1	1.499574407E3	-8.317919021E2
2.494535382E1	1.499487337E3	-8.261379191E2
2.496203968E1	1.499276139E3	-8.220474157E2
2.497872553E1	1.499040725E3	-8.190152128E2
2.499541139E1	1.499328986E3	-8.167920415E2
2.501209725E1	1.499107155E3	-8.145096999E2
2.502878310E1	1.498974597E3	-8.108921893E2
2.504546896E1	1.498771862E3	-8.073158090E2
2.506215481E1	1.498835311E3	-8.042421398E2
2.507884067E1	1.498933014E3	-8.009517768E2
2.509552652E1	1.498953682E3	-7.984600843E2
2.511221238E1	1.498951379E3	-7.954694828E2
2.512889823E1	1.498945984E3	-7.916792607E2
2.514558409E1	1.498848946E3	-7.859551142E2
2.516226994E1	1.498686788E3	-7.782030652E2
2.517895580E1	1.498796423E3	-7.703610410E2
2.519564165E1	1.498412264E3	-7.631879915E2
2.521232751E1	1.498235927E3	-7.571015129E2
2.522901337E1	1.498197521E3	-7.505886259E2
2.524569922E1	1.498250276E3	-7.429966756E2
2.526238508E1	1.498182797E3	-7.355971455E2
2.527907093E1	1.498108618E3	-7.275044163E2
2.529575679E1	1.497983369E3	-7.177100209E2
2.531244264E1	1.497846799E3	-7.088721957E2
2.532912850E1	1.497974436E3	-7.009488982E2
2.534581435E1	1.497742671E3	-6.948919417E2
2.536250021E1	1.497653633E3	-6.905175992E2
2.537918606E1	1.497603229E3	-6.855592541E2
2.539587192E1	1.497421663E3	-6.780477343E2
2.541255777E1	1.497370364E3	-6.689626823E2
2.542924363E1	1.497274027E3	-6.597530224E2
2.544592949E1	1.497353996E3	-6.505625392E2
2.546261534E1	1.497204919E3	-6.417999446E2
2.547930120E1	1.496956580E3	-6.346906279E2
2.549598705E1	1.496953819E3	-6.267456544E2
2.551267291E1	1.496684776E3	-6.189783516E2
2.552935876E1	1.496738512E3	-6.123576926E2
2.554604462E1	1.496643057E3	-6.069851440E2
2.556273047E1	1.496685553E3	-6.022069458E2
2.557941633E1	1.496529788E3	-5.969105672E2
2.559610218E1	1.496597141E3	-5.917179822E2
2.561278804E1	1.496572348E3	-5.869766053E2
2.562947389E1	1.496402784E3	-5.822606739E2
2.564615975E1	1.496401193E3	-5.778258844E2
2.566284561E1	1.496514355E3	-5.741469473E2
2.567953146E1	1.496494161E3	-5.699705146E2
2.569621732E1	1.496574890E3	-5.656403721E2
2.571290317E1	1.496575906E3	-5.621258776E2
2.572958903E1	1.496649033E3	-5.594288309E2
2.574627488E1	1.496620382E3	-5.577428071E2
2.576296074E1	1.496629390E3	-5.552012602E2
2.577964659E1	1.496632521E3	-5.511715663E2
2.579633245E1	1.496651005E3	-5.462721377E2
2.581301830E1	1.496546022E3	-5.408327516E2
2.582970416E1	1.496576049E3	-5.338066534E2
2.584639002E1	1.496503151E3	-5.271771897E2
2.586307587E1	1.496591110E3	-5.213275563E2
2.587976173E1	1.496504058E3	-5.133777376E2
2.589644758E1	1.496615371E3	-5.035685779E2
2.591313344E1	1.496616642E3	-4.934600677E2
2.592981929E1	1.496598121E3	-4.833971585E2
2.594650515E1	1.496215649E3	-4.739954964E2
2.596319100E1	1.496183382E3	-4.660967797E2
2.597987686E1	1.496011499E3	-4.591427552E2
2.599656271E1	1.495850289E3	-4.535431445E2
2.601324857E1	1.495962295E3	-4.491252595E2
2.602993442E1	1.495940952E3	-4.449976444E2
2.604662028E1	1.495904549E3	-4.398532219E2
2.606330614E1	1.495873489E3	-4.344690160E2
2.607999199E1	1.495837869E3	-4.282515068E2
2.609667785E1	1.495890655E3	-4.231005486E2
2.611336370E1	1.495919712E3	-4.195542944E2
2.613004956E1	1.495801011E3	-4.170269603E2
2.614673541E1	1.495786506E3	-4.146191880E2
2.616342127E1	1.495819671E3	-4.130276127E2
2.618010712E1	1.495926059E3	-4.127326583E2
2.619679298E1	1.495874764E3	-4.116094067E2
2.621347883E1	1.495891496E3	-4.084556816E2
2.623016469E1	1.495903401E3	-4.038416216E2
2.624685054E1	1.495875958E3	-4.007179638E2
2.626353640E1	1.495820151E3	-3.986573298E2
2.628022226E1	1.495766026E3	-3.975545432E2
2.629690811E1	1.495877573E3	-3.961179046E2
2.631359397E1	1.495836057E3	-3.917398648E2
2.633027982E1	1.495720090E3	-3.837915995E2
2.634696568E1	1.495883531E3	-3.754284127E2
2.636365153E1	1.495812367E3	-3.700334920E2
2.638033739E1	1.495870926E3	-3.662796691E2
2.639702324E1	1.495878003E3	-3.628524330E2
2.641370910E1	1.495919098E3	-3.585272346E2
2.643039495E1	1.495903627E3	-3.516162088E2
2.644708081E1	1.495774069E3	-3.432930729E2
2.646376666E1	1.495786462E3	-3.361161799E2
2.648045252E1	1.495858915E3	-3.296225606E2
2.649713838E1	1.495876849E3	-3.225046851E2
2.651382423E1	1.495695244E3	-3.140601462E2
2.653051009E1	1.495867964E3	-3.044991253E2
2.654719594E1	1.495810370E3	-2.949540585E2
2.656388180E1	1.495853934E3	-2.864901167E2
2.658056765E1	1.495812478E3	-2.785002166E2
2.659725351E1	1.495660973E3	-2.724353889E2
2.661393936E1	1.495693164E3	-2.675969614E2
2.663062522E1	1.495783765E3	-2.626034310E2
2.664731107E1	1.495374229E3	-2.561925967E2
2.666399693E1	1.495594742E3	-2.477282361E2
2.668068279E1	1.495468092E3	-2.413869267E2
2.669736864E1	1.495557030E3	-2.384969018E2
2.671405450E1	1.495567014E3	-2.368487676E2
2.673074035E1	1.495616686E3	-2.344850625E2
2.674742621E1	1.495767769E3	-2.276005606E2
2.676411206E1	1.495566601E3	-2.140722179E2
