187-I_row-17_post-22_ref
t	x	y
1.286479451E1	1.897133322E3	-5.053529915E2
1.288148037E1	1.896972155E3	-5.050715121E2
1.289816622E1	1.897097179E3	-5.046833340E2
1.291485208E1	1.897079667E3	-5.042896620E2
1.293153794E1	1.897093531E3	-5.038214073E2
1.294822379E1	1.896975115E3	-5.033140810E2
1.296490965E1	1.897170252E3	-5.025625697E2
1.298159550E1	1.897041120E3	-5.019454340E2
1.299828136E1	1.897091377E3	-5.005629449E2
1.301496721E1	1.897082701E3	-4.977828460E2
1.303165307E1	1.897066584E3	-4.954502187E2
1.304833892E1	1.897052919E3	-4.933987698E2
1.306502478E1	1.897102388E3	-4.911249104E2
1.308171063E1	1.897103106E3	-4.885133566E2
1.309839649E1	1.897141520E3	-4.848345760E2
1.311508234E1	1.897049574E3	-4.807641771E2
1.313176820E1	1.897132501E3	-4.770228699E2
1.314845406E1	1.897111846E3	-4.738876993E2
1.316513991E1	1.896975989E3	-4.704765674E2
1.318182577E1	1.897099502E3	-4.671029816E2
1.319851162E1	1.897118593E3	-4.632904589E2
1.321519748E1	1.897090598E3	-4.581886735E2
1.323188333E1	1.897091602E3	-4.526913040E2
1.324856919E1	1.897045119E3	-4.472199935E2
1.326525504E1	1.897208091E3	-4.409652996E2
1.328194090E1	1.897133262E3	-4.325300845E2
1.329862675E1	1.896929457E3	-4.233726190E2
1.331531261E1	1.896865753E3	-4.128626544E2
1.333199846E1	1.896916104E3	-4.010663201E2
1.334868432E1	1.896718755E3	-3.893796579E2
1.336537018E1	1.896753136E3	-3.777813902E2
1.338205603E1	1.896699643E3	-3.660062986E2
1.339874189E1	1.896397497E3	-3.541291464E2
1.341542774E1	1.896381672E3	-3.449984532E2
1.343211360E1	1.896387004E3	-3.376717667E2
1.344879945E1	1.896444703E3	-3.297177654E2
1.346548531E1	1.896275497E3	-3.186631841E2
1.348217116E1	1.896084672E3	-3.060645357E2
1.349885702E1	1.896366410E3	-2.942200955E2
1.351554287E1	1.896248426E3	-2.841485437E2
1.353222873E1	1.896377638E3	-2.771485230E2
1.354891459E1	1.895821794E3	-2.716889348E2
1.356560044E1	1.895893719E3	-2.671178320E2
1.358228630E1	1.895766502E3	-2.617988262E2
1.359897215E1	1.895636550E3	-2.554727304E2
1.361565801E1	1.895688724E3	-2.499426018E2
1.363234386E1	1.895759871E3	-2.456247504E2
1.364902972E1	1.895663999E3	-2.432108936E2
1.366571557E1	1.895594622E3	-2.419409112E2
1.368240143E1	1.895531984E3	-2.410025725E2
1.369908728E1	1.895670682E3	-2.397819661E2
1.371577314E1	1.895694878E3	-2.382174149E2
1.373245899E1	1.895589598E3	-2.371274617E2
1.374914485E1	1.895541457E3	-2.364463032E2
1.376583071E1	1.895681181E3	-2.354893140E2
1.378251656E1	1.895592507E3	-2.340665841E2
1.379920242E1	1.895614164E3	-2.327934557E2
1.381588827E1	1.895651816E3	-2.309178589E2
1.383257413E1	1.895750594E3	-2.272953339E2
1.384925998E1	1.895615896E3	-2.225573657E2
1.386594584E1	1.895570622E3	-2.174301379E2
1.388263169E1	1.895728922E3	-2.121887371E2
1.389931755E1	1.895571681E3	-2.071151096E2
1.391600340E1	1.895553840E3	-2.021927164E2
1.393268926E1	1.895525042E3	-1.969392509E2
1.394937511E1	1.895444614E3	-1.906306457E2
1.396606097E1	1.895546764E3	-1.835188770E2
1.398274683E1	1.895427022E3	-1.766263677E2
1.399943268E1	1.895413611E3	-1.712019857E2
1.401611854E1	1.895484038E3	-1.659082344E2
1.403280439E1	1.895391507E3	-1.606643075E2
1.404949025E1	1.895569078E3	-1.559163529E2
1.406617610E1	1.895510172E3	-1.505621203E2
1.408286196E1	1.895504285E3	-1.452279721E2
1.409954781E1	1.895523496E3	-1.392216597E2
1.411623367E1	1.895469688E3	-1.338449541E2
1.413291952E1	1.895486233E3	-1.284445441E2
1.414960538E1	1.895581016E3	-1.230421286E2
1.416629123E1	1.895447745E3	-1.165921763E2
1.418297709E1	1.895499400E3	-1.098355669E2
1.419966295E1	1.895537342E3	-1.030993865E2
1.421634880E1	1.895468268E3	-9.706033878E1
1.423303466E1	1.895485136E3	-9.165995934E1
1.424972051E1	1.895505931E3	-8.648728467E1
1.426640637E1	1.895550403E3	-8.151559037E1
1.428309222E1	1.895407163E3	-7.549919563E1
1.429977808E1	1.895437699E3	-6.932238831E1
1.431646393E1	1.895389074E3	-6.318823481E1
1.433314979E1	1.895162397E3	-5.781788701E1
1.434983564E1	1.895343432E3	-5.165081213E1
1.436652150E1	1.895079752E3	-4.540625919E1
1.438320736E1	1.895124133E3	-3.866449682E1
1.439989321E1	1.894866198E3	-3.196827460E1
1.441657907E1	1.894799525E3	-2.558930487E1
1.443326492E1	1.894783744E3	-1.917288591E1
1.444995078E1	1.894776879E3	-1.327656017E1
1.446663663E1	1.894758431E3	-6.974350471E0
1.448332249E1	1.894690481E3	4.162422999E-1
1.450000834E1	1.894393869E3	8.255368783E0
1.451669420E1	1.894121966E3	1.626491291E1
1.453338005E1	1.894093001E3	2.427973040E1
1.455006591E1	1.894030763E3	3.255573609E1
1.456675176E1	1.894043461E3	4.101028143E1
1.458343762E1	1.893818177E3	4.971198093E1
1.460012348E1	1.893936258E3	5.790878932E1
1.461680933E1	1.893849458E3	6.764767200E1
1.463349519E1	1.894024219E3	7.816580388E1
1.465018104E1	1.893954124E3	8.753632350E1
1.466686690E1	1.893888984E3	9.454196225E1
1.468355275E1	1.893338336E3	1.009326277E2
1.470023861E1	1.893467162E3	1.074307520E2
1.471692446E1	1.893313360E3	1.144699600E2
1.473361032E1	1.893292261E3	1.217017654E2
1.475029617E1	1.893203217E3	1.284446841E2
1.476698203E1	1.893055926E3	1.331295107E2
1.478366788E1	1.893249228E3	1.359868300E2
1.480035374E1	1.893282696E3	1.379883591E2
1.481703960E1	1.893138417E3	1.392009231E2
1.483372545E1	1.893081129E3	1.397344709E2
1.485041131E1	1.893222253E3	1.397899941E2
1.486709716E1	1.893104353E3	1.399025997E2
1.488378302E1	1.893067208E3	1.399311659E2
1.490046887E1	1.893244578E3	1.397669020E2
1.491715473E1	1.893124389E3	1.398460249E2
1.493384058E1	1.893094995E3	1.399547755E2
1.495052644E1	1.893156177E3	1.399188483E2
1.496721229E1	1.893151548E3	1.399989036E2
1.498389815E1	1.893238202E3	1.398411094E2
1.500058400E1	1.893232983E3	1.398406086E2
1.501726986E1	1.893290892E3	1.398826336E2
1.503395572E1	1.893357945E3	1.398697975E2
1.505064157E1	1.893363039E3	1.398813307E2
1.506732743E1	1.893310570E3	1.398588761E2
1.508401328E1	1.893298730E3	1.398329335E2
1.510069914E1	1.893348106E3	1.398195837E2
1.511738499E1	1.893297629E3	1.398062685E2
1.513407085E1	1.893230322E3	1.398532693E2
1.515075670E1	1.893298405E3	1.398546816E2
1.516744256E1	1.893353972E3	1.397870783E2
1.518412841E1	1.893312206E3	1.398124830E2
