187-I_row-17_post-20_ref
t	x	y
3.213695750E1	1.509232180E3	-9.263309827E2
3.215364336E1	1.509230463E3	-9.171024088E2
3.217032921E1	1.509082369E3	-9.050485670E2
3.218701507E1	1.508679483E3	-8.918290814E2
3.220370092E1	1.508297255E3	-8.792968859E2
3.222038678E1	1.508238216E3	-8.684717584E2
3.223707263E1	1.507967226E3	-8.603889334E2
3.225375849E1	1.507934306E3	-8.541626615E2
3.227044434E1	1.507908193E3	-8.479650370E2
3.228713020E1	1.507711609E3	-8.406405935E2
3.230381606E1	1.507448224E3	-8.338322214E2
3.232050191E1	1.507387473E3	-8.279706777E2
3.233718777E1	1.507468025E3	-8.227185162E2
3.235387362E1	1.507607376E3	-8.193567721E2
3.237055948E1	1.507485778E3	-8.175895003E2
3.238724533E1	1.507179634E3	-8.168755881E2
3.240393119E1	1.507069160E3	-8.167774263E2
3.242061704E1	1.507294574E3	-8.167366584E2
3.243730290E1	1.507167511E3	-8.165848519E2
3.245398875E1	1.507238032E3	-8.151643307E2
3.247067461E1	1.506979311E3	-8.106954087E2
3.248736046E1	1.506901418E3	-8.045391182E2
3.250404632E1	1.506832093E3	-7.990406971E2
3.252073218E1	1.506684078E3	-7.949709577E2
3.253741803E1	1.506860828E3	-7.915267499E2
3.255410389E1	1.506838281E3	-7.867268417E2
3.257078974E1	1.506763381E3	-7.777335184E2
3.258747560E1	1.506692945E3	-7.665117705E2
3.260416145E1	1.506352711E3	-7.587316704E2
3.262084731E1	1.506410062E3	-7.540983972E2
3.263753316E1	1.506323761E3	-7.508624835E2
3.265421902E1	1.506063991E3	-7.471244595E2
3.267090487E1	1.506126399E3	-7.425901212E2
3.268759073E1	1.505610271E3	-7.363835481E2
3.270427658E1	1.505663952E3	-7.269931672E2
3.272096244E1	1.505429297E3	-7.156100064E2
3.273764830E1	1.505311029E3	-7.052028861E2
3.275433415E1	1.505173438E3	-6.973109676E2
3.277102001E1	1.505218457E3	-6.911871040E2
3.278770586E1	1.505322516E3	-6.849796895E2
3.280439172E1	1.505335628E3	-6.773238574E2
3.282107757E1	1.505262974E3	-6.688532432E2
3.283776343E1	1.505149979E3	-6.618092416E2
3.285444928E1	1.505266882E3	-6.573133869E2
3.287113514E1	1.505327243E3	-6.543619911E2
3.288782099E1	1.505196625E3	-6.518393467E2
3.290450685E1	1.505228802E3	-6.489760702E2
3.292119270E1	1.505147592E3	-6.459307553E2
3.293787856E1	1.505174434E3	-6.419913612E2
3.295456442E1	1.505135361E3	-6.373936696E2
3.297125027E1	1.505180108E3	-6.326433755E2
3.298793613E1	1.504746901E3	-6.266947721E2
3.300462198E1	1.504685647E3	-6.169303472E2
3.302130784E1	1.504549688E3	-6.081971150E2
3.303799369E1	1.504688618E3	-5.981057563E2
3.305467955E1	1.504609191E3	-5.858870708E2
3.307136540E1	1.504466913E3	-5.776782825E2
3.308805126E1	1.504392150E3	-5.722201177E2
3.310473711E1	1.504251558E3	-5.685154705E2
3.312142297E1	1.504465937E3	-5.664528287E2
3.313810883E1	1.504575385E3	-5.645153761E2
3.315479468E1	1.504611975E3	-5.626728819E2
3.317148054E1	1.504568261E3	-5.619983107E2
3.318816639E1	1.504572335E3	-5.618947287E2
3.320485225E1	1.504677015E3	-5.615184003E2
3.322153810E1	1.504651036E3	-5.601287527E2
3.323822396E1	1.504654338E3	-5.569881663E2
3.325490981E1	1.504598671E3	-5.528656311E2
3.327159567E1	1.504599615E3	-5.491397838E2
3.328828152E1	1.504455024E3	-5.451461592E2
3.330496738E1	1.504591062E3	-5.414389534E2
3.332165323E1	1.504490795E3	-5.356881811E2
3.333833909E1	1.504502482E3	-5.279780958E2
3.335502495E1	1.504419126E3	-5.218683095E2
3.337171080E1	1.504516790E3	-5.179821370E2
3.338839666E1	1.504338841E3	-5.133007706E2
3.340508251E1	1.504514444E3	-5.065735213E2
3.342176837E1	1.504566608E3	-4.982585489E2
3.343845422E1	1.504580788E3	-4.908320122E2
3.345514008E1	1.504484132E3	-4.826852138E2
3.347182593E1	1.504463952E3	-4.731198089E2
3.348851179E1	1.504451627E3	-4.619084703E2
3.350519764E1	1.504474367E3	-4.492362530E2
3.352188350E1	1.504592458E3	-4.341235935E2
3.353856935E1	1.504394213E3	-4.175344607E2
3.355525521E1	1.504099178E3	-4.036902304E2
3.357194107E1	1.503889068E3	-3.909369890E2
3.358862692E1	1.503829933E3	-3.776607788E2
3.360531278E1	1.503855831E3	-3.638053121E2
3.362199863E1	1.503838011E3	-3.493144541E2
3.363868449E1	1.503828957E3	-3.383735466E2
3.365537034E1	1.503815778E3	-3.295260725E2
3.367205620E1	1.503778618E3	-3.224488146E2
3.368874205E1	1.503689503E3	-3.156845862E2
3.370542791E1	1.503851616E3	-3.077370810E2
3.372211376E1	1.503900783E3	-2.984022890E2
3.373879962E1	1.503829221E3	-2.902904222E2
3.375548547E1	1.503850354E3	-2.840512094E2
3.377217133E1	1.503868744E3	-2.771820177E2
3.378885719E1	1.503770305E3	-2.709320709E2
3.380554304E1	1.503676042E3	-2.644038875E2
3.382222890E1	1.503586623E3	-2.584492202E2
3.383891475E1	1.503864705E3	-2.542834841E2
3.385560061E1	1.503870518E3	-2.512635507E2
3.387228646E1	1.503772909E3	-2.480960425E2
3.388897232E1	1.503774066E3	-2.453812169E2
3.390565817E1	1.503815257E3	-2.430417348E2
