187-I_row-17_post-22_ref
t	x	y
1.201381589E0	1.897624023E3	-5.697473071E2
1.218067444E0	1.897517303E3	-5.665631605E2
1.234753300E0	1.897653162E3	-5.634227124E2
1.251439155E0	1.897733282E3	-5.600999419E2
1.268125010E0	1.897572820E3	-5.564416775E2
1.284810866E0	1.897509322E3	-5.521134540E2
1.301496721E0	1.897659684E3	-5.474756497E2
1.318182577E0	1.897572791E3	-5.414459611E2
1.334868432E0	1.897553464E3	-5.343846230E2
1.351554287E0	1.897525413E3	-5.270690736E2
1.368240143E0	1.897569362E3	-5.218171908E2
1.384925998E0	1.897520207E3	-5.182981493E2
1.401611854E0	1.897475872E3	-5.157643496E2
1.418297709E0	1.897656556E3	-5.138277246E2
1.434983564E0	1.897484422E3	-5.114705204E2
1.451669420E0	1.897583463E3	-5.100185506E2
1.468355275E0	1.897620581E3	-5.085006861E2
1.485041131E0	1.897422987E3	-5.078123298E2
1.501726986E0	1.897631582E3	-5.070216416E2
1.518412841E0	1.897642232E3	-5.066656941E2
1.535098697E0	1.897551724E3	-5.061561890E2
1.551784552E0	1.897493642E3	-5.059999178E2
1.568470408E0	1.897505133E3	-5.058718635E2
1.585156263E0	1.897520771E3	-5.057849219E2
1.601842118E0	1.897665913E3	-5.055919185E2
1.618527974E0	1.897605470E3	-5.053011891E2
1.635213829E0	1.897576908E3	-5.046142382E2
1.651899685E0	1.897599418E3	-5.044701344E2
1.668585540E0	1.897629466E3	-5.039823776E2
1.685271395E0	1.897653470E3	-5.041254839E2
1.701957251E0	1.897645964E3	-5.039537543E2
1.718643106E0	1.897687378E3	-5.038877999E2
1.735328962E0	1.897584223E3	-5.038167801E2
1.752014817E0	1.897631311E3	-5.039951954E2
1.768700672E0	1.897599755E3	-5.037108794E2
1.785386528E0	1.897601652E3	-5.031576571E2
1.802072383E0	1.897673799E3	-5.015800455E2
1.818758239E0	1.897647643E3	-4.989855744E2
1.835444094E0	1.897647509E3	-4.962119581E2
1.852129949E0	1.897624632E3	-4.924380580E2
1.868815805E0	1.897626892E3	-4.887498489E2
1.885501660E0	1.897601485E3	-4.854552141E2
1.902187516E0	1.897599862E3	-4.823818305E2
1.918873371E0	1.897585157E3	-4.784967715E2
1.935559226E0	1.897565991E3	-4.740251105E2
1.952245082E0	1.897551437E3	-4.693408407E2
1.968930937E0	1.897544939E3	-4.654627018E2
1.985616793E0	1.897467616E3	-4.631237571E2
2.002302648E0	1.897576338E3	-4.615897848E2
2.018988503E0	1.897388219E3	-4.600104814E2
2.035674359E0	1.897590266E3	-4.578734073E2
2.052360214E0	1.897651550E3	-4.553510635E2
2.069046070E0	1.897515770E3	-4.522131055E2
2.085731925E0	1.897681620E3	-4.489430092E2
2.102417780E0	1.897607327E3	-4.462272628E2
2.119103636E0	1.897531191E3	-4.427980629E2
2.135789491E0	1.897630770E3	-4.391973655E2
2.152475347E0	1.897507370E3	-4.348559439E2
2.169161202E0	1.897566935E3	-4.302371687E2
2.185847057E0	1.897498897E3	-4.274939958E2
2.202532913E0	1.897556482E3	-4.257952045E2
2.219218768E0	1.897567553E3	-4.247977502E2
2.235904624E0	1.897562588E3	-4.225434393E2
2.252590479E0	1.897606232E3	-4.191995247E2
2.269276334E0	1.897556715E3	-4.151506784E2
2.285962190E0	1.897571916E3	-4.110191722E2
2.302648045E0	1.897586773E3	-4.071360615E2
2.319333901E0	1.897507958E3	-4.026643738E2
2.336019756E0	1.897690052E3	-3.992451567E2
2.352705611E0	1.897544287E3	-3.957261378E2
2.369391467E0	1.897486558E3	-3.926467692E2
2.386077322E0	1.897558094E3	-3.884867139E2
2.402763178E0	1.897632613E3	-3.836093013E2
2.419449033E0	1.897487896E3	-3.783234517E2
2.436134888E0	1.897484738E3	-3.727971334E2
2.452820744E0	1.897457912E3	-3.681390147E2
2.469506599E0	1.897454788E3	-3.643866501E2
2.486192455E0	1.897409424E3	-3.617962292E2
2.502878310E0	1.897565124E3	-3.590733243E2
2.519564165E0	1.897502583E3	-3.564735648E2
2.536250021E0	1.897558022E3	-3.543440095E2
2.552935876E0	1.897575689E3	-3.521582782E2
2.569621732E0	1.897613874E3	-3.497356073E2
2.586307587E0	1.897494243E3	-3.468839177E2
2.602993442E0	1.897581951E3	-3.437007165E2
2.619679298E0	1.897510796E3	-3.390826832E2
2.636365153E0	1.897567176E3	-3.337394896E2
2.653051009E0	1.897490414E3	-3.276765363E2
2.669736864E0	1.897414258E3	-3.224695905E2
2.686422719E0	1.897523272E3	-3.184715931E2
2.703108575E0	1.897586740E3	-3.145192121E2
2.719794430E0	1.897526168E3	-3.103627317E2
2.736480286E0	1.897530088E3	-3.059879821E2
2.753166141E0	1.897585541E3	-3.015281578E2
2.769851996E0	1.897583477E3	-2.967314609E2
2.786537852E0	1.897474264E3	-2.900917464E2
2.803223707E0	1.897499505E3	-2.826165574E2
2.819909563E0	1.897498974E3	-2.761530586E2
2.836595418E0	1.897457702E3	-2.703013548E2
2.853281273E0	1.897076226E3	-2.660869774E2
2.869967129E0	1.897073863E3	-2.625338951E2
2.886652984E0	1.896949863E3	-2.586735595E2
2.903338840E0	1.896947508E3	-2.539123996E2
2.920024695E0	1.896959423E3	-2.494658512E2
2.936710550E0	1.897061963E3	-2.459396066E2
2.953396406E0	1.896794378E3	-2.424030761E2
2.970082261E0	1.896910184E3	-2.386126265E2
2.986768117E0	1.896878315E3	-2.344113526E2
3.003453972E0	1.896847924E3	-2.308506509E2
3.020139827E0	1.896773031E3	-2.264913378E2
3.036825683E0	1.896803397E3	-2.224615537E2
3.053511538E0	1.896833201E3	-2.180210723E2
3.070197394E0	1.896720666E3	-2.135577106E2
3.086883249E0	1.896835609E3	-2.096962688E2
3.103569104E0	1.896854111E3	-2.065712053E2
3.120254960E0	1.896784849E3	-2.040108840E2
3.136940815E0	1.896807793E3	-2.014475286E2
3.153626671E0	1.896653250E3	-1.980769713E2
3.170312526E0	1.896296805E3	-1.942358719E2
3.186998381E0	1.896568988E3	-1.887625150E2
3.203684237E0	1.896520052E3	-1.841484325E2
3.220370092E0	1.896539842E3	-1.806204850E2
3.237055948E0	1.896862515E3	-1.775456616E2
3.253741803E0	1.896743842E3	-1.731434458E2
3.270427658E0	1.896647947E3	-1.682789009E2
3.287113514E0	1.896491524E3	-1.634892410E2
3.303799369E0	1.896777977E3	-1.589850796E2
3.320485225E0	1.896669162E3	-1.545858543E2
3.337171080E0	1.896772318E3	-1.519726709E2
3.353856935E0	1.896721723E3	-1.496197615E2
3.370542791E0	1.896949694E3	-1.470237853E2
3.387228646E0	1.896686303E3	-1.435620064E2
3.403914502E0	1.896735197E3	-1.403976084E2
3.420600357E0	1.896783751E3	-1.374202780E2
3.437286212E0	1.896734735E3	-1.344901449E2
3.453972068E0	1.896738307E3	-1.321675539E2
3.470657923E0	1.896840454E3	-1.290491164E2
3.487343779E0	1.896707262E3	-1.251591912E2
3.504029634E0	1.896857409E3	-1.209418096E2
3.520715489E0	1.896761896E3	-1.170027332E2
3.537401345E0	1.896740390E3	-1.138970152E2
3.554087200E0	1.896786993E3	-1.107368692E2
3.570773056E0	1.896740864E3	-1.074330439E2
3.587458911E0	1.896837956E3	-1.041042824E2
3.604144766E0	1.896817072E3	-1.003485299E2
3.620830622E0	1.896702720E3	-9.629334625E1
3.637516477E0	1.896570717E3	-9.240200115E1
3.654202333E0	1.896788739E3	-8.863599416E1
3.670888188E0	1.896780023E3	-8.409160780E1
3.687574043E0	1.896782752E3	-7.961807159E1
3.704259899E0	1.896788959E3	-7.547565945E1
3.720945754E0	1.896671323E3	-7.165877743E1
3.737631610E0	1.896750452E3	-6.856460138E1
3.754317465E0	1.896353372E3	-6.549758889E1
3.771003320E0	1.896382016E3	-6.184957974E1
3.787689176E0	1.896124553E3	-5.848243816E1
3.804375031E0	1.896282719E3	-5.486660003E1
3.821060887E0	1.896128521E3	-5.027277277E1
3.837746742E0	1.896211031E3	-4.500202604E1
3.854432597E0	1.896038476E3	-3.954707380E1
3.871118453E0	1.896013598E3	-3.493217723E1
3.887804308E0	1.896114162E3	-3.123089663E1
3.904490164E0	1.896061026E3	-2.747444942E1
3.921176019E0	1.895814080E3	-2.277268630E1
3.937861874E0	1.895862608E3	-1.771944284E1
3.954547730E0	1.895867947E3	-1.263766269E1
3.971233585E0	1.895777022E3	-6.384317385E0
3.987919441E0	1.895641304E3	4.073402969E-1
4.004605296E0	1.895398112E3	7.404742540E0
4.021291151E0	1.895334825E3	1.410762054E1
4.037977007E0	1.895251760E3	2.124149313E1
4.054662862E0	1.895278388E3	2.785095339E1
4.071348718E0	1.895139387E3	3.494880424E1
4.088034573E0	1.895165521E3	4.456877436E1
4.104720428E0	1.895051108E3	5.487559627E1
4.121406284E0	1.895048246E3	6.471359183E1
4.138092139E0	1.894612361E3	7.346495700E1
4.154777995E0	1.894507889E3	8.331963800E1
4.171463850E0	1.894427845E3	9.458684289E1
4.188149705E0	1.894034775E3	1.060184934E2
4.204835561E0	1.893749082E3	1.170195090E2
4.221521416E0	1.893630556E3	1.269716111E2
4.238207272E0	1.893741253E3	1.358028927E2
4.254893127E0	1.893508034E3	1.436998508E2
4.271578982E0	1.893482619E3	1.514468456E2
4.288264838E0	1.893123501E3	1.579006926E2
4.304950693E0	1.891982522E3	1.579006926E2
4.321636549E0	1.891639149E3	1.579006926E2
