187-I_row-17_post-20_wire
t	x	y
3.213695750E1	1.491384121E3	-4.960422371E2
3.215364336E1	1.490669884E3	-4.876466899E2
3.217032921E1	1.490029023E3	-4.767248129E2
3.218701507E1	1.490179358E3	-4.640250735E2
3.220370092E1	1.490841770E3	-4.517935610E2
3.222038678E1	1.491333216E3	-4.412383347E2
3.223707263E1	1.490217011E3	-4.333539145E2
3.225375849E1	1.489167826E3	-4.275289129E2
3.227044434E1	1.488874963E3	-4.214983399E2
3.228713020E1	1.489931364E3	-4.148202778E2
3.230381606E1	1.490983102E3	-4.079434747E2
3.232050191E1	1.490675569E3	-4.018982976E2
3.233718777E1	1.488524433E3	-3.970562372E2
3.235387362E1	1.487829999E3	-3.939769489E2
3.237055948E1	1.488195760E3	-3.921061510E2
3.238724533E1	1.490495101E3	-3.910666275E2
3.240393119E1	1.490837073E3	-3.909688073E2
3.242061704E1	1.490041218E3	-3.908774436E2
3.243730290E1	1.488126909E3	-3.910838554E2
3.245398875E1	1.487793839E3	-3.896425219E2
3.247067461E1	1.489336700E3	-3.856744019E2
3.248736046E1	1.490674293E3	-3.797541225E2
3.250404632E1	1.490067092E3	-3.741215129E2
3.252073218E1	1.488041769E3	-3.703950799E2
3.253741803E1	1.487070006E3	-3.666941102E2
3.255410389E1	1.488123192E3	-3.624767004E2
3.257078974E1	1.489739500E3	-3.541705827E2
3.258747560E1	1.489791541E3	-3.433849232E2
3.260416145E1	1.487485291E3	-3.357792689E2
3.262084731E1	1.486512816E3	-3.312515415E2
3.263753316E1	1.486981207E3	-3.280302733E2
3.265421902E1	1.488513028E3	-3.243644123E2
3.267090487E1	1.489772131E3	-3.198746362E2
3.268759073E1	1.488266070E3	-3.143368079E2
3.270427658E1	1.485536591E3	-3.054048830E2
3.272096244E1	1.485371429E3	-2.945988400E2
3.273764830E1	1.486193169E3	-2.840609584E2
3.275433415E1	1.487438346E3	-2.760956865E2
3.277102001E1	1.486692585E3	-2.700668860E2
3.278770586E1	1.484743312E3	-2.643769126E2
3.280439172E1	1.484464681E3	-2.572278665E2
3.282107757E1	1.484947141E3	-2.487497476E2
3.283776343E1	1.486593205E3	-2.415598719E2
3.285444928E1	1.486858595E3	-2.367898726E2
3.287113514E1	1.484994607E3	-2.338974817E2
3.288782099E1	1.484069647E3	-2.316838372E2
3.290450685E1	1.484456036E3	-2.291708975E2
3.292119270E1	1.485971354E3	-2.259353342E2
3.293787856E1	1.486636005E3	-2.219287291E2
3.295456442E1	1.485212631E3	-2.176835728E2
3.297125027E1	1.483624540E3	-2.133074923E2
3.298793613E1	1.483430063E3	-2.077963423E2
3.300462198E1	1.484092445E3	-1.985613511E2
3.302130784E1	1.484274733E3	-1.894335660E2
3.303799369E1	1.483262225E3	-1.803510179E2
3.305467955E1	1.482714370E3	-1.683493780E2
3.307136540E1	1.482776662E3	-1.596580904E2
3.308805126E1	1.482928680E3	-1.539898210E2
3.310473711E1	1.483862956E3	-1.503723838E2
3.312142297E1	1.484056822E3	-1.480791140E2
3.313810883E1	1.483427059E3	-1.465156347E2
3.315479468E1	1.482508745E3	-1.447539894E2
3.317148054E1	1.482840972E3	-1.440146464E2
3.318816639E1	1.483887131E3	-1.436954398E2
3.320485225E1	1.485114481E3	-1.432092956E2
3.322153810E1	1.484988914E3	-1.420362857E2
3.323822396E1	1.483431315E3	-1.394416814E2
3.325490981E1	1.482603522E3	-1.355412605E2
3.327159567E1	1.483074678E3	-1.316143504E2
3.328828152E1	1.483512107E3	-1.275731760E2
3.330496738E1	1.483407471E3	-1.237702924E2
3.332165323E1	1.482232388E3	-1.189595860E2
3.333833909E1	1.482167273E3	-1.113808564E2
3.335502495E1	1.482359281E3	-1.049862928E2
3.337171080E1	1.482852062E3	-1.010194007E2
3.338839666E1	1.482841486E3	-9.671992543E1
3.340508251E1	1.482079160E3	-9.052607443E1
3.342176837E1	1.482173766E3	-8.239032224E1
3.343845422E1	1.482343939E3	-7.506915969E1
3.345514008E1	1.482397598E3	-6.716196073E1
3.347182593E1	1.482203667E3	-5.778320837E1
3.348851179E1	1.482017121E3	-4.700305231E1
3.350519764E1	1.481988016E3	-3.473881749E1
3.352188350E1	1.482349793E3	-2.000110342E1
3.353856935E1	1.482579386E3	-3.582453104E0
3.355525521E1	1.482520491E3	1.011661334E1
3.357194107E1	1.482376815E3	2.277807807E1
3.358862692E1	1.482188072E3	3.568200976E1
3.360531278E1	1.482304857E3	4.934191491E1
3.362199863E1	1.482051942E3	6.347116437E1
3.363868449E1	1.482165836E3	7.470074677E1
3.365537034E1	1.482025610E3	8.337169101E1
3.367205620E1	1.482220924E3	9.015516243E1
3.368874205E1	1.481479226E3	9.659237907E1
3.370542791E1	1.482242297E3	1.042999800E2
3.372211376E1	1.482360265E3	1.130640096E2
3.373879962E1	1.482037136E3	1.208985531E2
3.375548547E1	1.481938286E3	1.270292935E2
3.377217133E1	1.482110249E3	1.334817727E2
3.378885719E1	1.481513993E3	1.381210786E2
