187-I_row-16_post-20_ref
t	x	y
6.162086399E1	1.596327607E3	-8.976828472E2
6.163754985E1	1.596219172E3	-8.870316624E2
6.165423570E1	1.596016015E3	-8.770460591E2
6.167092156E1	1.595793337E3	-8.656249009E2
6.168760742E1	1.595434041E3	-8.539619486E2
6.170429327E1	1.595491525E3	-8.425593970E2
6.172097913E1	1.594907036E3	-8.314794538E2
6.173766498E1	1.594647381E3	-8.231251308E2
6.175435084E1	1.594818495E3	-8.157312211E2
6.177103669E1	1.594807251E3	-8.086821411E2
6.178772255E1	1.594636165E3	-8.016390059E2
6.180440840E1	1.594649411E3	-7.941747296E2
6.182109426E1	1.594156142E3	-7.853242414E2
6.183778011E1	1.594009852E3	-7.760756333E2
6.185446597E1	1.593895080E3	-7.673365665E2
6.187115182E1	1.593925684E3	-7.603712607E2
6.188783768E1	1.593637848E3	-7.559390739E2
6.190452354E1	1.593425748E3	-7.522815883E2
6.192120939E1	1.593374941E3	-7.483649454E2
6.193789525E1	1.593267213E3	-7.436236851E2
6.195458110E1	1.593220784E3	-7.385923603E2
6.197126696E1	1.593097014E3	-7.328491938E2
6.198795281E1	1.593152888E3	-7.282308099E2
6.200463867E1	1.593065630E3	-7.238841673E2
6.202132452E1	1.593085620E3	-7.197566308E2
6.203801038E1	1.592941145E3	-7.144565179E2
6.205469623E1	1.592847094E3	-7.084148592E2
6.207138209E1	1.592518880E3	-7.008327976E2
6.208806794E1	1.592475722E3	-6.929578401E2
6.210475380E1	1.592375871E3	-6.845836431E2
6.212143966E1	1.592379975E3	-6.767225471E2
6.213812551E1	1.592187765E3	-6.701434061E2
6.215481137E1	1.592418806E3	-6.646643179E2
6.217149722E1	1.592302693E3	-6.601873756E2
6.218818308E1	1.592295686E3	-6.567048222E2
6.220486893E1	1.592297396E3	-6.521097398E2
6.222155479E1	1.592097351E3	-6.462217404E2
6.223824064E1	1.592136000E3	-6.397594985E2
6.225492650E1	1.591931630E3	-6.341843107E2
6.227161235E1	1.592106452E3	-6.308279701E2
6.228829821E1	1.591885420E3	-6.284065167E2
6.230498407E1	1.591905080E3	-6.255964564E2
6.232166992E1	1.591886130E3	-6.209529150E2
6.233835578E1	1.591709790E3	-6.136047811E2
6.235504163E1	1.591702305E3	-6.049588228E2
6.237172749E1	1.591625066E3	-5.973343252E2
6.238841334E1	1.591551435E3	-5.928903626E2
6.240509920E1	1.591602052E3	-5.897047638E2
6.242178505E1	1.591565738E3	-5.866588761E2
6.243847091E1	1.591669153E3	-5.833249775E2
6.245515676E1	1.591699959E3	-5.788348087E2
6.247184262E1	1.591517317E3	-5.728600727E2
6.248852847E1	1.591424629E3	-5.667845404E2
6.250521433E1	1.591546012E3	-5.616330431E2
6.252190019E1	1.591530725E3	-5.574822873E2
6.253858604E1	1.591732022E3	-5.530889687E2
6.255527190E1	1.591653150E3	-5.476279964E2
6.257195775E1	1.591680749E3	-5.420365285E2
6.258864361E1	1.591570762E3	-5.366473103E2
6.260532946E1	1.591708973E3	-5.311816151E2
6.262201532E1	1.591661501E3	-5.261728691E2
6.263870117E1	1.591582349E3	-5.220895412E2
6.265538703E1	1.591108359E3	-5.168758144E2
6.267207288E1	1.591237260E3	-5.097691472E2
6.268875874E1	1.591075919E3	-5.008713947E2
6.270544459E1	1.591149481E3	-4.920217688E2
6.272213045E1	1.591099451E3	-4.861603617E2
6.273881631E1	1.591071237E3	-4.818561228E2
6.275550216E1	1.591023461E3	-4.779262847E2
6.277218802E1	1.591068429E3	-4.730215041E2
6.278887387E1	1.590944917E3	-4.675740420E2
6.280555973E1	1.590959981E3	-4.625974403E2
6.282224558E1	1.590896545E3	-4.584594248E2
6.283893144E1	1.590861198E3	-4.553578463E2
6.285561729E1	1.590951557E3	-4.519554596E2
6.287230315E1	1.590895509E3	-4.491133812E2
6.288898900E1	1.590881969E3	-4.468390854E2
6.290567486E1	1.590759274E3	-4.452558755E2
6.292236071E1	1.590882778E3	-4.437550728E2
6.293904657E1	1.590860405E3	-4.415620260E2
6.295573243E1	1.590905529E3	-4.379384196E2
6.297241828E1	1.590852618E3	-4.336398974E2
6.298910414E1	1.590920092E3	-4.302072640E2
6.300578999E1	1.590931806E3	-4.280185150E2
6.302247585E1	1.590887337E3	-4.262435354E2
6.303916170E1	1.590884564E3	-4.227833060E2
6.305584756E1	1.590900287E3	-4.182617037E2
6.307253341E1	1.590881551E3	-4.139097200E2
6.308921927E1	1.590887775E3	-4.103959952E2
6.310590512E1	1.590844417E3	-4.073725348E2
6.312259098E1	1.590973752E3	-4.048532837E2
6.313927684E1	1.590875932E3	-4.033224411E2
6.315596269E1	1.590857650E3	-4.020109100E2
6.317264855E1	1.590926280E3	-4.000881788E2
6.318933440E1	1.590950728E3	-3.950312246E2
6.320602026E1	1.590940540E3	-3.883283979E2
6.322270611E1	1.590924099E3	-3.827966002E2
6.323939197E1	1.590865709E3	-3.788672623E2
6.325607782E1	1.590829523E3	-3.758363746E2
6.327276368E1	1.590908780E3	-3.727623669E2
6.328944953E1	1.590926800E3	-3.693174806E2
6.330613539E1	1.590935743E3	-3.664432150E2
6.332282124E1	1.590813187E3	-3.637434911E2
6.333950710E1	1.590913532E3	-3.607154171E2
6.335619296E1	1.590900743E3	-3.575176628E2
6.337287881E1	1.590934356E3	-3.548410614E2
6.338956467E1	1.590940867E3	-3.528894198E2
6.340625052E1	1.590951949E3	-3.512642169E2
6.342293638E1	1.590931508E3	-3.492280716E2
6.343962223E1	1.590919078E3	-3.460281452E2
6.345630809E1	1.590852443E3	-3.418829598E2
6.347299394E1	1.591010480E3	-3.382207755E2
6.348967980E1	1.590985076E3	-3.360858245E2
6.350636565E1	1.590969755E3	-3.352055957E2
6.352305151E1	1.590935876E3	-3.336184461E2
6.353973736E1	1.590946281E3	-3.313695184E2
6.355642322E1	1.590831943E3	-3.288653050E2
6.357310908E1	1.590829408E3	-3.273464409E2
6.358979493E1	1.590975448E3	-3.267793009E2
6.360648079E1	1.590885089E3	-3.260212815E2
6.362316664E1	1.590935968E3	-3.245107730E2
6.363985250E1	1.590770916E3	-3.221901908E2
6.365653835E1	1.590863778E3	-3.205438889E2
6.367322421E1	1.590862585E3	-3.191550768E2
6.368991006E1	1.590917612E3	-3.177257756E2
6.370659592E1	1.590745529E3	-3.160058239E2
6.372328177E1	1.590949405E3	-3.142131405E2
6.373996763E1	1.590881115E3	-3.131579255E2
6.375665348E1	1.591003940E3	-3.124473008E2
6.377333934E1	1.590935842E3	-3.118773093E2
6.379002520E1	1.590952087E3	-3.115382399E2
6.380671105E1	1.590920051E3	-3.113851978E2
6.382339691E1	1.590860365E3	-3.113313825E2
6.384008276E1	1.590816275E3	-3.110215325E2
6.385676862E1	1.590905596E3	-3.097663758E2
6.387345447E1	1.590965843E3	-3.069579501E2
6.389014033E1	1.590931921E3	-3.043638817E2
6.390682618E1	1.590941485E3	-3.033885240E2
6.392351204E1	1.590905297E3	-3.030152034E2
6.394019789E1	1.590924520E3	-3.031445604E2
6.395688375E1	1.590890777E3	-3.029851085E2
6.397356961E1	1.590814880E3	-3.029230932E2
6.399025546E1	1.590677055E3	-3.026226257E2
6.400694132E1	1.590756819E3	-3.023534644E2
6.402362717E1	1.590813408E3	-3.023085267E2
6.404031303E1	1.590850527E3	-3.022701153E2
6.405699888E1	1.590821608E3	-3.022382975E2
6.407368474E1	1.591086129E3	-3.020552214E2
6.409037059E1	1.591663706E3	-3.021655828E2
6.410705645E1	1.591909702E3	-3.020970315E2
6.412374230E1	1.592582461E3	-3.021164583E2
6.414042816E1	1.593214347E3	-3.021542056E2
6.415711401E1	1.594085112E3	-3.019933536E2
6.417379987E1	1.595275485E3	-3.021206116E2
6.419048573E1	1.596292537E3	-3.018470670E2
6.420717158E1	1.597759852E3	-3.016719035E2
6.422385744E1	1.599429216E3	-3.016639549E2
6.424054329E1	1.601559126E3	-3.015557416E2
6.425722915E1	1.604722871E3	-3.015185702E2
6.427391500E1	1.609352949E3	-3.009419574E2
6.429060086E1	1.614862615E3	-3.008810106E2
6.430728671E1	1.621838769E3	-3.006236528E2
6.432397257E1	1.631642788E3	-3.003377520E2
