187-I_row-16_post-20_wire
t	x	y
6.162086399E1	1.588942598E3	-4.996822149E2
6.163754985E1	1.588732338E3	-4.909391544E2
6.165423570E1	1.588549690E3	-4.815593055E2
6.167092156E1	1.588496181E3	-4.708275329E2
6.168760742E1	1.588372590E3	-4.594023559E2
6.170429327E1	1.588490337E3	-4.484239877E2
6.172097913E1	1.587608910E3	-4.374967616E2
6.173766498E1	1.587430421E3	-4.292256868E2
6.175435084E1	1.587538065E3	-4.222373978E2
6.177103669E1	1.587505796E3	-4.151335945E2
6.178772255E1	1.587486605E3	-4.085107649E2
6.180440840E1	1.587487388E3	-4.010768326E2
6.182109426E1	1.587193729E3	-3.925309533E2
6.183778011E1	1.587018594E3	-3.836831466E2
6.185446597E1	1.586750905E3	-3.752565809E2
6.187115182E1	1.586631014E3	-3.682773488E2
6.188783768E1	1.586441728E3	-3.637950900E2
6.190452354E1	1.586628569E3	-3.602361179E2
6.192120939E1	1.586678382E3	-3.565403942E2
6.193789525E1	1.586402800E3	-3.518566781E2
6.195458110E1	1.586483579E3	-3.470846123E2
6.197126696E1	1.586338741E3	-3.413343793E2
6.198795281E1	1.586490622E3	-3.366395183E2
6.200463867E1	1.586625807E3	-3.325260766E2
6.202132452E1	1.586756055E3	-3.282656100E2
6.203801038E1	1.586101171E3	-3.232555573E2
6.205469623E1	1.586106154E3	-3.173666247E2
6.207138209E1	1.585894286E3	-3.101828647E2
6.208806794E1	1.585879797E3	-3.021804034E2
6.210475380E1	1.585902081E3	-2.939769982E2
6.212143966E1	1.585870581E3	-2.862594274E2
6.213812551E1	1.585749026E3	-2.796598219E2
6.215481137E1	1.586136627E3	-2.739798573E2
6.217149722E1	1.586253423E3	-2.696638272E2
6.218818308E1	1.586539575E3	-2.660815570E2
6.220486893E1	1.586541075E3	-2.614506925E2
6.222155479E1	1.585856741E3	-2.558251514E2
6.223824064E1	1.585898534E3	-2.495911515E2
6.225492650E1	1.585700077E3	-2.440868049E2
6.227161235E1	1.586192199E3	-2.403708076E2
6.228829821E1	1.586674840E3	-2.379043639E2
6.230498407E1	1.586486672E3	-2.353067731E2
6.232166992E1	1.585953385E3	-2.307464620E2
6.233835578E1	1.585745872E3	-2.238933145E2
6.235504163E1	1.585646563E3	-2.153246317E2
6.237172749E1	1.585872894E3	-2.076781028E2
6.238841334E1	1.585696353E3	-2.029928725E2
6.240509920E1	1.585789926E3	-1.998536027E2
6.242178505E1	1.585905322E3	-1.970092330E2
6.243847091E1	1.585946175E3	-1.934909899E2
6.245515676E1	1.585979371E3	-1.893855232E2
6.247184262E1	1.585670095E3	-1.833533178E2
6.248852847E1	1.585628756E3	-1.772447692E2
6.250521433E1	1.585803962E3	-1.722874681E2
6.252190019E1	1.585613247E3	-1.680074608E2
6.253858604E1	1.585847250E3	-1.639939129E2
6.255527190E1	1.585811068E3	-1.586847861E2
6.257195775E1	1.586049953E3	-1.532590953E2
6.258864361E1	1.585850949E3	-1.476259552E2
6.260532946E1	1.586369247E3	-1.421839671E2
6.262201532E1	1.586143599E3	-1.372581096E2
6.263870117E1	1.586037173E3	-1.330671038E2
6.265538703E1	1.585966590E3	-1.280728082E2
6.267207288E1	1.585716986E3	-1.212925922E2
6.268875874E1	1.585610103E3	-1.127674651E2
6.270544459E1	1.585690848E3	-1.038000924E2
6.272213045E1	1.585745973E3	-9.763307761E1
6.273881631E1	1.585791400E3	-9.339538021E1
6.275550216E1	1.585868070E3	-8.973045487E1
6.277218802E1	1.585572016E3	-8.500049714E1
6.278887387E1	1.585929845E3	-7.955052391E1
6.280555973E1	1.585923892E3	-7.472393908E1
6.282224558E1	1.585639386E3	-7.038716059E1
6.283893144E1	1.585492947E3	-6.729736655E1
6.285561729E1	1.585702368E3	-6.403841095E1
6.287230315E1	1.585987497E3	-6.089018650E1
6.288898900E1	1.586029684E3	-5.869391349E1
6.290567486E1	1.585962504E3	-5.679847690E1
6.292236071E1	1.585800320E3	-5.531751188E1
6.293904657E1	1.585752580E3	-5.336571044E1
6.295573243E1	1.585791110E3	-4.992454604E1
6.297241828E1	1.585705349E3	-4.600311209E1
6.298910414E1	1.585498908E3	-4.223480332E1
6.300578999E1	1.585723281E3	-4.006438260E1
6.302247585E1	1.585188451E3	-3.833777933E1
6.303916170E1	1.585402872E3	-3.526738329E1
6.305584756E1	1.585682648E3	-3.081048006E1
6.307253341E1	1.585651370E3	-2.630047607E1
6.308921927E1	1.585612839E3	-2.297884998E1
6.310590512E1	1.585797382E3	-1.992261933E1
6.312259098E1	1.585805462E3	-1.723780059E1
6.313927684E1	1.585842276E3	-1.564806247E1
6.315596269E1	1.585559002E3	-1.452957276E1
6.317264855E1	1.586094245E3	-1.247455111E1
6.318933440E1	1.585913699E3	-7.915725222E0
6.320602026E1	1.585528287E3	-1.536152012E0
6.322270611E1	1.585783352E3	3.860562336E0
6.323939197E1	1.585334536E3	7.727718425E0
6.325607782E1	1.585276586E3	1.074806193E1
6.327276368E1	1.585309863E3	1.378941922E1
6.328944953E1	1.585147957E3	1.695386631E1
6.330613539E1	1.585151991E3	1.986385018E1
6.332282124E1	1.585235569E3	2.225814387E1
6.333950710E1	1.585079596E3	2.522233129E1
6.335619296E1	1.585029523E3	2.832380507E1
6.337287881E1	1.585202455E3	3.110528029E1
6.338956467E1	1.585020231E3	3.301327803E1
6.340625052E1	1.584658665E3	3.441627064E1
6.342293638E1	1.584424500E3	3.609985060E1
6.343962223E1	1.584312590E3	3.907349690E1
6.345630809E1	1.584239048E3	4.312924724E1
6.347299394E1	1.584424839E3	4.672838953E1
6.348967980E1	1.584336742E3	4.884627415E1
6.350636565E1	1.584407886E3	4.969834079E1
6.352305151E1	1.584302499E3	5.138728098E1
6.353973736E1	1.584620641E3	5.358448353E1
6.355642322E1	1.584913803E3	5.606609456E1
6.357310908E1	1.584625660E3	5.750539928E1
6.358979493E1	1.584182172E3	5.820744622E1
6.360648079E1	1.584316385E3	5.893089527E1
6.362316664E1	1.584801822E3	6.045471758E1
6.363985250E1	1.585152192E3	6.272542298E1
6.365653835E1	1.585087655E3	6.451081215E1
6.367322421E1	1.584547155E3	6.551469175E1
6.368991006E1	1.584020610E3	6.668673899E1
6.370659592E1	1.584521326E3	6.858678735E1
6.372328177E1	1.584934896E3	7.049168188E1
6.373996763E1	1.585733815E3	7.179971105E1
6.375665348E1	1.585000715E3	7.210197260E1
6.377333934E1	1.584172431E3	7.261564607E1
6.379002520E1	1.584281852E3	7.281428642E1
6.380671105E1	1.585175065E3	7.333305681E1
6.382339691E1	1.585489659E3	7.350499667E1
6.384008276E1	1.585057390E3	7.363447718E1
6.385676862E1	1.584608317E3	7.483072182E1
6.387345447E1	1.584198452E3	7.715471070E1
6.389014033E1	1.584333117E3	7.970496345E1
6.390682618E1	1.585030685E3	8.111603500E1
6.392351204E1	1.584484587E3	8.116247120E1
6.394019789E1	1.583845219E3	8.104442813E1
6.395688375E1	1.584032857E3	8.125216349E1
6.397356961E1	1.584270520E3	8.129443136E1
6.399025546E1	1.584804265E3	8.187150587E1
6.400694132E1	1.584103179E3	8.191458800E1
6.402362717E1	1.583855789E3	8.190834266E1
6.404031303E1	1.583708703E3	8.198828862E1
6.405699888E1	1.584118404E3	8.200296091E1
6.407368474E1	1.584179936E3	8.198634857E1
6.409037059E1	1.584289253E3	8.192283613E1
6.410705645E1	1.584563878E3	8.190448403E1
6.412374230E1	1.585453326E3	8.192912439E1
6.414042816E1	1.585850192E3	8.204704101E1
6.415711401E1	1.586449664E3	8.196667650E1
6.417379987E1	1.587080136E3	8.192717159E1
6.419048573E1	1.588515684E3	8.193033459E1
6.420717158E1	1.589890670E3	8.203723700E1
6.422385744E1	1.592040490E3	8.207616745E1
6.424054329E1	1.593492881E3	8.205249500E1
6.425722915E1	1.597169585E3	8.191420870E1
