187-I_row-17_post-19_wire
t	x	y
3.917838848E1	1.478873347E3	-4.953545094E2
3.919507434E1	1.479466900E3	-4.926495891E2
3.921176019E1	1.479654111E3	-4.889630793E2
3.922844605E1	1.479640487E3	-4.827829178E2
3.924513190E1	1.479127657E3	-4.754262206E2
3.926181776E1	1.478773644E3	-4.715032110E2
3.927850361E1	1.478984804E3	-4.710235291E2
3.929518947E1	1.479177881E3	-4.707781277E2
3.931187532E1	1.479556867E3	-4.706376995E2
3.932856118E1	1.479631286E3	-4.702423820E2
3.934524703E1	1.478901255E3	-4.698515795E2
3.936193289E1	1.478759720E3	-4.684981191E2
3.937861874E1	1.479027194E3	-4.675541237E2
3.939530460E1	1.479859094E3	-4.671548227E2
3.941199046E1	1.479763781E3	-4.669979349E2
3.942867631E1	1.479659067E3	-4.669642732E2
3.944536217E1	1.478931235E3	-4.669985586E2
3.946204802E1	1.479035930E3	-4.668779865E2
3.947873388E1	1.479543036E3	-4.669239039E2
3.949541973E1	1.480039891E3	-4.669524975E2
3.951210559E1	1.480286172E3	-4.669527202E2
3.952879144E1	1.479740118E3	-4.669920233E2
3.954547730E1	1.478827062E3	-4.668368981E2
3.956216315E1	1.479099414E3	-4.668430400E2
3.957884901E1	1.480009376E3	-4.667028527E2
3.959553487E1	1.480287763E3	-4.665259457E2
3.961222072E1	1.479701133E3	-4.665312125E2
3.962890658E1	1.478854464E3	-4.663812539E2
3.964559243E1	1.479034363E3	-4.663440618E2
3.966227829E1	1.479880600E3	-4.651388302E2
3.967896414E1	1.480503495E3	-4.632397034E2
3.969565000E1	1.480336887E3	-4.602432057E2
3.971233585E1	1.479167398E3	-4.578854741E2
3.972902171E1	1.478991388E3	-4.543623060E2
3.974570756E1	1.479152347E3	-4.478135963E2
3.976239342E1	1.480264877E3	-4.403725541E2
3.977907927E1	1.480492287E3	-4.337507696E2
3.979576513E1	1.479231121E3	-4.269529557E2
3.981245099E1	1.477910532E3	-4.217924405E2
3.982913684E1	1.478162151E3	-4.188164237E2
3.984582270E1	1.479604262E3	-4.148476370E2
3.986250855E1	1.480555381E3	-4.082878958E2
3.987919441E1	1.479714102E3	-3.988002319E2
3.989588026E1	1.477823819E3	-3.879913477E2
3.991256612E1	1.477134129E3	-3.795399767E2
3.992925197E1	1.477612817E3	-3.740635425E2
3.994593783E1	1.478982296E3	-3.712259666E2
3.996262368E1	1.478855928E3	-3.690827599E2
3.997930954E1	1.477547637E3	-3.676390773E2
3.999599539E1	1.476595782E3	-3.658436835E2
4.001268125E1	1.477252911E3	-3.626772598E2
4.002936711E1	1.478485125E3	-3.581265397E2
4.004605296E1	1.478825642E3	-3.546268650E2
4.006273882E1	1.477459223E3	-3.518856167E2
4.007942467E1	1.476058453E3	-3.488867160E2
4.009611053E1	1.476350460E3	-3.443151438E2
4.011279638E1	1.477763404E3	-3.390258259E2
4.012948224E1	1.478661427E3	-3.341881374E2
4.014616809E1	1.477826857E3	-3.320904253E2
4.016285395E1	1.476105431E3	-3.313361818E2
4.017953980E1	1.476229164E3	-3.303967903E2
4.019622566E1	1.477377181E3	-3.290098884E2
4.021291151E1	1.478880487E3	-3.279563399E2
4.022959737E1	1.478700550E3	-3.261102383E2
4.024628323E1	1.477005936E3	-3.224944707E2
4.026296908E1	1.475796705E3	-3.197779230E2
4.027965494E1	1.476421508E3	-3.182133003E2
4.029634079E1	1.477648591E3	-3.158445606E2
4.031302665E1	1.477613324E3	-3.127769991E2
4.032971250E1	1.476446317E3	-3.085257596E2
4.034639836E1	1.475126628E3	-3.040012573E2
4.036308421E1	1.475407905E3	-3.021444587E2
4.037977007E1	1.475853206E3	-3.012458660E2
4.039645592E1	1.476658317E3	-3.008815934E2
4.041314178E1	1.476505290E3	-3.006949852E2
4.042982764E1	1.475877351E3	-3.006578776E2
4.044651349E1	1.475547318E3	-3.006728583E2
4.046319935E1	1.475968918E3	-3.004791309E2
4.047988520E1	1.476242817E3	-2.985407666E2
4.049657106E1	1.476294644E3	-2.931982903E2
4.051325691E1	1.475273241E3	-2.861639730E2
4.052994277E1	1.474899531E3	-2.791036973E2
4.054662862E1	1.474879338E3	-2.731901090E2
4.056331448E1	1.474574757E3	-2.685074228E2
4.058000033E1	1.474459201E3	-2.639944943E2
4.059668619E1	1.474381038E3	-2.599861016E2
4.061337204E1	1.474158459E3	-2.557475660E2
4.063005790E1	1.473948623E3	-2.494080681E2
4.064674376E1	1.473905661E3	-2.414092697E2
4.066342961E1	1.473860183E3	-2.354583356E2
4.068011547E1	1.473766145E3	-2.325404395E2
4.069680132E1	1.473750906E3	-2.297165382E2
4.071348718E1	1.473466634E3	-2.269226789E2
4.073017303E1	1.473423849E3	-2.239269554E2
4.074685889E1	1.473401041E3	-2.223925510E2
4.076354474E1	1.473394135E3	-2.209756307E2
4.078023060E1	1.473517479E3	-2.196165330E2
4.079691645E1	1.473611925E3	-2.182425199E2
4.081360231E1	1.473976356E3	-2.168491057E2
4.083028816E1	1.474008594E3	-2.146971557E2
4.084697402E1	1.473623039E3	-2.120527600E2
4.086365988E1	1.473330079E3	-2.102299884E2
4.088034573E1	1.473201259E3	-2.095160061E2
4.089703159E1	1.473507220E3	-2.090060889E2
4.091371744E1	1.473545593E3	-2.082129540E2
4.093040330E1	1.473407475E3	-2.069749570E2
4.094708915E1	1.472757097E3	-2.036206111E2
4.096377501E1	1.472551749E3	-1.973718835E2
4.098046086E1	1.472160528E3	-1.885050205E2
4.099714672E1	1.472265545E3	-1.790621292E2
4.101383257E1	1.471835684E3	-1.729605976E2
4.103051843E1	1.471716026E3	-1.689586048E2
4.104720428E1	1.471534026E3	-1.649121670E2
4.106389014E1	1.471489365E3	-1.596923566E2
4.108057600E1	1.471367259E3	-1.545226859E2
4.109726185E1	1.471238115E3	-1.505130045E2
4.111394771E1	1.470923680E3	-1.483595991E2
4.113063356E1	1.470853373E3	-1.468323940E2
4.114731942E1	1.470756864E3	-1.450738375E2
4.116400527E1	1.471285210E3	-1.421012196E2
4.118069113E1	1.471611605E3	-1.382713142E2
4.119737698E1	1.470987191E3	-1.348584990E2
4.121406284E1	1.470145896E3	-1.319364580E2
4.123074869E1	1.470081843E3	-1.290522112E2
4.124743455E1	1.470421591E3	-1.266404978E2
4.126412041E1	1.470933383E3	-1.246980781E2
4.128080626E1	1.470751700E3	-1.221422537E2
4.129749212E1	1.469968235E3	-1.197180281E2
4.131417797E1	1.469726545E3	-1.162595062E2
4.133086383E1	1.469731873E3	-1.130464103E2
4.134754968E1	1.470159790E3	-1.111160040E2
4.136423554E1	1.470434376E3	-1.100061764E2
4.138092139E1	1.469759797E3	-1.091909978E2
4.139760725E1	1.469559465E3	-1.077588624E2
4.141429310E1	1.469462700E3	-1.053809583E2
4.143097896E1	1.469745889E3	-1.007566722E2
4.144766481E1	1.469218766E3	-9.549125284E1
4.146435067E1	1.468663469E3	-9.055450645E1
4.148103653E1	1.468328790E3	-8.631043237E1
4.149772238E1	1.468253186E3	-8.142871460E1
4.151440824E1	1.468262914E3	-7.784994545E1
4.153109409E1	1.468218527E3	-7.486748592E1
4.154777995E1	1.467670717E3	-7.167038627E1
4.156446580E1	1.467573303E3	-6.666169280E1
4.158115166E1	1.467229902E3	-5.934235997E1
4.159783751E1	1.467197876E3	-5.305249931E1
4.161452337E1	1.467088161E3	-4.809437535E1
4.163120922E1	1.466576081E3	-4.338171253E1
4.164789508E1	1.466076262E3	-3.811998257E1
4.166458093E1	1.465863374E3	-3.198114980E1
4.168126679E1	1.465393895E3	-2.630058869E1
4.169795265E1	1.465139167E3	-2.067017143E1
4.171463850E1	1.465273664E3	-1.519386849E1
4.173132436E1	1.465021924E3	-1.184439494E1
4.174801021E1	1.464872098E3	-9.461306023E0
4.176469607E1	1.464667177E3	-7.519116379E0
4.178138192E1	1.464409509E3	-6.073089289E0
4.179806778E1	1.464260003E3	-5.027014805E0
4.181475363E1	1.464188590E3	-4.385835336E0
4.183143949E1	1.464424462E3	-3.746267438E0
4.184812534E1	1.464283181E3	-3.029480997E0
4.186481120E1	1.464320573E3	-2.716780433E0
4.188149705E1	1.463564806E3	-2.668697838E0
4.189818291E1	1.463764516E3	-2.055405526E0
4.191486877E1	1.464324544E3	-1.260643626E0
4.193155462E1	1.464996922E3	-2.703747717E-1
4.194824048E1	1.464491090E3	1.135851532E0
4.196492633E1	1.462850275E3	3.678032749E0
4.198161219E1	1.463447334E3	8.705591240E0
4.199829804E1	1.463206771E3	1.571201536E1
4.201498390E1	1.463186279E3	2.274018012E1
4.203166975E1	1.462707730E3	2.816750687E1
4.204835561E1	1.463127893E3	3.088562931E1
4.206504146E1	1.462909128E3	3.328268625E1
4.208172732E1	1.463800857E3	3.859083456E1
4.209841318E1	1.464173829E3	4.876752663E1
4.211509903E1	1.463837887E3	5.869099335E1
4.213178489E1	1.465348352E3	6.940289486E1
