187-I_row-17_post-21_wire
t	x	y
2.477849527E1	1.491408955E3	-4.926190714E2
2.479518112E1	1.491322559E3	-4.846652331E2
2.481186698E1	1.491493671E3	-4.729076398E2
2.482855284E1	1.491941514E3	-4.612663000E2
2.484523869E1	1.491828806E3	-4.501417445E2
2.486192455E1	1.491123650E3	-4.398000714E2
2.487861040E1	1.490301477E3	-4.297194787E2
2.489529626E1	1.490477446E3	-4.195358353E2
2.491198211E1	1.490650472E3	-4.098889290E2
2.492866797E1	1.491409782E3	-4.019676514E2
2.494535382E1	1.490772458E3	-3.964105997E2
2.496203968E1	1.489826028E3	-3.922198669E2
2.497872553E1	1.489372913E3	-3.890437204E2
2.499541139E1	1.489861012E3	-3.869142889E2
2.501209725E1	1.490386097E3	-3.846533238E2
2.502878310E1	1.490750861E3	-3.814413217E2
2.504546896E1	1.489963660E3	-3.778832954E2
2.506215481E1	1.489003645E3	-3.749435568E2
2.507884067E1	1.489069234E3	-3.716442992E2
2.509552652E1	1.489815807E3	-3.690783368E2
2.511221238E1	1.490649250E3	-3.662552739E2
2.512889823E1	1.490605496E3	-3.626909389E2
2.514558409E1	1.489515550E3	-3.571438792E2
2.516226994E1	1.488464966E3	-3.499579937E2
2.517895580E1	1.488419206E3	-3.422932528E2
2.519564165E1	1.488904744E3	-3.352257187E2
2.521232751E1	1.489138561E3	-3.293654963E2
2.522901337E1	1.489031005E3	-3.231473847E2
2.524569922E1	1.487922316E3	-3.157352111E2
2.526238508E1	1.487527251E3	-3.084878792E2
2.527907093E1	1.487641332E3	-3.009017683E2
2.529575679E1	1.487836443E3	-2.911988748E2
2.531244264E1	1.487652631E3	-2.825307193E2
2.532912850E1	1.486723857E3	-2.747351945E2
2.534581435E1	1.486549307E3	-2.687321570E2
2.536250021E1	1.486486345E3	-2.642763079E2
2.537918606E1	1.487023223E3	-2.596260521E2
2.539587192E1	1.487016787E3	-2.522920254E2
2.541255777E1	1.486345379E3	-2.435302991E2
2.542924363E1	1.485589074E3	-2.346187877E2
2.544592949E1	1.485488944E3	-2.255238200E2
2.546261534E1	1.485573701E3	-2.167850912E2
2.547930120E1	1.485800055E3	-2.096643656E2
2.549598705E1	1.485540950E3	-2.020759183E2
2.551267291E1	1.484728227E3	-1.944639896E2
2.552935876E1	1.484996816E3	-1.879688113E2
2.554604462E1	1.485093043E3	-1.824682629E2
2.556273047E1	1.485597470E3	-1.775816487E2
2.557941633E1	1.485534265E3	-1.724520617E2
2.559610218E1	1.484778984E3	-1.672304343E2
2.561278804E1	1.484570614E3	-1.626532343E2
2.562947389E1	1.484517885E3	-1.580126717E2
2.564615975E1	1.484570557E3	-1.534917978E2
2.566284561E1	1.484952496E3	-1.497137982E2
2.567953146E1	1.484760203E3	-1.455595868E2
2.569621732E1	1.484364986E3	-1.414764536E2
2.571290317E1	1.484467159E3	-1.378457488E2
2.572958903E1	1.484490411E3	-1.352981724E2
2.574627488E1	1.484660856E3	-1.333624974E2
2.576296074E1	1.484784487E3	-1.309342480E2
2.577964659E1	1.484042360E3	-1.272154925E2
2.579633245E1	1.483815027E3	-1.224650022E2
2.581301830E1	1.483535274E3	-1.171408972E2
2.582970416E1	1.483307330E3	-1.105325137E2
2.584639002E1	1.482922276E3	-1.038895174E2
2.586307587E1	1.483201149E3	-9.847707989E1
2.587976173E1	1.482871926E3	-9.086510035E1
2.589644758E1	1.482876426E3	-8.158165846E1
2.591313344E1	1.482918286E3	-7.147492910E1
2.592981929E1	1.483115338E3	-6.158528373E1
2.594650515E1	1.483321783E3	-5.204342786E1
2.596319100E1	1.483481464E3	-4.414362230E1
2.597987686E1	1.483733232E3	-3.751985876E1
2.599656271E1	1.483220116E3	-3.185178416E1
2.601324857E1	1.483139976E3	-2.746019988E1
2.602993442E1	1.483607002E3	-2.311880796E1
2.604662028E1	1.483721699E3	-1.819631371E1
2.606330614E1	1.483742159E3	-1.288433272E1
2.607999199E1	1.483447898E3	-7.019379313E0
2.609667785E1	1.483873549E3	-1.609739299E0
2.611336370E1	1.483890342E3	2.147275904E0
2.613004956E1	1.483777618E3	4.657400164E0
2.614673541E1	1.483749636E3	7.062188746E0
2.616342127E1	1.484632412E3	9.021454466E0
2.618010712E1	1.485152987E3	9.413592690E0
2.619679298E1	1.484490220E3	1.022305205E1
2.621347883E1	1.483611475E3	1.293966126E1
2.623016469E1	1.483622613E3	1.729197573E1
2.624685054E1	1.483954023E3	2.046537899E1
2.626353640E1	1.483922048E3	2.257400751E1
2.628022226E1	1.483704674E3	2.392074706E1
2.629690811E1	1.483631732E3	2.512830480E1
2.631359397E1	1.483600215E3	2.896070765E1
2.633027982E1	1.483262353E3	3.630437550E1
2.634696568E1	1.483091560E3	4.456610316E1
2.636365153E1	1.483163209E3	5.003882904E1
2.638033739E1	1.483216373E3	5.383186294E1
2.639702324E1	1.483020311E3	5.691354941E1
2.641370910E1	1.483389825E3	6.124647517E1
2.643039495E1	1.482989782E3	6.761271546E1
2.644708081E1	1.482843530E3	7.533958279E1
2.646376666E1	1.482962724E3	8.279551759E1
2.648045252E1	1.483015526E3	8.875639270E1
2.649713838E1	1.483400576E3	9.579796972E1
2.651382423E1	1.483459250E3	1.035792261E2
2.653051009E1	1.483286716E3	1.121300948E2
2.654719594E1	1.483748333E3	1.214465039E2
2.656388180E1	1.483942603E3	1.296590548E2
2.658056765E1	1.483585673E3	1.377129047E2
