187-I_row-17_post-22_wire
t	x	y
1.201381589E0	1.499777851E3	-5.536285592E2
1.218067444E0	1.499734119E3	-5.505986897E2
1.234753300E0	1.500035527E3	-5.475523844E2
1.251439155E0	1.499975403E3	-5.444615817E2
1.268125010E0	1.499767212E3	-5.411550663E2
1.284810866E0	1.499458418E3	-5.370649254E2
1.301496721E0	1.499711538E3	-5.325789075E2
1.318182577E0	1.499726635E3	-5.270306889E2
1.334868432E0	1.499920132E3	-5.200839189E2
1.351554287E0	1.499757169E3	-5.132172061E2
1.368240143E0	1.499237481E3	-5.083740480E2
1.384925998E0	1.498950211E3	-5.050869922E2
1.401611854E0	1.498992083E3	-5.028046265E2
1.418297709E0	1.499648722E3	-5.008311780E2
1.434983564E0	1.499831880E3	-4.985481381E2
1.451669420E0	1.499834655E3	-4.971624591E2
1.468355275E0	1.499271065E3	-4.957447969E2
1.485041131E0	1.498520478E3	-4.952440788E2
1.501726986E0	1.498873558E3	-4.945399190E2
1.518412841E0	1.499673381E3	-4.939177619E2
1.535098697E0	1.499768646E3	-4.935759630E2
1.551784552E0	1.499360198E3	-4.933290061E2
1.568470408E0	1.498498156E3	-4.931416999E2
1.585156263E0	1.498435493E3	-4.931012155E2
1.601842118E0	1.499099697E3	-4.929861203E2
1.618527974E0	1.499644671E3	-4.924497389E2
1.635213829E0	1.499494448E3	-4.917557986E2
1.651899685E0	1.498965071E3	-4.915906345E2
1.668585540E0	1.498606543E3	-4.914096002E2
1.685271395E0	1.498821564E3	-4.915039071E2
1.701957251E0	1.499681418E3	-4.914873300E2
1.718643106E0	1.499768625E3	-4.914781098E2
1.735328962E0	1.499073591E3	-4.913362270E2
1.752014817E0	1.498563390E3	-4.915796311E2
1.768700672E0	1.498535910E3	-4.912873247E2
1.785386528E0	1.499045339E3	-4.908174845E2
1.802072383E0	1.499703085E3	-4.892748007E2
1.818758239E0	1.499638332E3	-4.868475122E2
1.835444094E0	1.498933658E3	-4.840516548E2
1.852129949E0	1.498429974E3	-4.807269205E2
1.868815805E0	1.498633587E3	-4.771517563E2
1.885501660E0	1.499155875E3	-4.739815003E2
1.902187516E0	1.499118043E3	-4.709746575E2
1.918873371E0	1.498639832E3	-4.672476217E2
1.935559226E0	1.498233015E3	-4.631554468E2
1.952245082E0	1.498244615E3	-4.586983993E2
1.968930937E0	1.498698797E3	-4.548562291E2
1.985616793E0	1.499028101E3	-4.525213672E2
2.002302648E0	1.499162376E3	-4.510007474E2
2.018988503E0	1.498482425E3	-4.494818330E2
2.035674359E0	1.498095558E3	-4.476313402E2
2.052360214E0	1.498211408E3	-4.450152668E2
2.069046070E0	1.498244044E3	-4.419644064E2
2.085731925E0	1.498358191E3	-4.387555662E2
2.102417780E0	1.498293289E3	-4.362155585E2
2.119103636E0	1.497652945E3	-4.332278090E2
2.135789491E0	1.498069148E3	-4.296692985E2
2.152475347E0	1.497871524E3	-4.256276908E2
2.169161202E0	1.498135381E3	-4.210349589E2
2.185847057E0	1.497678131E3	-4.186318712E2
2.202532913E0	1.497553287E3	-4.171246669E2
2.219218768E0	1.497527113E3	-4.159898433E2
2.235904624E0	1.497544863E3	-4.137319693E2
2.252590479E0	1.497584656E3	-4.104257458E2
2.269276334E0	1.497446012E3	-4.066160390E2
2.285962190E0	1.497399888E3	-4.026348022E2
2.302648045E0	1.497454066E3	-3.988484830E2
2.319333901E0	1.497246259E3	-3.947505937E2
2.336019756E0	1.497456900E3	-3.914361186E2
2.352705611E0	1.497093600E3	-3.881298279E2
2.369391467E0	1.496826975E3	-3.851205244E2
2.386077322E0	1.496738141E3	-3.812193223E2
2.402763178E0	1.496905604E3	-3.766394974E2
2.419449033E0	1.496519986E3	-3.717564592E2
2.436134888E0	1.496510724E3	-3.665405953E2
2.452820744E0	1.496410478E3	-3.620182759E2
2.469506599E0	1.496547984E3	-3.583971268E2
2.486192455E0	1.496534211E3	-3.558715943E2
2.502878310E0	1.496778838E3	-3.532491016E2
2.519564165E0	1.496448547E3	-3.506032473E2
2.536250021E0	1.496511631E3	-3.484748442E2
2.552935876E0	1.496324474E3	-3.465254972E2
2.569621732E0	1.496604515E3	-3.440688038E2
2.586307587E0	1.496736099E3	-3.415159011E2
2.602993442E0	1.496747569E3	-3.384077708E2
2.619679298E0	1.495749018E3	-3.340966766E2
2.636365153E0	1.495788161E3	-3.290764778E2
2.653051009E0	1.495790443E3	-3.232901938E2
2.669736864E0	1.495821818E3	-3.183386485E2
2.686422719E0	1.495820918E3	-3.145110686E2
2.703108575E0	1.495863282E3	-3.106616167E2
2.719794430E0	1.495542500E3	-3.068187224E2
2.736480286E0	1.495714743E3	-3.023835025E2
2.753166141E0	1.495905158E3	-2.981358710E2
2.769851996E0	1.496600180E3	-2.934073948E2
2.786537852E0	1.495762155E3	-2.870932171E2
2.803223707E0	1.495543118E3	-2.801361820E2
2.819909563E0	1.495424968E3	-2.738601011E2
2.836595418E0	1.495240781E3	-2.683466791E2
2.853281273E0	1.495508753E3	-2.640226619E2
2.869967129E0	1.496007493E3	-2.604527914E2
2.886652984E0	1.494937464E3	-2.567926782E2
2.903338840E0	1.495053649E3	-2.522732622E2
2.920024695E0	1.495312093E3	-2.479625594E2
2.936710550E0	1.495514295E3	-2.446940304E2
2.953396406E0	1.495901520E3	-2.410950540E2
2.970082261E0	1.496112028E3	-2.372837607E2
2.986768117E0	1.495085393E3	-2.334686782E2
3.003453972E0	1.495148940E3	-2.300051759E2
3.020139827E0	1.495289586E3	-2.258164526E2
3.036825683E0	1.495485188E3	-2.218428013E2
3.053511538E0	1.495658158E3	-2.173841439E2
3.070197394E0	1.494807223E3	-2.133363001E2
3.086883249E0	1.495261150E3	-2.096034359E2
3.103569104E0	1.495366033E3	-2.065762027E2
3.120254960E0	1.495269560E3	-2.040165462E2
3.136940815E0	1.495754494E3	-2.014160737E2
3.153626671E0	1.495391499E3	-1.982157980E2
3.170312526E0	1.494647811E3	-1.943678483E2
3.186998381E0	1.495002531E3	-1.890406616E2
3.203684237E0	1.495095918E3	-1.844849203E2
3.220370092E0	1.495012306E3	-1.812087235E2
3.237055948E0	1.495361261E3	-1.781884256E2
3.253741803E0	1.494651795E3	-1.741728837E2
3.270427658E0	1.494460414E3	-1.695796823E2
3.287113514E0	1.494400131E3	-1.649748513E2
3.303799369E0	1.494802621E3	-1.604036250E2
3.320485225E0	1.494619313E3	-1.564869953E2
3.337171080E0	1.495092810E3	-1.536842330E2
3.353856935E0	1.494847883E3	-1.513655659E2
3.370542791E0	1.495108050E3	-1.489508456E2
3.387228646E0	1.494625847E3	-1.457849035E2
3.403914502E0	1.495111135E3	-1.424949454E2
3.420600357E0	1.495165862E3	-1.394066992E2
3.437286212E0	1.494507922E3	-1.367195756E2
3.453972068E0	1.494643992E3	-1.344446710E2
3.470657923E0	1.494800096E3	-1.312910610E2
3.487343779E0	1.494863060E3	-1.275381273E2
3.504029634E0	1.495207427E3	-1.236053245E2
3.520715489E0	1.495142862E3	-1.198647990E2
3.537401345E0	1.495019620E3	-1.168528992E2
3.554087200E0	1.495837105E3	-1.137220589E2
3.570773056E0	1.497446761E3	-1.108193937E2
3.587458911E0	1.497078795E3	-1.078329073E2
3.604144766E0	1.496459272E3	-1.042698329E2
3.620830622E0	1.495822548E3	-1.007283061E2
3.637516477E0	1.495256248E3	-9.722906966E1
3.654202333E0	1.495029809E3	-9.374447847E1
3.670888188E0	1.495272982E3	-8.945697428E1
3.687574043E0	1.494941686E3	-8.517890373E1
3.704259899E0	1.495348841E3	-8.121644595E1
3.720945754E0	1.494990593E3	-7.747549812E1
3.737631610E0	1.494936768E3	-7.456624832E1
3.754317465E0	1.494568010E3	-7.159813030E1
3.771003320E0	1.495033455E3	-6.791695140E1
3.787689176E0	1.494870868E3	-6.463641215E1
3.804375031E0	1.495254318E3	-6.110820845E1
3.821060887E0	1.494939192E3	-5.681557675E1
3.837746742E0	1.495220209E3	-5.173047762E1
3.854432597E0	1.495164672E3	-4.652174532E1
3.871118453E0	1.495239311E3	-4.197666426E1
3.887804308E0	1.495079420E3	-3.848352634E1
3.904490164E0	1.495107026E3	-3.487637150E1
3.921176019E0	1.495049784E3	-3.036603041E1
3.937861874E0	1.495094539E3	-2.543710293E1
3.954547730E0	1.495214519E3	-2.044789208E1
3.971233585E0	1.495185818E3	-1.435433274E1
3.987919441E0	1.495192354E3	-7.436200455E0
4.004605296E0	1.495223182E3	-5.785896692E-1
4.021291151E0	1.495050199E3	5.812859422E0
4.037977007E0	1.495022234E3	1.277923307E1
4.054662862E0	1.494915786E3	1.901886573E1
4.071348718E0	1.494775790E3	2.568501522E1
4.088034573E0	1.494615251E3	3.480003552E1
4.104720428E0	1.494665964E3	4.483844139E1
4.121406284E0	1.495170923E3	5.455977876E1
4.138092139E0	1.495857895E3	6.335143554E1
4.154777995E0	1.496346846E3	7.103582433E1
4.171463850E0	1.494437023E3	8.081780970E1
4.188149705E0	1.494202458E3	9.169738251E1
4.204835561E0	1.494400067E3	1.022665661E2
4.221521416E0	1.494816240E3	1.122245476E2
4.238207272E0	1.495050033E3	1.206007112E2
4.254893127E0	1.495109950E3	1.282107031E2
4.271578982E0	1.494343031E3	1.353939001E2
4.288264838E0	1.487280035E3	1.380048491E2
