187-I_row-17_post-22_wire
t	x	y
1.286479451E1	1.499203150E3	-4.950090647E2
1.288148037E1	1.499159566E3	-4.948796237E2
1.289816622E1	1.499200906E3	-4.943586858E2
1.291485208E1	1.499198287E3	-4.941300121E2
1.293153794E1	1.499124886E3	-4.935935808E2
1.294822379E1	1.498970589E3	-4.933233063E2
1.296490965E1	1.499221241E3	-4.926802373E2
1.298159550E1	1.499172750E3	-4.919791467E2
1.299828136E1	1.499274958E3	-4.905022357E2
1.301496721E1	1.499221075E3	-4.880965658E2
1.303165307E1	1.499143108E3	-4.858623470E2
1.304833892E1	1.498922661E3	-4.841523124E2
1.306502478E1	1.499019454E3	-4.819904050E2
1.308171063E1	1.499211105E3	-4.796501740E2
1.309839649E1	1.499350900E3	-4.760497257E2
1.311508234E1	1.499172109E3	-4.721767338E2
1.313176820E1	1.498742637E3	-4.688176809E2
1.314845406E1	1.498431927E3	-4.659235410E2
1.316513991E1	1.498516216E3	-4.627378180E2
1.318182577E1	1.499221656E3	-4.596591783E2
1.319851162E1	1.499312897E3	-4.561258635E2
1.321519748E1	1.498539785E3	-4.513241747E2
1.323188333E1	1.497970365E3	-4.461868653E2
1.324856919E1	1.497749101E3	-4.412755703E2
1.326525504E1	1.498496245E3	-4.353038720E2
1.328194090E1	1.499227216E3	-4.275164337E2
1.329862675E1	1.498808680E3	-4.187802142E2
1.331531261E1	1.497587174E3	-4.091755217E2
1.333199846E1	1.496768218E3	-3.983487189E2
1.334868432E1	1.496553402E3	-3.874323672E2
1.336537018E1	1.497386351E3	-3.764924043E2
1.338205603E1	1.497739995E3	-3.652125221E2
1.339874189E1	1.496587144E3	-3.541210756E2
1.341542774E1	1.495641870E3	-3.455355935E2
1.343211360E1	1.495433143E3	-3.388204871E2
1.344879945E1	1.495721195E3	-3.312258913E2
1.346548531E1	1.496055393E3	-3.208638778E2
1.348217116E1	1.495779157E3	-3.089870871E2
1.349885702E1	1.494625709E3	-2.980132890E2
1.351554287E1	1.494044495E3	-2.888696025E2
1.353222873E1	1.494053571E3	-2.823627833E2
1.354891459E1	1.494288427E3	-2.770719670E2
1.356560044E1	1.495149133E3	-2.726750737E2
1.358228630E1	1.494573102E3	-2.677884347E2
1.359897215E1	1.493135733E3	-2.618727494E2
1.361565801E1	1.493036792E3	-2.568519029E2
1.363234386E1	1.493716617E3	-2.526405158E2
1.364902972E1	1.494733168E3	-2.501508100E2
1.366571557E1	1.495107496E3	-2.488582882E2
1.368240143E1	1.494557969E3	-2.481421854E2
1.369908728E1	1.493497507E3	-2.471354500E2
1.371577314E1	1.493469484E3	-2.459764807E2
1.373245899E1	1.493937284E3	-2.449562711E2
1.374914485E1	1.494589548E3	-2.443407313E2
1.376583071E1	1.494757051E3	-2.432610326E2
1.378251656E1	1.493928584E3	-2.419499955E2
1.379920242E1	1.493180740E3	-2.409896550E2
1.381588827E1	1.493485873E3	-2.390746304E2
1.383257413E1	1.494166336E3	-2.357497068E2
1.384925998E1	1.494205970E3	-2.312950160E2
1.386594584E1	1.493232362E3	-2.267040115E2
1.388263169E1	1.492795817E3	-2.219173099E2
1.389931755E1	1.492626007E3	-2.171815807E2
1.391600340E1	1.492452351E3	-2.125275415E2
1.393268926E1	1.492484991E3	-2.075293944E2
1.394937511E1	1.491965427E3	-2.015592803E2
1.396606097E1	1.491978162E3	-1.949419167E2
1.398274683E1	1.491997855E3	-1.884618555E2
1.399943268E1	1.492039813E3	-1.834032828E2
1.401611854E1	1.492208470E3	-1.783074869E2
1.403280439E1	1.492099204E3	-1.735022670E2
1.404949025E1	1.491777665E3	-1.691588056E2
1.406617610E1	1.491625221E3	-1.642808964E2
1.408286196E1	1.491144729E3	-1.594034993E2
1.409954781E1	1.491033534E3	-1.538786426E2
1.411623367E1	1.491221279E3	-1.487606959E2
1.413291952E1	1.490898194E3	-1.439012143E2
1.414960538E1	1.490914698E3	-1.389593652E2
1.416629123E1	1.490605505E3	-1.327980639E2
1.418297709E1	1.490539831E3	-1.264948943E2
1.419966295E1	1.490788392E3	-1.201453231E2
1.421634880E1	1.490893237E3	-1.145140942E2
1.423303466E1	1.490565674E3	-1.094553809E2
1.424972051E1	1.490795272E3	-1.048010152E2
1.426640637E1	1.490895963E3	-1.002238218E2
1.428309222E1	1.491244131E3	-9.446614399E1
1.429977808E1	1.491300078E3	-8.865597513E1
1.431646393E1	1.491796814E3	-8.296837757E1
1.433314979E1	1.491355876E3	-7.782181013E1
1.434983564E1	1.491556745E3	-7.236791086E1
1.436652150E1	1.491030232E3	-6.645950926E1
1.438320736E1	1.491431820E3	-6.003282325E1
1.439989321E1	1.491335819E3	-5.375036631E1
1.441657907E1	1.491628348E3	-4.785038482E1
1.443326492E1	1.491451276E3	-4.189845594E1
1.444995078E1	1.492534647E3	-3.625776757E1
1.446663663E1	1.492180224E3	-3.050690094E1
1.448332249E1	1.492536740E3	-2.368294828E1
1.450000834E1	1.492446058E3	-1.632649345E1
1.451669420E1	1.491054653E3	1.777702007E1
1.453338005E1	1.490884914E3	2.585958421E1
1.455006591E1	1.490708112E3	3.423645415E1
1.456675176E1	1.490634204E3	4.276674573E1
1.458343762E1	1.490509852E3	5.151250602E1
1.460012348E1	1.490582925E3	5.975112508E1
1.461680933E1	1.490418405E3	6.932919512E1
1.463349519E1	1.490538333E3	7.983811889E1
1.465018104E1	1.490505692E3	8.896401154E1
1.466686690E1	1.490344092E3	9.583935987E1
1.468355275E1	1.489964682E3	1.025423473E2
1.470023861E1	1.489954778E3	1.089914679E2
1.471692446E1	1.489823189E3	1.158086421E2
