187-I_row-17_post-19_ref
t	x	y
3.917838848E1	1.920562239E3	-8.983017558E2
3.919507434E1	1.920766244E3	-8.951675581E2
3.921176019E1	1.920613939E3	-8.909016040E2
3.922844605E1	1.920622309E3	-8.841634595E2
3.924513190E1	1.920740482E3	-8.760285778E2
3.926181776E1	1.920382844E3	-8.723109804E2
3.927850361E1	1.920574420E3	-8.718254193E2
3.929518947E1	1.920586001E3	-8.715888186E2
3.931187532E1	1.920576831E3	-8.714628835E2
3.932856118E1	1.920694874E3	-8.710872180E2
3.934524703E1	1.920589188E3	-8.705424852E2
3.936193289E1	1.920526550E3	-8.690311661E2
3.937861874E1	1.920622089E3	-8.678513266E2
3.939530460E1	1.920616679E3	-8.676826401E2
3.941199046E1	1.920553366E3	-8.675098164E2
3.942867631E1	1.920805370E3	-8.675342562E2
3.944536217E1	1.920711445E3	-8.675674512E2
3.946204802E1	1.920843588E3	-8.674978063E2
3.947873388E1	1.920690253E3	-8.674983654E2
3.949541973E1	1.920707614E3	-8.675573588E2
3.951210559E1	1.920532977E3	-8.674323603E2
3.952879144E1	1.920620681E3	-8.676213366E2
3.954547730E1	1.920625029E3	-8.675860169E2
3.956216315E1	1.920557426E3	-8.673609913E2
3.957884901E1	1.920545330E3	-8.672454578E2
3.959553487E1	1.920676323E3	-8.670220151E2
3.961222072E1	1.920549513E3	-8.668986325E2
3.962890658E1	1.920555803E3	-8.669005018E2
3.964559243E1	1.920662552E3	-8.668233368E2
3.966227829E1	1.920599666E3	-8.653759000E2
3.967896414E1	1.920660257E3	-8.632105141E2
3.969565000E1	1.920519629E3	-8.599980474E2
3.971233585E1	1.920606685E3	-8.572836992E2
3.972902171E1	1.920591471E3	-8.533154936E2
3.974570756E1	1.920442382E3	-8.460957347E2
3.976239342E1	1.920180304E3	-8.380506669E2
3.977907927E1	1.920187215E3	-8.308552662E2
3.979576513E1	1.919913997E3	-8.233444486E2
3.981245099E1	1.919955654E3	-8.182849818E2
3.982913684E1	1.919956361E3	-8.150806914E2
3.984582270E1	1.919883973E3	-8.107217046E2
3.986250855E1	1.919756701E3	-8.033782291E2
3.987919441E1	1.919626138E3	-7.927402540E2
3.989588026E1	1.919404303E3	-7.815455389E2
3.991256612E1	1.919257340E3	-7.726417062E2
3.992925197E1	1.918886862E3	-7.672096127E2
3.994593783E1	1.919016597E3	-7.642899091E2
3.996262368E1	1.918938238E3	-7.620773480E2
3.997930954E1	1.918980184E3	-7.604242711E2
3.999599539E1	1.919029989E3	-7.584619676E2
4.001268125E1	1.919029111E3	-7.549735107E2
4.002936711E1	1.918908170E3	-7.503699371E2
4.004605296E1	1.918998340E3	-7.466548230E2
4.006273882E1	1.918727296E3	-7.436305381E2
4.007942467E1	1.918966670E3	-7.402957759E2
4.009611053E1	1.918762265E3	-7.353785434E2
4.011279638E1	1.918888380E3	-7.296650508E2
4.012948224E1	1.918780774E3	-7.247156610E2
4.014616809E1	1.918574221E3	-7.224879788E2
4.016285395E1	1.918783678E3	-7.214926042E2
4.017953980E1	1.918949358E3	-7.205594720E2
4.019622566E1	1.918823618E3	-7.192986952E2
4.021291151E1	1.918955616E3	-7.181917744E2
4.022959737E1	1.918937925E3	-7.159378257E2
4.024628323E1	1.918972549E3	-7.119425212E2
4.026296908E1	1.918858852E3	-7.090988135E2
4.027965494E1	1.918938676E3	-7.073997351E2
4.029634079E1	1.918759785E3	-7.051372704E2
4.031302665E1	1.918759465E3	-7.016961932E2
4.032971250E1	1.918934520E3	-6.969318123E2
4.034639836E1	1.918599563E3	-6.921937416E2
4.036308421E1	1.918524073E3	-6.903222328E2
4.037977007E1	1.918128734E3	-6.895441379E2
4.039645592E1	1.918419886E3	-6.892122487E2
4.041314178E1	1.918379250E3	-6.891217077E2
4.042982764E1	1.918263430E3	-6.890955701E2
4.044651349E1	1.918293146E3	-6.890129101E2
4.046319935E1	1.918460168E3	-6.888845467E2
4.047988520E1	1.918390291E3	-6.865503918E2
4.049657106E1	1.918264380E3	-6.807923614E2
4.051325691E1	1.918343924E3	-6.730270375E2
4.052994277E1	1.918149106E3	-6.654275209E2
4.054662862E1	1.918177618E3	-6.592760445E2
4.056331448E1	1.918095653E3	-6.544037641E2
4.058000033E1	1.918111068E3	-6.497432473E2
4.059668619E1	1.918021611E3	-6.455075524E2
4.061337204E1	1.918066873E3	-6.408305161E2
4.063005790E1	1.918106510E3	-6.338574237E2
4.064674376E1	1.918141205E3	-6.254181659E2
4.066342961E1	1.918106628E3	-6.193430040E2
4.068011547E1	1.918001844E3	-6.162928464E2
4.069680132E1	1.918090677E3	-6.134887373E2
4.071348718E1	1.918146219E3	-6.103434615E2
4.073017303E1	1.917968184E3	-6.072001276E2
4.074685889E1	1.918184297E3	-6.055427590E2
4.076354474E1	1.918195580E3	-6.040877756E2
4.078023060E1	1.918238319E3	-6.025866833E2
4.079691645E1	1.918199870E3	-6.011202861E2
4.081360231E1	1.918210388E3	-5.999476835E2
4.083028816E1	1.918243005E3	-5.973173542E2
4.084697402E1	1.918281132E3	-5.944553852E2
4.086365988E1	1.918259443E3	-5.926248450E2
4.088034573E1	1.918180012E3	-5.918077991E2
4.089703159E1	1.918172720E3	-5.915138630E2
4.091371744E1	1.918176979E3	-5.908856958E2
4.093040330E1	1.918176443E3	-5.891241417E2
4.094708915E1	1.918190060E3	-5.855692675E2
4.096377501E1	1.918110728E3	-5.786759291E2
4.098046086E1	1.917969502E3	-5.688966164E2
4.099714672E1	1.918040171E3	-5.590130663E2
4.101383257E1	1.917995793E3	-5.528209315E2
4.103051843E1	1.918012324E3	-5.486308928E2
4.104720428E1	1.918180952E3	-5.442004600E2
4.106389014E1	1.918088200E3	-5.387909666E2
4.108057600E1	1.918193151E3	-5.333852263E2
4.109726185E1	1.917953108E3	-5.290284130E2
4.111394771E1	1.918191102E3	-5.268335291E2
4.113063356E1	1.918253437E3	-5.252071864E2
4.114731942E1	1.918041233E3	-5.233516431E2
4.116400527E1	1.918167911E3	-5.203156047E2
4.118069113E1	1.918201745E3	-5.165066420E2
4.119737698E1	1.918188054E3	-5.125697245E2
4.121406284E1	1.918215746E3	-5.089818312E2
4.123074869E1	1.918238865E3	-5.061238695E2
4.124743455E1	1.918219238E3	-5.036967697E2
4.126412041E1	1.918007653E3	-5.017263946E2
4.128080626E1	1.918076919E3	-4.990954597E2
4.129749212E1	1.918263603E3	-4.960538191E2
4.131417797E1	1.918154543E3	-4.922301897E2
4.133086383E1	1.918247110E3	-4.891164485E2
4.134754968E1	1.918171668E3	-4.870125422E2
4.136423554E1	1.918160635E3	-4.860685372E2
4.138092139E1	1.918257372E3	-4.851379501E2
4.139760725E1	1.918232779E3	-4.832010004E2
4.141429310E1	1.918237998E3	-4.806637859E2
4.143097896E1	1.918268324E3	-4.756983092E2
4.144766481E1	1.918239619E3	-4.698065455E2
4.146435067E1	1.918169072E3	-4.646068315E2
4.148103653E1	1.918178288E3	-4.599028603E2
4.149772238E1	1.918150955E3	-4.547257574E2
4.151440824E1	1.918160316E3	-4.508772318E2
4.153109409E1	1.918233125E3	-4.477606211E2
4.154777995E1	1.918194761E3	-4.441516068E2
4.156446580E1	1.918241497E3	-4.385654960E2
4.158115166E1	1.918129840E3	-4.305753239E2
4.159783751E1	1.918039597E3	-4.240007499E2
4.161452337E1	1.918153236E3	-4.186337000E2
4.163120922E1	1.918196616E3	-4.133989674E2
4.164789508E1	1.918207413E3	-4.077567958E2
4.166458093E1	1.918176598E3	-4.010553179E2
4.168126679E1	1.917898214E3	-3.948825140E2
4.169795265E1	1.918062780E3	-3.888579369E2
4.171463850E1	1.918099192E3	-3.828817829E2
4.173132436E1	1.918108787E3	-3.796362637E2
4.174801021E1	1.918223678E3	-3.770369174E2
4.176469607E1	1.918053234E3	-3.749510657E2
4.178138192E1	1.918055467E3	-3.734143845E2
4.179806778E1	1.918269496E3	-3.725237609E2
4.181475363E1	1.918140948E3	-3.718722264E2
4.183143949E1	1.918065356E3	-3.713091285E2
4.184812534E1	1.918152535E3	-3.704914621E2
4.186481120E1	1.918196412E3	-3.702524421E2
4.188149705E1	1.918189713E3	-3.696771578E2
4.189818291E1	1.918103366E3	-3.692173528E2
4.191486877E1	1.918188524E3	-3.687346717E2
4.193155462E1	1.918263752E3	-3.678830878E2
4.194824048E1	1.918222291E3	-3.660021218E2
4.196492633E1	1.918181815E3	-3.626221665E2
4.198161219E1	1.918251039E3	-3.567300335E2
4.199829804E1	1.918205993E3	-3.493903899E2
4.201498390E1	1.918194977E3	-3.418500109E2
4.203166975E1	1.918145602E3	-3.358525005E2
4.204835561E1	1.918216169E3	-3.328282102E2
4.206504146E1	1.918228757E3	-3.299216100E2
4.208172732E1	1.918246360E3	-3.237290010E2
4.209841318E1	1.918214126E3	-3.128510258E2
4.211509903E1	1.918047242E3	-3.016899897E2
4.213178489E1	1.918035484E3	-2.893450229E2
4.214847074E1	1.918068484E3	-2.799413676E2
4.216515660E1	1.918147222E3	-2.753671845E2
4.218184245E1	1.918161109E3	-2.720987090E2
4.219852831E1	1.918041177E3	-2.683782184E2
4.221521416E1	1.918031388E3	-2.627032644E2
4.223190002E1	1.918238591E3	-2.551555586E2
4.224858587E1	1.918132867E3	-2.476495474E2
4.226527173E1	1.918230182E3	-2.425231116E2
4.228195758E1	1.917969406E3	-2.398557757E2
