199-I_row-4_post-3_ref
t	x	y
4.032997250E0	4.564762070E2	8.377118954E1
4.049662528E0	4.564389646E2	8.344523249E1
4.066327806E0	4.564515877E2	8.299247856E1
4.082993084E0	4.564037870E2	8.146413372E1
4.099658362E0	4.564898763E2	7.751543221E1
4.116323640E0	4.565931790E2	7.221748578E1
4.132988918E0	4.564546949E2	6.826197888E1
4.149654195E0	4.566105997E2	6.501679183E1
4.166319473E0	4.565063018E2	6.243424750E1
4.182984751E0	4.565300819E2	5.934414607E1
4.199650029E0	4.566119886E2	5.630837406E1
4.216315307E0	4.565580411E2	5.454658551E1
4.232980585E0	4.566983506E2	5.286641148E1
4.249645863E0	4.565578371E2	5.151054059E1
4.266311141E0	4.566009585E2	4.981983780E1
4.282976419E0	4.565370713E2	4.789138093E1
4.299641697E0	4.565243442E2	4.620691775E1
4.316306974E0	4.565364449E2	4.391802713E1
4.332972252E0	4.565301318E2	4.194649261E1
4.349637530E0	4.564805760E2	4.040592412E1
4.366302808E0	4.564968387E2	3.869066800E1
4.382968086E0	4.564283551E2	3.774604948E1
4.399633364E0	4.565158581E2	3.657483277E1
4.416298642E0	4.565498644E2	3.558395361E1
4.432963920E0	4.564201839E2	3.431781765E1
4.449629198E0	4.565425014E2	3.203675775E1
4.466294475E0	4.565771739E2	3.003176489E1
4.482959753E0	4.565440329E2	2.870623978E1
4.499625031E0	4.564555197E2	2.771122688E1
4.516290309E0	4.564411463E2	2.666791567E1
4.532955587E0	4.565317433E2	2.617498603E1
4.549620865E0	4.565173951E2	2.546208654E1
4.566286143E0	4.565033583E2	2.338303919E1
4.582951421E0	4.564937702E2	2.093809397E1
4.599616699E0	4.565335040E2	1.878992541E1
4.616281977E0	4.564988233E2	1.666371746E1
4.632947254E0	4.567406718E2	1.410100513E1
4.649612532E0	4.566503609E2	1.184494364E1
4.666277810E0	4.566111029E2	9.982287701E0
4.682943088E0	4.566135986E2	6.618316355E0
4.699608366E0	4.567247959E2	1.843708093E0
4.716273644E0	4.565730747E2	-4.263719006E0
4.732938922E0	4.566122735E2	-1.076002432E1
4.749604200E0	4.565741888E2	-1.659586410E1
4.766269478E0	4.566212817E2	-2.011174277E1
4.782934755E0	4.565714180E2	-2.269025514E1
4.799600033E0	4.565422846E2	-2.530269545E1
4.816265311E0	4.565748426E2	-2.870936127E1
4.832930589E0	4.566572015E2	-3.266995246E1
4.849595867E0	4.568515975E2	-3.724612042E1
4.866261145E0	4.566329178E2	-4.160254151E1
4.882926423E0	4.565733366E2	-4.485255281E1
4.899591701E0	4.565653991E2	-4.712197764E1
4.916256979E0	4.566142953E2	-4.945284142E1
4.932922256E0	4.565840894E2	-5.248242652E1
4.949587534E0	4.566545902E2	-5.575672058E1
4.966252812E0	4.568788148E2	-5.895128209E1
4.982918090E0	4.570528145E2	-6.171531461E1
4.999583368E0	4.570267835E2	-6.457451624E1
5.016248646E0	4.571909780E2	-6.817001033E1
5.032913924E0	4.572070230E2	-7.174823323E1
5.049579202E0	4.572417229E2	-7.476362774E1
5.066244480E0	4.572186698E2	-7.728435127E1
5.082909758E0	4.572741203E2	-8.063147163E1
5.099575035E0	4.572510172E2	-8.350934196E1
5.116240313E0	4.575336317E2	-8.617076015E1
5.132905591E0	4.572581735E2	-8.925829830E1
5.149570869E0	4.574243838E2	-9.184094750E1
5.166236147E0	4.572920925E2	-9.358338159E1
5.182901425E0	4.574223639E2	-9.551131864E1
5.199566703E0	4.573267003E2	-9.841388783E1
5.216231981E0	4.573212437E2	-1.033704322E2
5.232897259E0	4.574843649E2	-1.091980626E2
5.249562536E0	4.574276451E2	-1.146121804E2
5.266227814E0	4.575442283E2	-1.190952549E2
5.282893092E0	4.573582850E2	-1.223583484E2
5.299558370E0	4.577559860E2	-1.258381107E2
5.316223648E0	4.577796461E2	-1.299271517E2
5.332888926E0	4.579249462E2	-1.346331351E2
5.349554204E0	4.579910540E2	-1.399702183E2
5.366219482E0	4.580538012E2	-1.446905227E2
5.382884760E0	4.581246765E2	-1.492169979E2
5.399550037E0	4.580968302E2	-1.534341617E2
5.416215315E0	4.582303778E2	-1.568377514E2
5.432880593E0	4.581462800E2	-1.596210158E2
5.449545871E0	4.580999213E2	-1.623335540E2
5.466211149E0	4.582159678E2	-1.650619016E2
5.482876427E0	4.583015646E2	-1.673510916E2
5.499541705E0	4.581882921E2	-1.697824649E2
5.516206983E0	4.581392465E2	-1.720785987E2
5.532872261E0	4.581041675E2	-1.736512996E2
5.549537539E0	4.580730497E2	-1.750759566E2
5.566202816E0	4.580653064E2	-1.767224958E2
5.582868094E0	4.581260719E2	-1.795847142E2
5.599533372E0	4.580941355E2	-1.827149633E2
5.616198650E0	4.581132327E2	-1.852542373E2
5.632863928E0	4.582292934E2	-1.872633410E2
5.649529206E0	4.581269490E2	-1.895807416E2
5.666194484E0	4.581102934E2	-1.925113298E2
5.682859762E0	4.582835500E2	-1.959549116E2
5.699525040E0	4.582412081E2	-2.012614813E2
5.716190317E0	4.584153179E2	-2.069816173E2
5.732855595E0	4.587842305E2	-2.133053742E2
5.749520873E0	4.587664202E2	-2.196353465E2
5.766186151E0	4.588834500E2	-2.258010602E2
5.782851429E0	4.590573044E2	-2.318876445E2
5.799516707E0	4.592433272E2	-2.382139522E2
5.816181985E0	4.594365377E2	-2.440512447E2
5.832847263E0	4.594888883E2	-2.495849210E2
5.849512541E0	4.596015058E2	-2.548858427E2
5.866177819E0	4.596811853E2	-2.597022426E2
5.882843096E0	4.597556476E2	-2.638146862E2
5.899508374E0	4.596603072E2	-2.678945862E2
5.916173652E0	4.597189312E2	-2.726546969E2
5.932838930E0	4.599519244E2	-2.776681500E2
5.949504208E0	4.601845428E2	-2.823855609E2
5.966169486E0	4.602466401E2	-2.867625559E2
5.982834764E0	4.603569626E2	-2.900334206E2
5.999500042E0	4.603397824E2	-2.931577786E2
6.016165320E0	4.603702708E2	-2.976377200E2
6.032830597E0	4.605875391E2	-3.021407956E2
6.049495875E0	4.605512473E2	-3.059876571E2
