199-I_row-4_post-3_wire
t	x	y
4.032997250E0	7.392118705E1	6.683547741E1
4.049662528E0	7.385731869E1	6.662147037E1
4.066327806E0	7.402533810E1	6.600775134E1
4.082993084E0	7.428195993E1	6.530273657E1
4.099658362E0	7.449192490E1	6.529804937E1
4.116323640E0	7.418213198E1	6.565461779E1
4.132988918E0	7.371924807E1	6.644899076E1
4.149654195E0	7.379431446E1	6.644733106E1
4.166319473E0	7.402930349E1	6.644332383E1
4.182984751E0	7.410339946E1	6.615855279E1
4.199650029E0	7.401643751E1	6.610632922E1
4.216315307E0	7.368371504E1	6.641189289E1
4.232980585E0	7.403348892E1	6.626488232E1
4.249645863E0	7.413485507E1	6.620312192E1
4.266311141E0	7.449053822E1	6.610735402E1
4.282976419E0	7.412395952E1	6.610622715E1
4.299641697E0	7.379442711E1	6.681372387E1
4.316306974E0	7.336366183E1	6.691496953E1
4.332972252E0	7.363978662E1	6.709805216E1
4.349637530E0	7.391718833E1	6.693467960E1
4.366302808E0	7.414780343E1	6.679012764E1
4.382968086E0	7.366746933E1	6.697056431E1
4.399633364E0	7.334279186E1	6.709735976E1
4.416298642E0	7.361139572E1	6.736674699E1
4.432963920E0	7.389082203E1	6.749005295E1
4.449629198E0	7.414853112E1	6.708083228E1
4.466294475E0	7.391744747E1	6.693588780E1
4.482959753E0	7.337360098E1	6.701983930E1
4.499625031E0	7.325586138E1	6.727692761E1
4.516290309E0	7.373965754E1	6.745435428E1
4.532955587E0	7.428846652E1	6.735261613E1
4.549620865E0	7.396857638E1	6.752311133E1
4.566286143E0	7.329276388E1	6.762959249E1
4.582951421E0	7.305108335E1	6.812112936E1
4.599616699E0	7.352689066E1	6.855439222E1
4.616281977E0	7.384735062E1	6.856411141E1
4.632947254E0	7.402528034E1	6.837494556E1
4.649612532E0	7.339638209E1	6.827120557E1
4.666277810E0	7.294783712E1	6.851981343E1
4.682943088E0	7.323437862E1	6.890556315E1
4.699608366E0	7.396734310E1	6.932767123E1
4.716273644E0	7.403134660E1	6.964576225E1
4.732938922E0	7.338287177E1	6.976958330E1
4.749604200E0	7.248293308E1	6.984752647E1
4.766269478E0	7.263748787E1	7.038331956E1
4.782934755E0	7.324128285E1	7.062820895E1
4.799600033E0	7.363847949E1	7.078535827E1
4.816265311E0	7.340429985E1	7.054628806E1
4.832930589E0	7.302357231E1	7.060566964E1
4.849595867E0	7.320924472E1	7.069879955E1
4.866261145E0	7.402067385E1	7.106595964E1
4.882926423E0	7.468973422E1	7.133353996E1
4.899591701E0	7.460037651E1	7.146914413E1
4.916256979E0	7.394795572E1	7.113419273E1
4.932922256E0	7.325266387E1	7.104704251E1
4.949587534E0	7.379846903E1	7.123114319E1
4.966252812E0	7.478299351E1	7.147519858E1
4.982918090E0	8.379231144E1	7.208887243E1
4.999583368E0	8.422843671E1	7.207420871E1
5.016248646E0	8.448339386E1	7.206746188E1
5.032913924E0	8.452678943E1	7.207341489E1
5.049579202E0	8.538783322E1	7.217204519E1
5.066244480E0	8.659665919E1	7.234613163E1
5.082909758E0	8.682407390E1	7.210606002E1
5.099575035E0	8.644533271E1	7.200859420E1
5.116240313E0	8.837647953E1	7.208756986E1
5.132905591E0	8.858506700E1	7.216395568E1
5.149570869E0	8.990114397E1	7.285602776E1
5.166236147E0	9.058968110E1	7.322067743E1
5.182901425E0	9.041384050E1	7.319653164E1
5.199566703E0	9.269158106E1	7.297232840E1
5.216231981E0	9.316352507E1	7.221086555E1
5.232897259E0	9.462539380E1	7.195732397E1
5.249562536E0	9.536709346E1	7.153019225E1
5.266227814E0	9.788811843E1	7.201168996E1
5.282893092E0	9.897908629E1	7.216995907E1
5.299558370E0	9.914438498E1	7.210123024E1
5.316223648E0	1.001014189E2	7.217180862E1
5.332888926E0	1.014390761E2	7.258790169E1
5.349554204E0	1.015069382E2	7.245226757E1
5.366219482E0	1.010175207E2	7.216260144E1
5.382884760E0	1.008890367E2	7.168741410E1
5.399550037E0	1.028376941E2	7.138901258E1
5.416215315E0	1.041711799E2	7.105666836E1
5.432880593E0	1.044998142E2	7.136365656E1
5.449545871E0	1.038229907E2	7.142682754E1
5.466211149E0	1.034825567E2	7.163521857E1
5.482876427E0	1.041004980E2	7.189637656E1
5.499541705E0	1.047378741E2	7.179530480E1
5.516206983E0	1.056084258E2	7.142693970E1
5.532872261E0	1.053644259E2	7.118684458E1
5.549537539E0	1.049628026E2	7.125669899E1
5.566202816E0	1.049803896E2	7.127632806E1
5.582868094E0	1.053350549E2	7.074473659E1
5.599533372E0	1.065867951E2	7.092336519E1
5.616198650E0	1.065032958E2	7.088851672E1
5.632863928E0	1.067695971E2	7.135273511E1
5.649529206E0	1.063962660E2	7.137657279E1
5.666194484E0	1.064716671E2	7.131449445E1
5.682859762E0	1.068400783E2	7.084773411E1
5.699525040E0	1.073959320E2	7.058967162E1
5.716190317E0	1.093405380E2	7.049370991E1
5.732855595E0	1.094876798E2	7.010630078E1
5.749520873E0	1.102114233E2	7.004143323E1
5.766186151E0	1.110353873E2	6.969195199E1
5.782851429E0	1.121026162E2	6.970165432E1
5.799516707E0	1.122594218E2	6.976040941E1
5.816181985E0	1.127183492E2	7.008782721E1
5.832847263E0	1.128458426E2	6.995489562E1
5.849512541E0	1.136599799E2	6.991953735E1
5.866177819E0	1.137913770E2	6.926154530E1
5.882843096E0	1.140506304E2	6.939395453E1
5.899508374E0	1.140541758E2	6.920434500E1
5.916173652E0	1.142932948E2	6.940043777E1
5.932838930E0	1.152947202E2	6.965919258E1
5.949504208E0	1.153995169E2	6.942116073E1
5.966169486E0	1.160800407E2	6.934328132E1
5.982834764E0	1.164960892E2	6.933820451E1
5.999500042E0	1.187422914E2	6.956701299E1
