199-I_row-5_post-1_ref
t	x	y
2.379801683E1	3.739401034E1	4.769256400E2
2.381468211E1	3.757313042E1	4.669070763E2
2.383134739E1	3.797418069E1	4.568831967E2
2.384801267E1	3.805626829E1	4.476873770E2
2.386467794E1	3.812919706E1	4.389314361E2
2.388134322E1	3.826654155E1	4.309689422E2
2.389800850E1	3.830279740E1	4.240270142E2
2.391467378E1	3.868611249E1	4.172551919E2
2.393133906E1	3.879242334E1	4.119188314E2
2.394800433E1	3.888504662E1	4.075079436E2
2.396466961E1	3.890127550E1	4.035057435E2
2.398133489E1	3.909173043E1	4.003814542E2
2.399800017E1	3.912804332E1	3.972937194E2
2.401466544E1	3.895902195E1	3.944812866E2
2.403133072E1	3.895502121E1	3.931381871E2
2.404799600E1	3.896528870E1	3.926654408E2
2.406466128E1	3.896413635E1	3.918300954E2
2.408132656E1	3.904512683E1	3.902110204E2
2.409799183E1	3.900094183E1	3.878236832E2
2.411465711E1	3.899403289E1	3.842976893E2
2.413132239E1	3.898379240E1	3.804663438E2
2.414798767E1	3.901761608E1	3.766877993E2
2.416465295E1	3.917222334E1	3.729724005E2
2.418131822E1	3.923077264E1	3.682015410E2
2.419798350E1	3.918890835E1	3.632768312E2
2.421464878E1	3.915164486E1	3.587970372E2
2.423131406E1	3.946733349E1	3.557651643E2
2.424797934E1	3.937639565E1	3.540607308E2
2.426464461E1	3.956913766E1	3.528768900E2
2.428130989E1	3.964024950E1	3.515998335E2
2.429797517E1	3.970213164E1	3.496923984E2
2.431464045E1	3.962564616E1	3.465709419E2
2.433130572E1	3.971916114E1	3.436432404E2
2.434797100E1	3.971615801E1	3.413414740E2
2.436463628E1	3.969870298E1	3.393208763E2
2.438130156E1	3.977484783E1	3.367103530E2
2.439796684E1	3.977980919E1	3.319500321E2
2.441463211E1	3.996803085E1	3.253038357E2
2.443129739E1	4.012371662E1	3.190838050E2
2.444796267E1	4.029905104E1	3.153123601E2
2.446462795E1	4.034736909E1	3.128147613E2
2.448129323E1	4.036435671E1	3.096683760E2
2.449795850E1	4.045677535E1	3.059609668E2
2.451462378E1	4.045572473E1	3.019732143E2
2.453128906E1	4.054856272E1	2.986903192E2
2.454795434E1	4.053027352E1	2.949789511E2
2.456461962E1	4.066360388E1	2.907922320E2
2.458128489E1	4.047394844E1	2.864239721E2
2.459795017E1	4.056365172E1	2.823417539E2
2.461461545E1	4.053627149E1	2.787083746E2
2.463128073E1	4.048370653E1	2.755355144E2
2.464794600E1	4.057468473E1	2.723787564E2
2.466461128E1	4.055492237E1	2.684607640E2
2.468127656E1	4.084833720E1	2.638101139E2
2.469794184E1	4.105955009E1	2.603049087E2
2.471460712E1	4.101330069E1	2.576097051E2
2.473127239E1	4.127733116E1	2.548912355E2
2.474793767E1	4.125126136E1	2.519207925E2
2.476460295E1	4.131071957E1	2.488644405E2
2.478126823E1	4.128185991E1	2.455242511E2
2.479793351E1	4.126896690E1	2.426220646E2
2.481459878E1	4.123638650E1	2.410946666E2
2.483126406E1	4.129879771E1	2.393715271E2
2.484792934E1	4.127588602E1	2.364360077E2
2.486459462E1	4.137566841E1	2.325462231E2
2.488125990E1	4.129990227E1	2.289250030E2
2.489792517E1	4.136030296E1	2.254649102E2
2.491459045E1	4.133366577E1	2.218111124E2
2.493125573E1	4.132051024E1	2.163111795E2
2.494792101E1	4.160808804E1	2.092528464E2
2.496458628E1	4.190152439E1	2.033956973E2
2.498125156E1	4.194200361E1	1.986622523E2
2.499791684E1	4.199459195E1	1.950296795E2
2.501458212E1	4.203671044E1	1.904372673E2
2.503124740E1	4.207485842E1	1.828859307E2
2.504791267E1	4.209929883E1	1.734212726E2
2.506457795E1	4.236091296E1	1.644119957E2
2.508124323E1	4.256849521E1	1.569039637E2
2.509790851E1	4.272087063E1	1.513595498E2
2.511457379E1	4.271386419E1	1.475758944E2
2.513123906E1	4.275960089E1	1.442879265E2
2.514790434E1	4.277399730E1	1.395140170E2
2.516456962E1	4.300133168E1	1.335242848E2
2.518123490E1	4.314166205E1	1.275781301E2
2.519790017E1	4.345449004E1	1.237272121E2
2.521456545E1	4.359770394E1	1.217811434E2
2.523123073E1	4.352914235E1	1.207041629E2
2.524789601E1	4.367809086E1	1.200973189E2
2.526456129E1	4.358040983E1	1.199140298E2
2.528122656E1	4.350042041E1	1.191581397E2
2.529789184E1	4.360460555E1	1.182337048E2
2.531455712E1	4.371623129E1	1.168246477E2
2.533122240E1	4.405647732E1	1.155205262E2
2.534788768E1	4.397822428E1	1.146773556E2
2.536455295E1	4.405340111E1	1.146276489E2
2.538121823E1	4.416373774E1	1.145210692E2
2.539788351E1	4.407247424E1	1.142599251E2
2.541454879E1	4.427730127E1	1.121841599E2
2.543121407E1	4.447609953E1	1.080864962E2
2.544787934E1	4.466884596E1	1.040900505E2
2.546454462E1	4.473969259E1	1.009224058E2
2.548120990E1	4.430292931E1	9.939437648E1
2.549787518E1	4.392770207E1	9.788657486E1
2.551454045E1	4.431514757E1	9.625792716E1
2.553120573E1	4.508953427E1	9.403915848E1
2.554787101E1	4.488441322E1	9.131047320E1
2.556453629E1	4.490484841E1	9.103856551E1
2.558120157E1	4.430413297E1	8.993874999E1
2.559786684E1	4.429096065E1	8.725833491E1
2.561453212E1	4.472904242E1	8.491701920E1
2.563119740E1	4.555194809E1	8.563460175E1
2.564786268E1	4.562754841E1	8.563952524E1
2.566452796E1	4.504973833E1	8.572585507E1
2.568119323E1	4.395434379E1	8.539893810E1
2.569785851E1	4.426722975E1	8.530437913E1
2.571452379E1	4.513865942E1	8.535003446E1
2.573118907E1	4.572502555E1	8.553041309E1
2.574785435E1	4.509472478E1	8.582382069E1
2.576451962E1	4.418858327E1	8.610200687E1
2.578118490E1	4.411680504E1	8.622474051E1
2.579785018E1	4.521009130E1	8.601736543E1
2.581451546E1	4.592217250E1	8.575010857E1
2.583118073E1	4.589938824E1	8.566392582E1
2.584784601E1	4.442495770E1	8.620635519E1
2.586451129E1	4.421213601E1	8.651229186E1
2.588117657E1	4.490219139E1	8.713889592E1
2.589784185E1	4.642928434E1	8.734821969E1
2.591450712E1	4.654397328E1	8.842178163E1
2.593117240E1	4.470767689E1	9.815033652E1
2.594783768E1	4.386187846E1	1.207219524E2
2.596450296E1	4.308984207E1	1.529757758E2
2.598116824E1	4.223728785E1	1.908997768E2
