201-I_row-1_post-36_wire
t	x	y
1.816080015E1	2.018993896E2	-2.810932379E1
1.817755365E1	2.018284639E2	-2.548582631E1
1.819430716E1	2.013315528E2	-2.151664290E1
1.821106066E1	2.012405964E2	-1.828297150E1
1.822781417E1	2.014130789E2	-1.597023319E1
1.824456768E1	2.017411845E2	-1.347692472E1
1.826132118E1	2.019833882E2	-9.287751773E0
1.827807469E1	2.017485450E2	-4.832294153E0
1.829482819E1	2.009722574E2	-1.191858657E0
1.831158170E1	2.006894910E2	7.229399254E-1
1.832833520E1	2.011395774E2	1.400717248E0
1.834508871E1	2.024633800E2	1.937469585E0
1.836184222E1	2.027730258E2	2.030532307E0
1.837859572E1	2.019394637E2	1.935730889E0
1.839534923E1	2.002526300E2	1.499227823E0
1.841210273E1	2.000808501E2	1.256878708E0
1.842885624E1	2.011118298E2	1.367410071E0
1.844560974E1	2.024420149E2	1.333237749E0
1.846236325E1	2.025271465E2	1.698765032E0
1.847911676E1	2.016664724E2	1.310777517E0
1.849587026E1	2.013675382E2	1.180196219E0
1.851262377E1	2.018935562E2	1.657454761E0
1.852937727E1	2.022186180E2	1.919466799E0
1.854613078E1	2.022551380E2	2.053016463E0
1.856288428E1	2.011565290E2	1.907544217E0
1.857963779E1	2.011479363E2	2.070506026E0
1.859639129E1	2.017846864E2	2.103535953E0
1.861314480E1	2.027115546E2	2.315991502E0
1.862989831E1	2.023288833E2	2.049549707E0
1.864665181E1	2.012750422E2	2.111154794E0
1.866340532E1	2.004802114E2	2.100409801E0
1.868015882E1	2.010820791E2	2.833605829E0
1.869691233E1	2.027010193E2	3.638182677E0
1.871366583E1	2.033323761E2	4.352235304E0
1.873041934E1	2.022413293E2	4.511320340E0
1.874717285E1	2.003207668E2	4.460971888E0
1.876392635E1	1.997778853E2	3.742096157E0
1.878067986E1	2.010787988E2	4.267978656E0
1.879743336E1	2.030785976E2	5.196770639E0
1.881418687E1	2.033258359E2	6.223133633E0
1.883094037E1	2.020686083E2	6.866193319E0
1.884769388E1	2.005213647E2	7.083989543E0
1.886444739E1	2.002665492E2	7.670513480E0
1.888120089E1	2.016939316E2	9.156710657E0
1.889795440E1	2.027223354E2	1.026425536E1
1.891470790E1	2.022094743E2	1.138073466E1
1.893146141E1	2.010504305E2	1.190540205E1
1.894821491E1	2.003540276E2	1.260862106E1
1.896496842E1	2.012101519E2	1.279276403E1
1.898172193E1	2.021274159E2	1.350919782E1
1.899847543E1	2.018871123E2	1.506967429E1
1.901522894E1	2.011851406E2	1.719834418E1
1.903198244E1	2.009964797E2	2.081561698E1
1.904873595E1	2.013014423E2	2.632910596E1
1.906548945E1	2.018733830E2	3.132277268E1
1.908224296E1	2.017826149E2	3.633982501E1
1.909899647E1	2.008845294E2	4.214795810E1
1.911574997E1	2.003060783E2	4.855398288E1
1.913250348E1	2.003391255E2	5.494059738E1
1.914925698E1	2.011202774E2	6.148781637E1
1.916601049E1	2.013937366E2	6.799290204E1
1.918276399E1	2.009527729E2	7.280769551E1
1.919951750E1	1.994916394E2	7.726316460E1
1.921627100E1	1.995113491E2	8.264031642E1
1.923302451E1	2.001307448E2	8.725419931E1
1.924977802E1	2.007469278E2	9.240271873E1
1.926653152E1	2.004199710E2	1.000766491E2
1.928328503E1	1.993001861E2	1.080006943E2
1.930003853E1	1.981893196E2	1.123458026E2
1.931679204E1	1.985319407E2	1.152791120E2
1.933354554E1	1.994652807E2	1.176857241E2
1.935029905E1	2.002382826E2	1.215753066E2
1.936705256E1	1.995286784E2	1.271304651E2
1.938380606E1	1.983679860E2	1.324176323E2
1.940055957E1	1.974774033E2	1.347750981E2
1.941731307E1	1.976277598E2	1.372497694E2
1.943406658E1	1.986119086E2	1.407000660E2
1.945082008E1	1.994774742E2	1.454245716E2
1.946757359E1	1.988720083E2	1.497647193E2
1.948432710E1	1.977475064E2	1.530876986E2
1.950108060E1	1.965108733E2	1.561943394E2
1.951783411E1	1.969781777E2	1.581408668E2
1.953458761E1	1.977973932E2	1.599040100E2
1.955134112E1	1.980055586E2	1.617555432E2
1.956809462E1	1.976132431E2	1.643459895E2
1.958484813E1	1.970582515E2	1.674660492E2
1.960160164E1	1.963601982E2	1.699812177E2
1.961835514E1	1.967885333E2	1.721701777E2
1.963510865E1	1.970423192E2	1.740238919E2
1.965186215E1	1.969043660E2	1.766402294E2
1.966861566E1	1.964385757E2	1.797039686E2
1.968536916E1	1.961227755E2	1.829656818E2
1.970212267E1	1.959238503E2	1.862058764E2
1.971887617E1	1.961280941E2	1.903177941E2
1.973562968E1	1.955739529E2	1.953751654E2
1.975238319E1	1.947997969E2	2.017185974E2
1.976913669E1	1.942107154E2	2.074996408E2
1.978589020E1	1.945174291E2	2.122066508E2
1.980264370E1	1.946463254E2	2.160282461E2
1.981939721E1	1.946165693E2	2.198663824E2
1.983615071E1	1.942726663E2	2.252348659E2
1.985290422E1	1.933326249E2	2.301362928E2
1.986965773E1	1.927768605E2	2.349076896E2
1.988641123E1	1.924526703E2	2.398537612E2
1.990316474E1	1.926896158E2	2.457109480E2
1.991991824E1	1.928557220E2	2.522798712E2
1.993667175E1	1.924344781E2	2.577668747E2
1.995342525E1	1.917288992E2	2.611241824E2
1.997017876E1	1.911675338E2	2.634484593E2
1.998693227E1	1.910152993E2	2.652027924E2
2.000368577E1	1.915764668E2	2.667648485E2
2.002043928E1	1.921186558E2	2.684569991E2
2.003719278E1	1.918466746E2	2.695594160E2
2.005394629E1	1.911747769E2	2.702260258E2
2.007069979E1	1.903187086E2	2.712812620E2
2.008745330E1	1.904384791E2	2.726416759E2
2.010420681E1	1.910092429E2	2.748337338E2
2.012096031E1	1.915008731E2	2.774318144E2
2.013771382E1	1.913323751E2	2.796828785E2
2.015446732E1	1.905492659E2	2.809545684E2
2.017122083E1	1.902603634E2	2.832697519E2
2.018797433E1	1.905679080E2	2.863790132E2
2.020472784E1	1.905627349E2	2.896396364E2
2.022148134E1	1.900307676E2	2.919967564E2
2.023823485E1	1.888460843E2	2.940157261E2
2.025498836E1	1.891608786E2	2.959525520E2
2.027174186E1	1.897568392E2	2.983634466E2
2.028849537E1	1.899213619E2	3.012570388E2
2.030524887E1	1.896127344E2	3.043323721E2
2.032200238E1	1.879967796E2	3.064133005E2
2.033875588E1	1.878457511E2	3.091791677E2
2.035550939E1	1.897070126E2	3.203717670E2
2.037226290E1	1.879251993E2	3.239892000E2
2.038901640E1	1.861626507E2	3.272952758E2
2.040576991E1	1.863523753E2	3.296658120E2
2.042252341E1	1.876956935E2	3.312426598E2
2.043927692E1	1.886592213E2	3.322901977E2
2.045603042E1	1.886166005E2	3.336304800E2
2.047278393E1	1.867551584E2	3.346229254E2
2.048953744E1	1.857572255E2	3.362293974E2
2.050629094E1	1.873394750E2	3.391497966E2
2.052304445E1	1.874629228E2	3.409235146E2
2.053979795E1	1.868617728E2	3.426050553E2
2.055655146E1	1.856524271E2	3.435898431E2
2.057330496E1	1.857813072E2	3.447705803E2
2.059005847E1	1.861745714E2	3.461595918E2
2.060681198E1	1.870051264E2	3.490244058E2
2.062356548E1	1.856741376E2	3.526165358E2
2.064031899E1	1.848673875E2	3.580448768E2
2.065707249E1	1.837485566E2	3.633059078E2
2.067382600E1	1.839393222E2	3.664287226E2
2.069057950E1	1.845440379E2	3.688520850E2
2.070733301E1	1.848326131E2	3.718727702E2
2.072408652E1	1.838752018E2	3.760409182E2
2.074084002E1	1.827398995E2	3.801181104E2
2.075759353E1	1.826287621E2	3.833619371E2
2.077434703E1	1.834520863E2	3.856329313E2
2.079110054E1	1.836246486E2	3.874181072E2
2.080785404E1	1.832263797E2	3.898462073E2
2.082460755E1	1.818651317E2	3.925308979E2
2.084136105E1	1.814884391E2	3.964159881E2
2.085811456E1	1.816136810E2	3.995767482E2
2.087486807E1	1.817562104E2	4.028387581E2
2.089162157E1	1.817205285E2	4.061198642E2
2.090837508E1	1.815299174E2	4.093378830E2
2.092512858E1	1.806466681E2	4.127611509E2
2.094188209E1	1.798386130E2	4.169678439E2
2.095863559E1	1.791730204E2	4.210672714E2
2.097538910E1	1.791715339E2	4.258754702E2
2.099214261E1	1.789458963E2	4.314797879E2
2.100889611E1	1.782453637E2	4.363949000E2
2.102564962E1	1.775272866E2	4.405015368E2
2.104240312E1	1.770828285E2	4.438374458E2
2.105915663E1	1.769772466E2	4.470955785E2
2.107591013E1	1.770958271E2	4.511052328E2
2.109266364E1	1.765751947E2	4.559310173E2
2.110941715E1	1.752901661E2	4.600176058E2
2.112617065E1	1.741034721E2	4.634819301E2
2.114292416E1	1.741540039E2	4.666048779E2
2.115967766E1	1.749256438E2	4.697202183E2
2.117643117E1	1.744535984E2	4.723801484E2
2.119318467E1	1.734142166E2	4.747761629E2
2.120993818E1	1.727687605E2	4.770350980E2
2.122669169E1	1.723268228E2	4.796271003E2
2.124344519E1	1.725948834E2	4.820967061E2
2.126019870E1	1.730827806E2	4.846756727E2
2.127695220E1	1.730046668E2	4.868998483E2
2.129370571E1	1.716888294E2	4.885363916E2
2.131045921E1	1.708614009E2	4.901424593E2
2.132721272E1	1.708006652E2	4.929098983E2
2.134396622E1	1.719920798E2	4.965207508E2
2.136071973E1	1.717950658E2	5.007838504E2
2.137747324E1	1.701013183E2	5.041599677E2
2.139422674E1	1.685421973E2	5.073290569E2
2.141098025E1	1.676531316E2	5.114803106E2
2.142773375E1	1.685442477E2	5.176790741E2
2.144448726E1	1.685232198E2	5.236221144E2
2.146124076E1	1.675003591E2	5.301749363E2
2.147799427E1	1.654198214E2	5.359235774E2
2.149474778E1	1.636512535E2	5.438452823E2
2.151150128E1	1.631627688E2	5.511443257E2
2.152825479E1	1.637652356E2	5.576449144E2
2.154500829E1	1.632670813E2	5.635754950E2
