201-I_row-1_post-36_ref
t	x	y
1.816080015E1	6.102795274E2	-2.670133397E1
1.817755365E1	6.103211747E2	-2.182460961E1
1.819430716E1	6.102215927E2	-1.710767833E1
1.821106066E1	6.101905228E2	-1.355977943E1
1.822781417E1	6.102844338E2	-1.112567324E1
1.824456768E1	6.102894094E2	-8.108371793E0
1.826132118E1	6.101945201E2	-2.929395513E0
1.827807469E1	6.102314956E2	3.455141274E0
1.829482819E1	6.102447358E2	7.877854703E0
1.831158170E1	6.102829376E2	1.013291878E1
1.832833520E1	6.102209203E2	1.093873418E1
1.834508871E1	6.103033563E2	1.153817272E1
1.836184222E1	6.102652717E2	1.164106246E1
1.837859572E1	6.103514539E2	1.159871793E1
1.839534923E1	6.102470226E2	1.161411015E1
1.841210273E1	6.102887704E2	1.159468489E1
1.842885624E1	6.102609650E2	1.164658840E1
1.844560974E1	6.102814169E2	1.157410692E1
1.846236325E1	6.102476098E2	1.169018565E1
1.847911676E1	6.102308968E2	1.158863735E1
1.849587026E1	6.103478099E2	1.150517750E1
1.851262377E1	6.103082908E2	1.172332493E1
1.852937727E1	6.101675404E2	1.175429348E1
1.854613078E1	6.102665518E2	1.193527193E1
1.856288428E1	6.102220209E2	1.171689001E1
1.857963779E1	6.103112012E2	1.198581126E1
1.859639129E1	6.102254292E2	1.192239374E1
1.861314480E1	6.102901502E2	1.222237415E1
1.862989831E1	6.101331715E2	1.195908065E1
1.864665181E1	6.102898352E2	1.224160774E1
1.866340532E1	6.102639462E2	1.240229977E1
1.868015882E1	6.102532311E2	1.312637138E1
1.869691233E1	6.102854604E2	1.380071970E1
1.871366583E1	6.103401552E2	1.456619565E1
1.873041934E1	6.102720857E2	1.490187076E1
1.874717285E1	6.102488921E2	1.494107638E1
1.876392635E1	6.103205978E2	1.480651205E1
1.878067986E1	6.102565584E2	1.493105424E1
1.879743336E1	6.103164356E2	1.551726431E1
1.881418687E1	6.102149887E2	1.657914238E1
1.883094037E1	6.102842086E2	1.734763182E1
1.884769388E1	6.102931462E2	1.807658139E1
1.886444739E1	6.102926888E2	1.882836562E1
1.888120089E1	6.102398901E2	2.007382745E1
1.889795440E1	6.102909842E2	2.128186449E1
1.891470790E1	6.102229972E2	2.238562639E1
1.893146141E1	6.102803894E2	2.329173732E1
1.894821491E1	6.101811067E2	2.394031893E1
1.896496842E1	6.103114723E2	2.440622815E1
1.898172193E1	6.103069293E2	2.492078211E1
1.899847543E1	6.101917130E2	2.651124374E1
1.901522894E1	6.102354502E2	2.887494956E1
1.903198244E1	6.104086448E2	3.282541947E1
1.904873595E1	6.102998533E2	3.853784383E1
1.906548945E1	6.102838089E2	4.393195209E1
1.908224296E1	6.102500798E2	4.952093863E1
1.909899647E1	6.102568957E2	5.625565739E1
1.911574997E1	6.102789146E2	6.315462770E1
1.913250348E1	6.102163056E2	6.979058851E1
1.914925698E1	6.102451913E2	7.679882411E1
1.916601049E1	6.102797000E2	8.382309840E1
1.918276399E1	6.103394274E2	8.898390085E1
1.919951750E1	6.102300240E2	9.401611489E1
1.921627100E1	6.103078803E2	9.962795322E1
1.923302451E1	6.102781232E2	1.045101070E2
1.924977802E1	6.102109664E2	1.097351542E2
1.926653152E1	6.103594498E2	1.179104954E2
1.928328503E1	6.103348175E2	1.263568944E2
1.930003853E1	6.103765270E2	1.313276229E2
1.931679204E1	6.102844103E2	1.341237712E2
1.933354554E1	6.102235871E2	1.366490188E2
1.935029905E1	6.101719622E2	1.406395296E2
1.936705256E1	6.102646433E2	1.466141739E2
1.938380606E1	6.102959826E2	1.523837092E2
1.940055957E1	6.103976680E2	1.548182832E2
1.941731307E1	6.103933918E2	1.573923659E2
1.943406658E1	6.107289205E2	1.613333001E2
1.945082008E1	6.104502705E2	1.660102542E2
1.946757359E1	6.103844793E2	1.706161871E2
1.948432710E1	6.104885580E2	1.742464470E2
1.950108060E1	6.103031228E2	1.778227854E2
1.951783411E1	6.103360073E2	1.795637495E2
1.953458761E1	6.103405872E2	1.812082707E2
1.955134112E1	6.103285520E2	1.832358336E2
1.956809462E1	6.102784432E2	1.861236958E2
1.958484813E1	6.103305050E2	1.892803958E2
1.960160164E1	6.103737961E2	1.921305861E2
1.961835514E1	6.103161018E2	1.941719834E2
1.963510865E1	6.104278376E2	1.962853825E2
1.965186215E1	6.103617289E2	1.990970986E2
1.966861566E1	6.103350566E2	2.023060842E2
1.968536916E1	6.103127137E2	2.056700469E2
1.970212267E1	6.101900922E2	2.090013323E2
1.971887617E1	6.103437076E2	2.135425697E2
1.973562968E1	6.103191813E2	2.187368002E2
1.975238319E1	6.102454336E2	2.252720245E2
1.976913669E1	6.104819259E2	2.315349625E2
1.978589020E1	6.106795502E2	2.364140161E2
1.980264370E1	6.103500659E2	2.405183923E2
1.981939721E1	6.104693797E2	2.445881422E2
1.983615071E1	6.104193712E2	2.500918141E2
1.985290422E1	6.104425868E2	2.553451290E2
1.986965773E1	6.104689598E2	2.601606913E2
1.988641123E1	6.104020099E2	2.652274718E2
1.990316474E1	6.104282095E2	2.714115753E2
1.991991824E1	6.104391194E2	2.782205785E2
1.993667175E1	6.103005104E2	2.838811496E2
1.995342525E1	6.103575830E2	2.874274126E2
1.997017876E1	6.104604570E2	2.896781832E2
1.998693227E1	6.103805660E2	2.913706772E2
2.000368577E1	6.103234859E2	2.928549180E2
2.002043928E1	6.103064790E2	2.944711567E2
2.003719278E1	6.103428170E2	2.959686736E2
2.005394629E1	6.103200351E2	2.968097518E2
2.007069979E1	6.102978925E2	2.977877989E2
2.008745330E1	6.103337448E2	2.992803643E2
2.010420681E1	6.103131199E2	3.014606561E2
2.012096031E1	6.103855785E2	3.041622129E2
2.013771382E1	6.103732995E2	3.065371036E2
2.015446732E1	6.104640384E2	3.081156991E2
2.017122083E1	6.103243622E2	3.106165632E2
2.018797433E1	6.103849517E2	3.137514654E2
2.020472784E1	6.103182943E2	3.171246298E2
2.022148134E1	6.103414562E2	3.196187883E2
2.023823485E1	6.103260280E2	3.219916679E2
2.025498836E1	6.103195268E2	3.237992759E2
2.027174186E1	6.102756663E2	3.262244785E2
2.028849537E1	6.103075907E2	3.293879592E2
2.030524887E1	6.105014419E2	3.325049328E2
2.032200238E1	6.104388742E2	3.349639975E2
2.033875588E1	6.104091561E2	3.377981409E2
2.035550939E1	6.103403170E2	3.491864043E2
2.037226290E1	6.104445978E2	3.531729090E2
2.038901640E1	6.103789344E2	3.570136972E2
2.040576991E1	6.106396717E2	3.595079382E2
2.042252341E1	6.104159690E2	3.609798095E2
2.043927692E1	6.103854594E2	3.620588374E2
2.045603042E1	6.103139578E2	3.633450431E2
2.047278393E1	6.102536124E2	3.648381453E2
2.048953744E1	6.104328928E2	3.665325253E2
2.050629094E1	6.102451410E2	3.693748457E2
2.052304445E1	6.102845921E2	3.710630190E2
2.053979795E1	6.104317959E2	3.727673161E2
2.055655146E1	6.104711297E2	3.741709234E2
2.057330496E1	6.103268103E2	3.752629636E2
2.059005847E1	6.103904908E2	3.766661458E2
2.060681198E1	6.103089772E2	3.793070295E2
2.062356548E1	6.102505622E2	3.833565184E2
2.064031899E1	6.105016364E2	3.890150323E2
2.065707249E1	6.103755628E2	3.947207374E2
2.067382600E1	6.103003252E2	3.980328995E2
2.069057950E1	6.102603617E2	4.004535849E2
2.070733301E1	6.104836212E2	4.035448346E2
2.072408652E1	6.105018941E2	4.078933405E2
2.074084002E1	6.103896470E2	4.124824209E2
2.075759353E1	6.103531752E2	4.158415881E2
2.077434703E1	6.105674833E2	4.181398823E2
2.079110054E1	6.104604254E2	4.198150061E2
2.080785404E1	6.104778885E2	4.223367832E2
2.082460755E1	6.103905728E2	4.255611240E2
2.084136105E1	6.104237892E2	4.296313200E2
2.085811456E1	6.103413494E2	4.329209893E2
2.087486807E1	6.103491679E2	4.361586001E2
2.089162157E1	6.103689658E2	4.395124858E2
2.090837508E1	6.104032868E2	4.427674201E2
2.092512858E1	6.105907327E2	4.466221359E2
2.094188209E1	6.105761259E2	4.513917236E2
2.095863559E1	6.103008484E2	4.557878398E2
2.097538910E1	6.104393504E2	4.607240957E2
2.099214261E1	6.104225223E2	4.665588787E2
2.100889611E1	6.103720070E2	4.719290313E2
2.102564962E1	6.105487398E2	4.765926912E2
2.104240312E1	6.103732535E2	4.802300671E2
2.105915663E1	6.105348542E2	4.836107456E2
2.107591013E1	6.104982501E2	4.876495407E2
2.109266364E1	6.104295850E2	4.929172639E2
2.110941715E1	6.104095194E2	4.977947418E2
2.112617065E1	6.103221520E2	5.016972806E2
2.114292416E1	6.104199355E2	5.050459897E2
2.115967766E1	6.103375128E2	5.080933814E2
2.117643117E1	6.103772747E2	5.111947273E2
2.119318467E1	6.102517138E2	5.140979624E2
2.120993818E1	6.103601059E2	5.167601382E2
2.122669169E1	6.105588434E2	5.197405045E2
2.124344519E1	6.104035080E2	5.224983459E2
2.126019870E1	6.103614611E2	5.250182818E2
2.127695220E1	6.103939665E2	5.273798435E2
2.129370571E1	6.103585376E2	5.294089313E2
2.131045921E1	6.103689631E2	5.313506134E2
2.132721272E1	6.105222942E2	5.343464325E2
2.134396622E1	6.103548395E2	5.378505318E2
2.136071973E1	6.103686814E2	5.422369115E2
2.137747324E1	6.104838239E2	5.462007505E2
2.139422674E1	6.104137133E2	5.501759062E2
2.141098025E1	6.104268477E2	5.548021763E2
2.142773375E1	6.103356943E2	5.609374060E2
2.144448726E1	6.103456092E2	5.673226028E2
2.146124076E1	6.104009806E2	5.744781883E2
2.147799427E1	6.108610273E2	5.821261743E2
2.149474778E1	6.105602796E2	5.910329310E2
2.151150128E1	6.107901898E2	5.990864071E2
2.152825479E1	6.109257682E2	6.057264826E2
2.154500829E1	6.108367621E2	6.120798140E2
2.156176180E1	6.108154465E2	6.193555794E2
2.157851530E1	6.107581567E2	6.251945338E2
2.159526881E1	6.109622049E2	6.294364972E2
2.161202232E1	6.111221200E2	6.331282837E2
2.162877582E1	6.111147367E2	6.373113085E2
2.164552933E1	6.111665770E2	6.417759333E2
