201-I_row-1_post-11_ref
t	x	y
7.807133643E0	1.924924066E3	-8.031699844E2
7.823887148E0	1.924978032E3	-8.063270844E2
7.840640654E0	1.924943701E3	-8.091968665E2
7.857394160E0	1.924918288E3	-8.120826923E2
7.874147665E0	1.924936504E3	-8.145512608E2
7.890901171E0	1.924982363E3	-8.164179098E2
7.907654677E0	1.925009222E3	-8.178903534E2
7.924408182E0	1.924945396E3	-8.196029591E2
7.941161688E0	1.924963918E3	-8.218802707E2
7.957915194E0	1.924993808E3	-8.242958578E2
7.974668699E0	1.925007024E3	-8.275656454E2
7.991422205E0	1.925083157E3	-8.306200138E2
8.008175711E0	1.925064544E3	-8.325237100E2
8.024929216E0	1.924904938E3	-8.339299574E2
8.041682722E0	1.925040515E3	-8.344114086E2
8.058436228E0	1.924912144E3	-8.346265065E2
8.075189733E0	1.924953167E3	-8.349087289E2
8.091943239E0	1.924911249E3	-8.354704735E2
8.108696745E0	1.924905900E3	-8.356242338E2
8.125450250E0	1.924891007E3	-8.361239513E2
8.142203756E0	1.924871318E3	-8.363405905E2
8.158957262E0	1.924915290E3	-8.364861977E2
8.175710767E0	1.924991021E3	-8.366141924E2
8.192464273E0	1.924963624E3	-8.365045873E2
8.209217779E0	1.924967418E3	-8.365261596E2
8.225971284E0	1.924958858E3	-8.366508118E2
8.242724790E0	1.924984794E3	-8.366061162E2
8.259478296E0	1.924940205E3	-8.368562982E2
8.276231802E0	1.924930311E3	-8.368842063E2
8.292985307E0	1.924826732E3	-8.369619222E2
8.309738813E0	1.924731312E3	-8.368539505E2
8.326492319E0	1.924905480E3	-8.369937165E2
8.343245824E0	1.924904222E3	-8.371566235E2
8.359999330E0	1.924942538E3	-8.372598757E2
8.376752836E0	1.924919270E3	-8.371923397E2
8.393506341E0	1.924929916E3	-8.372104804E2
8.410259847E0	1.924922842E3	-8.373738314E2
8.427013353E0	1.924915647E3	-8.371718945E2
8.443766858E0	1.924840185E3	-8.372377095E2
8.460520364E0	1.924943413E3	-8.372359148E2
8.477273870E0	1.924858099E3	-8.372401192E2
8.494027375E0	1.924922239E3	-8.372390051E2
8.510780881E0	1.924869052E3	-8.371522673E2
8.527534387E0	1.924897486E3	-8.372434107E2
8.544287892E0	1.924906253E3	-8.372047452E2
8.561041398E0	1.924954890E3	-8.371957184E2
8.577794904E0	1.925012433E3	-8.372377632E2
8.594548409E0	1.924881845E3	-8.372240947E2
8.611301915E0	1.924848701E3	-8.371138773E2
8.628055421E0	1.924889344E3	-8.371756311E2
8.644808926E0	1.924823457E3	-8.370752689E2
8.661562432E0	1.924971206E3	-8.366049357E2
8.678315938E0	1.924904974E3	-8.364208317E2
8.695069443E0	1.924890161E3	-8.360878175E2
8.711822949E0	1.924849940E3	-8.355977215E2
