194-U_row-1_post-15_ref
t	x	y
3.028781794E0	4.736548130E2	2.172174938E1
3.045515395E0	4.736082649E2	2.242584155E1
3.062248996E0	4.735584670E2	2.329217940E1
3.078982597E0	4.735913816E2	2.461507294E1
3.095716198E0	4.736251884E2	2.554054751E1
3.112449799E0	4.736502705E2	2.618989699E1
3.129183400E0	4.736026161E2	2.668818185E1
3.145917001E0	4.735065849E2	2.711628851E1
3.162650602E0	4.736813832E2	2.851461125E1
3.179384203E0	4.735845992E2	3.003954309E1
3.196117805E0	4.736860402E2	3.187449752E1
3.212851406E0	4.735820511E2	3.337139249E1
3.229585007E0	4.735672332E2	3.501023656E1
3.246318608E0	4.736054312E2	3.652426052E1
3.263052209E0	4.735204704E2	3.803373404E1
3.279785810E0	4.735195986E2	4.016181356E1
3.296519411E0	4.735366110E2	4.241404908E1
3.313253012E0	4.732762140E2	4.473570288E1
3.329986613E0	4.735814456E2	4.776583551E1
3.346720214E0	4.734173106E2	5.069181794E1
3.363453815E0	4.734080457E2	5.332104645E1
3.380187416E0	4.735710791E2	5.507138155E1
3.396921017E0	4.734795389E2	5.657603501E1
3.413654618E0	4.735198319E2	5.864913581E1
3.430388220E0	4.733878558E2	6.121369583E1
3.447121821E0	4.735287202E2	6.483794410E1
3.463855422E0	4.735239732E2	6.832363295E1
3.480589023E0	4.729870796E2	7.120034015E1
3.497322624E0	4.729262881E2	7.299463414E1
3.514056225E0	4.730215384E2	7.454032313E1
3.530789826E0	4.729729451E2	7.640211887E1
3.547523427E0	4.728668868E2	7.803532052E1
3.564257028E0	4.729272418E2	7.981341899E1
3.580990629E0	4.727094423E2	8.172752715E1
3.597724230E0	4.728020777E2	8.301721776E1
3.614457831E0	4.727855447E2	8.431210621E1
3.631191432E0	4.728790648E2	8.494844691E1
3.647925033E0	4.728467187E2	8.577095271E1
3.664658635E0	4.729351085E2	8.663251014E1
3.681392236E0	4.729173163E2	8.747829403E1
3.698125837E0	4.729261301E2	8.763943919E1
3.714859438E0	4.729009013E2	8.836598572E1
3.731593039E0	4.729177025E2	8.899650643E1
3.748326640E0	4.728400336E2	8.976549950E1
3.765060241E0	4.728785488E2	9.068330436E1
3.781793842E0	4.727793393E2	9.215628344E1
3.798527443E0	4.727803827E2	9.369836970E1
3.815261044E0	4.727595354E2	9.490533031E1
3.831994645E0	4.728476826E2	9.551247999E1
3.848728246E0	4.728752676E2	9.680167964E1
3.865461847E0	4.728801011E2	9.783776572E1
3.882195448E0	4.728189458E2	9.914849582E1
3.898929050E0	4.728365671E2	1.007207401E2
3.915662651E0	4.728285898E2	1.024670090E2
3.932396252E0	4.728950037E2	1.040170852E2
3.949129853E0	4.727927120E2	1.063342630E2
3.965863454E0	4.727240178E2	1.086647384E2
3.982597055E0	4.725046633E2	1.111015813E2
3.999330656E0	4.727010172E2	1.135072889E2
4.016064257E0	4.727277441E2	1.155318729E2
4.032797858E0	4.727278489E2	1.176577683E2
4.049531459E0	4.727597441E2	1.196096519E2
4.066265060E0	4.728094641E2	1.216220161E2
4.082998661E0	4.726821624E2	1.236612423E2
4.099732262E0	4.727687326E2	1.259156148E2
4.116465863E0	4.728686808E2	1.277275039E2
4.133199465E0	4.728561201E2	1.294774404E2
4.149933066E0	4.728150020E2	1.309424670E2
4.166666667E0	4.727480234E2	1.324790770E2
4.183400268E0	4.727752751E2	1.339175411E2
4.200133869E0	4.727833967E2	1.342513447E2
4.216867470E0	4.728685025E2	1.348390435E2
4.233601071E0	4.727548209E2	1.354495772E2
4.250334672E0	4.729140852E2	1.357572966E2
4.267068273E0	4.728063528E2	1.364127703E2
4.283801874E0	4.728402501E2	1.371011711E2
4.300535475E0	4.728362751E2	1.377284231E2
4.317269076E0	4.728348476E2	1.378957068E2
4.334002677E0	4.728160816E2	1.382676309E2
4.350736278E0	4.728029055E2	1.385780259E2
4.367469880E0	4.728647734E2	1.388863419E2
4.384203481E0	4.727568114E2	1.392648950E2
4.400937082E0	4.728717574E2	1.396534189E2
4.417670683E0	4.728493677E2	1.404293027E2
4.434404284E0	4.729097737E2	1.409454087E2
4.451137885E0	4.729249643E2	1.417217477E2
4.467871486E0	4.728869432E2	1.426333775E2
4.484605087E0	4.728317242E2	1.440782879E2
4.501338688E0	4.729152128E2	1.461422697E2
4.518072289E0	4.728094764E2	1.486422499E2
4.534805890E0	4.728464914E2	1.509828503E2
4.551539491E0	4.728101699E2	1.540435264E2
4.568273092E0	4.728365548E2	1.573028894E2
4.585006693E0	4.728377945E2	1.610281262E2
4.601740295E0	4.727612827E2	1.643346191E2
4.618473896E0	4.728006050E2	1.680725391E2
4.635207497E0	4.726710435E2	1.725876432E2
4.651941098E0	4.726907387E2	1.773829781E2
4.668674699E0	4.725762456E2	1.833793236E2
4.685408300E0	4.726513708E2	1.895914346E2
4.702141901E0	4.723922960E2	1.952338304E2
4.718875502E0	4.722611331E2	2.011593825E2
4.735609103E0	4.720962549E2	2.064433074E2
4.752342704E0	4.720939634E2	2.121687398E2
4.769076305E0	4.721318715E2	2.182791337E2
4.785809906E0	4.718746705E2	2.244457329E2
4.802543507E0	4.720135396E2	2.300535766E2
4.819277108E0	4.716733834E2	2.359317562E2
4.836010710E0	4.714945764E2	2.415160340E2
4.852744311E0	4.716016774E2	2.468325735E2
4.869477912E0	4.713760820E2	2.517287069E2
4.886211513E0	4.713470319E2	2.576186452E2
4.902945114E0	4.713294620E2	2.645832683E2
4.919678715E0	4.712948761E2	2.711657878E2
4.936412316E0	4.712326547E2	2.775881736E2
4.953145917E0	4.710827609E2	2.834941718E2
4.969879518E0	4.710546878E2	2.893392355E2
4.986613119E0	4.712374938E2	2.956619108E2
5.003346720E0	4.712265058E2	3.018621099E2
5.020080321E0	4.712291415E2	3.079574282E2
5.036813922E0	4.712044818E2	3.137909199E2
5.053547523E0	4.711542588E2	3.199562954E2
5.070281124E0	4.709105175E2	3.257738656E2
5.087014726E0	4.707228850E2	3.308965101E2
5.103748327E0	4.706338968E2	3.358473438E2
5.120481928E0	4.707245772E2	3.419079668E2
5.137215529E0	4.704275372E2	3.484452036E2
5.153949130E0	4.704805972E2	3.544465962E2
5.170682731E0	4.705273196E2	3.597021701E2
5.187416332E0	4.704589618E2	3.646611672E2
5.204149933E0	4.704254904E2	3.700281182E2
5.220883534E0	4.701718521E2	3.755783008E2
5.237617135E0	4.705514157E2	3.814263090E2
5.254350736E0	4.701319311E2	3.864873334E2
