194-U_row-1_post-1_wire
t	x	y
3.915948743E0	1.623467481E3	-6.776192765E2
3.932612354E0	1.623333788E3	-6.758466001E2
3.949275966E0	1.623257349E3	-6.730997605E2
3.965939578E0	1.623021698E3	-6.697796588E2
3.982603189E0	1.622948897E3	-6.665322993E2
3.999266801E0	1.623140979E3	-6.636246990E2
4.015930413E0	1.623136138E3	-6.618034113E2
4.032594024E0	1.623337180E3	-6.610026239E2
4.049257636E0	1.622960879E3	-6.607257148E2
4.065921248E0	1.622690885E3	-6.601788448E2
4.082584859E0	1.622886974E3	-6.598437515E2
4.099248471E0	1.622966511E3	-6.595562782E2
4.115912083E0	1.623036126E3	-6.593782858E2
4.132575694E0	1.622812789E3	-6.597392546E2
4.149239306E0	1.622590504E3	-6.596488880E2
4.165902918E0	1.622662770E3	-6.597123323E2
4.182566529E0	1.622742723E3	-6.597283679E2
4.199230141E0	1.623130223E3	-6.596977042E2
4.215893753E0	1.623262678E3	-6.597987019E2
4.232557364E0	1.622794617E3	-6.595802878E2
4.249220976E0	1.622619658E3	-6.596882242E2
4.265884588E0	1.622629806E3	-6.596075344E2
4.282548199E0	1.622884402E3	-6.597182740E2
4.299211811E0	1.622963333E3	-6.596889899E2
4.315875423E0	1.622823973E3	-6.596921494E2
4.332539035E0	1.622475919E3	-6.598402080E2
4.349202646E0	1.622642458E3	-6.597484463E2
4.365866258E0	1.622668221E3	-6.598697319E2
4.382529870E0	1.622834862E3	-6.595780265E2
4.399193481E0	1.622808707E3	-6.595482923E2
4.415857093E0	1.622729435E3	-6.594467745E2
4.432520705E0	1.622509541E3	-6.596444626E2
4.449184316E0	1.622531963E3	-6.597754240E2
4.465847928E0	1.622700994E3	-6.597391432E2
4.482511540E0	1.623134178E3	-6.597065581E2
4.499175151E0	1.623342335E3	-6.597461318E2
4.515838763E0	1.622997964E3	-6.597305583E2
4.532502375E0	1.622568355E3	-6.596530765E2
4.549165986E0	1.622780569E3	-6.592396688E2
4.565829598E0	1.622722321E3	-6.588408231E2
4.582493210E0	1.622920978E3	-6.576410383E2
4.599156821E0	1.622616046E3	-6.565773645E2
4.615820433E0	1.622296958E3	-6.556718559E2
4.632484045E0	1.622335120E3	-6.545508928E2
4.649147656E0	1.622586130E3	-6.539845247E2
4.665811268E0	1.622842347E3	-6.531941650E2
4.682474880E0	1.622754212E3	-6.526899749E2
4.699138491E0	1.622500713E3	-6.524694537E2
4.715802103E0	1.622475320E3	-6.525089121E2
4.732465715E0	1.622493592E3	-6.523853411E2
4.749129326E0	1.622705530E3	-6.524165528E2
4.765792938E0	1.622839520E3	-6.521055826E2
4.782456550E0	1.622678752E3	-6.519295773E2
4.799120161E0	1.622472223E3	-6.518922947E2
4.815783773E0	1.622605378E3	-6.518965207E2
4.832447385E0	1.622754385E3	-6.512359528E2
4.849110996E0	1.622778390E3	-6.510631746E2
4.865774608E0	1.622778127E3	-6.507670449E2
4.882438220E0	1.622721456E3	-6.506149145E2
4.899101831E0	1.622672874E3	-6.503709944E2
4.915765443E0	1.622636824E3	-6.503316041E2
4.932429055E0	1.622698354E3	-6.503617839E2
4.949092666E0	1.622678796E3	-6.502930560E2
4.965756278E0	1.622681237E3	-6.501809412E2
4.982419890E0	1.622785351E3	-6.502207547E2
4.999083501E0	1.622567136E3	-6.503817880E2
5.015747113E0	1.622780076E3	-6.503695749E2
5.032410725E0	1.622728393E3	-6.503362962E2
5.049074336E0	1.622748914E3	-6.502044182E2
5.065737948E0	1.622778893E3	-6.498582132E2
5.082401560E0	1.622663605E3	-6.497160338E2
5.099065171E0	1.622598079E3	-6.497025179E2
5.115728783E0	1.622596836E3	-6.496945905E2
5.132392395E0	1.622598599E3	-6.495702154E2
5.149056006E0	1.622707112E3	-6.495504124E2
5.165719618E0	1.622770693E3	-6.495602660E2
5.182383230E0	1.622729464E3	-6.495638385E2
5.199046841E0	1.622533052E3	-6.490002062E2
5.215710453E0	1.622568924E3	-6.480323091E2
5.232374065E0	1.622608858E3	-6.463472067E2
5.249037676E0	1.622648841E3	-6.452215994E2
5.265701288E0	1.622674174E3	-6.454251139E2
5.282364900E0	1.622725378E3	-6.481167670E2
5.299028511E0	1.622358119E3	-6.532052036E2
5.315692123E0	1.622275768E3	-6.554404928E2
5.332355735E0	1.622536886E3	-6.565800237E2
5.349019346E0	1.622590617E3	-6.591923388E2
5.365682958E0	1.622789999E3	-6.632141499E2
5.382346570E0	1.622577302E3	-6.676875840E2
5.399010181E0	1.622396849E3	-6.700252799E2
5.415673793E0	1.622668761E3	-6.716675611E2
5.432337405E0	1.622844273E3	-6.718762995E2
5.449001016E0	1.622741877E3	-6.728169107E2
5.465664628E0	1.622605716E3	-6.744950134E2
5.482328240E0	1.622646972E3	-6.751942324E2
5.498991851E0	1.622479602E3	-6.763522204E2
5.515655463E0	1.622650894E3	-6.768085531E2
5.532319075E0	1.622776240E3	-6.777726837E2
5.548982687E0	1.622884357E3	-6.787166155E2
5.565646298E0	1.622603078E3	-6.799498100E2
5.582309910E0	1.622473516E3	-6.812071213E2
5.598973522E0	1.621996795E3	-6.818152135E2
5.615637133E0	1.622435256E3	-6.820744062E2
5.632300745E0	1.622762850E3	-6.822510790E2
5.648964357E0	1.622722392E3	-6.821293956E2
5.665627968E0	1.622622871E3	-6.821571911E2
5.682291580E0	1.622636228E3	-6.818985937E2
5.698955192E0	1.622616097E3	-6.819145688E2
5.715618803E0	1.622804884E3	-6.819471858E2
5.732282415E0	1.622801358E3	-6.817816500E2
5.748946027E0	1.622676515E3	-6.819148973E2
5.765609638E0	1.622596638E3	-6.823835998E2
5.782273250E0	1.622660660E3	-6.839324952E2
5.798936862E0	1.622880600E3	-6.849665639E2
5.815600473E0	1.622971546E3	-6.854610473E2
5.832264085E0	1.622733164E3	-6.862923385E2
5.848927697E0	1.622425630E3	-6.867920993E2
5.865591308E0	1.622191256E3	-6.882095950E2
5.882254920E0	1.621987055E3	-6.901360932E2
5.898918532E0	1.621954329E3	-6.907314703E2
5.915582143E0	1.621747400E3	-6.910668054E2
5.932245755E0	1.621643740E3	-6.909122885E2
5.948909367E0	1.621532974E3	-6.906729975E2
5.965572978E0	1.621566629E3	-6.906394947E2
5.982236590E0	1.620833904E3	-6.890250126E2
5.998900202E0	1.621023521E3	-6.882973761E2
6.015563813E0	1.620960733E3	-6.862062369E2
6.032227425E0	1.620942723E3	-6.844705123E2
6.048891037E0	1.621777222E3	-6.842777203E2
6.065554648E0	1.621228492E3	-6.827974998E2
6.082218260E0	1.620470147E3	-6.812461770E2
6.098881872E0	1.619792467E3	-6.799421386E2
6.115545483E0	1.621941198E3	-6.795248812E2
6.132209095E0	1.621928890E3	-6.782433776E2
6.148872707E0	1.622088204E3	-6.769159451E2
6.165536318E0	1.621271851E3	-6.755713602E2
6.182199930E0	1.620646237E3	-6.739886958E2
6.198863542E0	1.620754217E3	-6.717246509E2
6.215527153E0	1.621238808E3	-6.700092652E2
6.232190765E0	1.621232619E3	-6.679059097E2
6.248854377E0	1.620961381E3	-6.661297725E2
6.265517988E0	1.621188121E3	-6.653277859E2
6.282181600E0	1.621396876E3	-6.640333285E2
6.298845212E0	1.621531069E3	-6.621873470E2
6.315508823E0	1.621778143E3	-6.599362909E2
6.332172435E0	1.621641760E3	-6.572281407E2
6.348836047E0	1.621135854E3	-6.540362863E2
6.365499658E0	1.620898560E3	-6.528749240E2
6.382163270E0	1.620835877E3	-6.493512888E2
6.398826882E0	1.621551165E3	-6.498881373E2
6.415490493E0	1.621915179E3	-6.471450917E2
6.432154105E0	1.621402619E3	-6.445537653E2
6.448817717E0	1.620873343E3	-6.421128575E2
6.465481328E0	1.620193349E3	-6.394382462E2
6.482144940E0	1.620309626E3	-6.368335492E2
6.498808552E0	1.620608358E3	-6.343390213E2
6.515472163E0	1.620668778E3	-6.320603300E2
6.532135775E0	1.620131060E3	-6.302825342E2
6.548799387E0	1.619977637E3	-6.286657369E2
