194-U_row-1_post-15_wire
t	x	y
3.028781794E0	5.517916077E1	2.911026592E1
3.045515395E0	5.505654480E1	2.964595467E1
3.062248996E0	5.481902114E1	3.013392364E1
3.078982597E0	5.473150498E1	3.084945632E1
3.095716198E0	5.477488479E1	3.158865600E1
3.112449799E0	5.504684132E1	3.215507979E1
3.129183400E0	5.525835097E1	3.266963341E1
3.145917001E0	5.504207226E1	3.295654028E1
3.162650602E0	5.496751366E1	3.388141423E1
3.179384203E0	5.471016532E1	3.520379776E1
3.196117805E0	5.514101638E1	3.666466341E1
3.212851406E0	5.514298086E1	3.781554616E1
3.229585007E0	5.517439521E1	3.914239661E1
3.246318608E0	5.502269871E1	4.018331520E1
3.263052209E0	5.459327563E1	4.146536870E1
3.279785810E0	5.466281380E1	4.302736080E1
3.296519411E0	5.514115870E1	4.462004313E1
3.313253012E0	5.504446792E1	4.626848037E1
3.329986613E0	5.504539495E1	4.859077517E1
3.346720214E0	5.451384067E1	5.085761970E1
3.363453815E0	5.445064813E1	5.307324227E1
3.380187416E0	5.493885359E1	5.449049410E1
3.396921017E0	5.510488831E1	5.544633717E1
3.413654618E0	5.510705250E1	5.694839848E1
3.430388220E0	5.460762080E1	5.870197579E1
3.447121821E0	5.455244360E1	6.156650125E1
3.463855422E0	5.478058361E1	6.413041530E1
3.480589023E0	5.470085197E1	6.625903827E1
3.497322624E0	5.451356913E1	6.774945553E1
3.514056225E0	5.422695016E1	6.876562374E1
3.530789826E0	5.399146189E1	7.015712749E1
3.547523427E0	5.386409682E1	7.104568364E1
3.564257028E0	5.454869418E1	7.232927152E1
3.580990629E0	5.438324455E1	7.320930213E1
3.597724230E0	5.417336108E1	7.360738301E1
3.614457831E0	5.374457318E1	7.414242843E1
3.631191432E0	5.391581906E1	7.463066306E1
3.647925033E0	5.420679921E1	7.488087600E1
3.664658635E0	5.485043876E1	7.519649287E1
3.681392236E0	5.459368245E1	7.522554537E1
3.698125837E0	5.412416131E1	7.452047533E1
3.714859438E0	5.393042428E1	7.396667547E1
3.731593039E0	5.437837723E1	7.322080979E1
3.748326640E0	5.472394595E1	7.258758688E1
3.765060241E0	5.470380277E1	7.174107526E1
3.781793842E0	5.388396369E1	7.089224400E1
3.798527443E0	5.342284536E1	6.969469335E1
3.815261044E0	5.360058447E1	6.882524158E1
3.831994645E0	5.455024240E1	6.786211085E1
3.848728246E0	5.472322033E1	6.702373098E1
3.865461847E0	5.421661837E1	6.558154916E1
3.882195448E0	5.355684558E1	6.486038322E1
3.898929050E0	5.361351650E1	6.490289371E1
3.915662651E0	5.408959316E1	6.479244012E1
3.932396252E0	5.463070931E1	6.349844801E1
3.949129853E0	5.419904324E1	6.196211368E1
3.965863454E0	5.372598401E1	5.930863419E1
3.982597055E0	5.318737235E1	5.486148452E1
3.999330656E0	5.342698438E1	5.436179414E1
4.016064257E0	5.385085449E1	5.217801038E1
4.032797858E0	5.369092469E1	5.102175616E1
4.049531459E0	5.335085231E1	4.987648764E1
4.066265060E0	5.295851489E1	4.894780191E1
4.082998661E0	5.295707075E1	4.903091181E1
4.099732262E0	5.340896001E1	4.896610809E1
4.116465863E0	5.376746085E1	4.894334145E1
4.133199465E0	5.347660868E1	4.862385282E1
4.149933066E0	5.289817992E1	4.771581111E1
4.166666667E0	5.265800887E1	4.705789956E1
4.183400268E0	5.301165199E1	4.741665258E1
4.200133869E0	5.344599426E1	4.691053729E1
4.216867470E0	5.346867472E1	4.703286111E1
4.233601071E0	5.290556385E1	4.694983317E1
4.250334672E0	5.278524810E1	4.690625284E1
4.267068273E0	5.288683779E1	4.734551310E1
4.283801874E0	5.341965463E1	4.752954674E1
4.300535475E0	5.361107764E1	4.756516817E1
4.317269076E0	5.323265799E1	4.702807406E1
4.334002677E0	5.290134687E1	4.674905759E1
4.350736278E0	5.291004513E1	4.672897085E1
4.367469880E0	5.351117454E1	4.683972943E1
4.384203481E0	5.350326139E1	4.715533768E1
4.400937082E0	5.336328919E1	4.737842829E1
4.417670683E0	5.283594569E1	4.763184409E1
4.434404284E0	5.286136853E1	4.748227275E1
4.451137885E0	5.353080602E1	4.737148134E1
4.467871486E0	5.388887367E1	4.753807088E1
4.484605087E0	5.366220675E1	4.774953881E1
4.501338688E0	5.326100588E1	4.836159902E1
4.518072289E0	5.283793629E1	4.882500045E1
4.534805890E0	5.329734952E1	4.899507701E1
4.551539491E0	5.377349386E1	4.958903444E1
4.568273092E0	5.371346931E1	5.034314171E1
4.585006693E0	5.308865465E1	5.140836545E1
4.601740295E0	5.274874228E1	5.163053404E1
4.618473896E0	5.307044357E1	5.186780145E1
4.635207497E0	5.344190358E1	5.240626231E1
4.651941098E0	5.346500054E1	5.368823934E1
4.668674699E0	5.278781338E1	5.533881724E1
4.685408300E0	5.220159922E1	5.727837404E1
4.702141901E0	5.214068215E1	5.889831159E1
4.718875502E0	5.268973940E1	6.019621261E1
4.735609103E0	5.289263504E1	6.178228011E1
4.752342704E0	5.250177285E1	6.398477474E1
4.769076305E0	5.211824950E1	6.593190704E1
4.785809906E0	5.155951142E1	6.887841185E1
4.802543507E0	5.216949025E1	7.078368756E1
4.819277108E0	5.234950776E1	7.331190017E1
4.836010710E0	5.226008192E1	7.568770996E1
4.852744311E0	5.161905787E1	7.837098119E1
4.869477912E0	5.084252007E1	8.104011433E1
4.886211513E0	5.077082434E1	8.397600077E1
4.902945114E0	5.128137409E1	8.796439335E1
4.919678715E0	5.131071307E1	9.162582664E1
4.936412316E0	5.060939850E1	9.524573355E1
4.953145917E0	4.945598992E1	9.884337138E1
4.969879518E0	4.942224370E1	1.024943582E2
4.986613119E0	4.997039001E1	1.066530046E2
5.003346720E0	4.994477598E1	1.109353317E2
5.020080321E0	4.946631775E1	1.152074198E2
5.036813922E0	4.857059689E1	1.199625584E2
5.053547523E0	4.819110833E1	1.245445754E2
5.070281124E0	4.796022590E1	1.288673022E2
5.087014726E0	4.814430805E1	1.325403605E2
5.103748327E0	4.818533936E1	1.363998113E2
5.120481928E0	4.786575551E1	1.414499562E2
5.137215529E0	4.689747757E1	1.471095134E2
5.153949130E0	4.665650051E1	1.512942791E2
5.170682731E0	4.683094077E1	1.554500229E2
5.187416332E0	4.677712711E1	1.586784811E2
5.204149933E0	5.500617517E1	1.437430500E2
