194-U_row-1_post-3_wire
t	x	y
3.579343787E1	1.584325286E3	-6.848926463E2
3.581010148E1	1.584153147E3	-6.817270716E2
3.582676509E1	1.584203985E3	-6.786178683E2
3.584342870E1	1.584337114E3	-6.761642405E2
3.586009232E1	1.584407299E3	-6.746473405E2
3.587675593E1	1.583682321E3	-6.733854456E2
3.589341954E1	1.583737312E3	-6.730189991E2
3.591008315E1	1.583634176E3	-6.717930477E2
3.592674676E1	1.583631554E3	-6.702880405E2
3.594341037E1	1.584096861E3	-6.685915901E2
3.596007399E1	1.584446169E3	-6.669530036E2
3.597673760E1	1.584380018E3	-6.658220882E2
3.599340121E1	1.583897177E3	-6.652274220E2
3.601006482E1	1.583126926E3	-6.640002579E2
3.602672843E1	1.582959186E3	-6.622376204E2
3.604339204E1	1.583338796E3	-6.606332765E2
3.606005566E1	1.583852852E3	-6.585804337E2
3.607671927E1	1.583545002E3	-6.577801630E2
3.609338288E1	1.582885597E3	-6.576277765E2
3.611004649E1	1.582651931E3	-6.582562566E2
3.612671010E1	1.583032052E3	-6.571854178E2
3.614337371E1	1.583559038E3	-6.567447902E2
3.616003733E1	1.583917531E3	-6.563633676E2
3.617670094E1	1.582906696E3	-6.563377540E2
3.619336455E1	1.582286514E3	-6.565233545E2
3.621002816E1	1.582097014E3	-6.568956080E2
3.622669177E1	1.582834014E3	-6.575807347E2
3.624335538E1	1.583587772E3	-6.586091851E2
3.626001900E1	1.583454722E3	-6.593393671E2
3.627668261E1	1.582752188E3	-6.615065026E2
3.629334622E1	1.582295655E3	-6.633085916E2
3.631000983E1	1.582781509E3	-6.656041008E2
3.632667344E1	1.583259037E3	-6.679746214E2
3.634333705E1	1.583548386E3	-6.709408283E2
3.636000067E1	1.583241990E3	-6.751886451E2
3.637666428E1	1.582636635E3	-6.787122198E2
3.639332789E1	1.582263589E3	-6.819936680E2
3.640999150E1	1.582799810E3	-6.833686510E2
3.642665511E1	1.583618548E3	-6.842495028E2
3.644331872E1	1.584038675E3	-6.868122243E2
3.645998234E1	1.583037743E3	-6.877109284E2
3.647664595E1	1.582359179E3	-6.883516392E2
3.649330956E1	1.581940269E3	-6.902268101E2
3.650997317E1	1.582598879E3	-6.908559554E2
3.652663678E1	1.582630482E3	-6.913029320E2
3.654330039E1	1.582029644E3	-6.912551346E2
3.655996401E1	1.581717224E3	-6.918310662E2
3.657662762E1	1.581301181E3	-6.924597695E2
3.659329123E1	1.581568928E3	-6.920186488E2
3.660995484E1	1.581714062E3	-6.920221794E2
3.662661845E1	1.581687464E3	-6.917550335E2
3.664328206E1	1.581395351E3	-6.916209549E2
3.665994568E1	1.581174844E3	-6.906980943E2
3.667660929E1	1.581062440E3	-6.903831241E2
3.669327290E1	1.581270841E3	-6.902284292E2
3.670993651E1	1.581144887E3	-6.897683862E2
3.672660012E1	1.581022632E3	-6.890288446E2
3.674326373E1	1.581719042E3	-6.893070594E2
3.675992735E1	1.581967074E3	-6.890265519E2
3.677659096E1	1.581889320E3	-6.887598848E2
3.679325457E1	1.582002223E3	-6.882392412E2
3.680991818E1	1.581961262E3	-6.874045906E2
3.682658179E1	1.582055463E3	-6.870994992E2
3.684324541E1	1.581948238E3	-6.869513383E2
3.685990902E1	1.582035403E3	-6.867251073E2
3.687657263E1	1.582015347E3	-6.855772060E2
3.689323624E1	1.581663836E3	-6.847585859E2
3.690989985E1	1.581858936E3	-6.840304076E2
3.692656346E1	1.583139146E3	-6.832015538E2
3.694322708E1	1.582840329E3	-6.802136090E2
3.695989069E1	1.582358849E3	-6.757507888E2
3.697655430E1	1.581624796E3	-6.707692262E2
3.699321791E1	1.583241854E3	-6.661784633E2
3.700988152E1	1.582949684E3	-6.612833884E2
3.702654513E1	1.583190034E3	-6.577685235E2
3.704320875E1	1.582623009E3	-6.540500018E2
3.705987236E1	1.583024169E3	-6.518544539E2
3.707653597E1	1.582947583E3	-6.484575284E2
3.709319958E1	1.583451892E3	-6.445210558E2
3.710986319E1	1.583667129E3	-6.404528971E2
3.712652680E1	1.582678009E3	-6.342800049E2
3.714319042E1	1.582487193E3	-6.277478261E2
3.715985403E1	1.581838460E3	-5.824491000E2
3.717651764E1	1.581945107E3	-5.718641540E2
3.719318125E1	1.581931350E3	-5.617341353E2
3.720984486E1	1.581895611E3	-5.559155247E2
3.722650847E1	1.581999178E3	-5.544105422E2
3.724317209E1	1.581912127E3	-5.540484059E2
3.725983570E1	1.581838799E3	-5.541325059E2
3.727649931E1	1.582010066E3	-5.543393493E2
3.729316292E1	1.581920543E3	-5.539961395E2
3.730982653E1	1.582040443E3	-5.540506620E2
3.732649014E1	1.581917332E3	-5.539997506E2
3.734315376E1	1.582088527E3	-5.539007019E2
3.735981737E1	1.581998058E3	-5.540364187E2
