195-I_row-22_post-4_ref
t	x	y
3.882620017E1	1.445564140E3	5.898027576E2
3.884289244E1	1.445487285E3	5.860343561E2
3.885958470E1	1.445440426E3	5.833725648E2
3.887627696E1	1.445573880E3	5.819296600E2
3.889296922E1	1.445612585E3	5.813490065E2
3.890966148E1	1.445610973E3	5.806678204E2
3.892635374E1	1.445596592E3	5.799868079E2
3.894304600E1	1.445624303E3	5.783917781E2
3.895973827E1	1.445601909E3	5.746987387E2
3.897643053E1	1.445651816E3	5.685214234E2
3.899312279E1	1.445624584E3	5.625438195E2
3.900981505E1	1.445894823E3	5.595164146E2
3.902650731E1	1.445757328E3	5.578215626E2
3.904319957E1	1.445638813E3	5.561491821E2
3.905989183E1	1.445776548E3	5.510795694E2
3.907658410E1	1.446165725E3	5.426317583E2
3.909327636E1	1.446351732E3	5.326901134E2
3.910996862E1	1.446443172E3	5.248623909E2
3.912666088E1	1.446446494E3	5.219659080E2
3.914335314E1	1.446464632E3	5.208543948E2
3.916004540E1	1.446429595E3	5.204376611E2
3.917673766E1	1.446455297E3	5.191376507E2
3.919342993E1	1.446554483E3	5.161502735E2
3.921012219E1	1.446481169E3	5.108553034E2
3.922681445E1	1.446418603E3	4.998242662E2
3.924350671E1	1.447076898E3	4.871325314E2
3.926019897E1	1.447197037E3	4.787381984E2
3.927689123E1	1.447206214E3	4.756477657E2
3.929358349E1	1.447245435E3	4.730399277E2
3.931027576E1	1.447107981E3	4.704757219E2
3.932696802E1	1.447155188E3	4.686435252E2
3.934366028E1	1.447191456E3	4.671837755E2
3.936035254E1	1.447338340E3	4.651323812E2
3.937704480E1	1.447245311E3	4.597798378E2
3.939373706E1	1.447160571E3	4.532239088E2
3.941042932E1	1.447232971E3	4.474225002E2
3.942712159E1	1.447224466E3	4.419014224E2
3.944381385E1	1.447663800E3	4.334979362E2
3.946050611E1	1.447825351E3	4.249243447E2
3.947719837E1	1.447876635E3	4.187009018E2
3.949389063E1	1.447868806E3	4.149688084E2
3.951058289E1	1.447931935E3	4.133860943E2
3.952727516E1	1.447981127E3	4.122221402E2
3.954396742E1	1.447954349E3	4.103332095E2
3.956065968E1	1.447885257E3	4.080245728E2
3.957735194E1	1.447870595E3	4.027268948E2
3.959404420E1	1.447957454E3	3.953381022E2
3.961073646E1	1.448302866E3	3.892564293E2
3.962742872E1	1.448512966E3	3.831014769E2
3.964412099E1	1.448586117E3	3.782792272E2
3.966081325E1	1.448679251E3	3.736227864E2
3.967750551E1	1.448635645E3	3.709048415E2
3.969419777E1	1.448684537E3	3.699032637E2
3.971089003E1	1.448755383E3	3.687702609E2
3.972758229E1	1.448622057E3	3.661539129E2
3.974427455E1	1.448746537E3	3.628352102E2
3.976096682E1	1.448669016E3	3.591002819E2
3.977765908E1	1.448717427E3	3.550093992E2
3.979435134E1	1.448686445E3	3.510891400E2
3.981104360E1	1.448887497E3	3.487087988E2
3.982773586E1	1.448791501E3	3.462773597E2
3.984442812E1	1.448799561E3	3.412836076E2
3.986112038E1	1.449100570E3	3.340490027E2
3.987781265E1	1.449224002E3	3.287540987E2
3.989450491E1	1.449139544E3	3.265410547E2
3.991119717E1	1.449157943E3	3.251164779E2
3.992788943E1	1.449323544E3	3.235434480E2
3.994458169E1	1.449338706E3	3.192195568E2
3.996127395E1	1.449347812E3	3.137065122E2
3.997796621E1	1.449461321E3	3.094178263E2
3.999465848E1	1.449440744E3	3.055581207E2
4.001135074E1	1.449418186E3	3.025224694E2
4.002804300E1	1.449387700E3	3.009301674E2
4.004473526E1	1.449350110E3	2.998884929E2
4.006142752E1	1.449427715E3	2.984782828E2
4.007811978E1	1.449469045E3	2.948498991E2
4.009481205E1	1.449436288E3	2.894146069E2
4.011150431E1	1.449535536E3	2.856877658E2
4.012819657E1	1.449399020E3	2.848212018E2
4.014488883E1	1.449674576E3	2.846078158E2
4.016158109E1	1.449556167E3	2.847254140E2
4.017827335E1	1.449399480E3	2.847528425E2
4.019496561E1	1.449412289E3	2.848265104E2
4.021165788E1	1.449428116E3	2.847611812E2
4.022835014E1	1.449372846E3	2.848358171E2
4.024504240E1	1.449434003E3	2.849055204E2
4.026173466E1	1.449342045E3	2.848258985E2
4.027842692E1	1.449379513E3	2.848852167E2
4.029511918E1	1.449292642E3	2.851265512E2
4.031181144E1	1.449309137E3	2.849518287E2
4.032850371E1	1.449372327E3	2.850201378E2
4.034519597E1	1.449358599E3	2.849515603E2
4.036188823E1	1.449272828E3	2.849296795E2
4.037858049E1	1.449360948E3	2.848723746E2
