195-I_row-22_post-1_ref
t	x	y
9.013821192E0	1.835390278E3	9.771445600E2
9.030513454E0	1.835484120E3	9.769869194E2
9.047205715E0	1.835363882E3	9.771359719E2
9.063897977E0	1.835415383E3	9.763886870E2
9.080590238E0	1.835377646E3	9.752279522E2
9.097282500E0	1.835378959E3	9.718570012E2
9.113974761E0	1.835510114E3	9.683349837E2
9.130667023E0	1.835419597E3	9.672081712E2
9.147359284E0	1.835367287E3	9.666875102E2
9.164051546E0	1.835403751E3	9.664686449E2
9.180743807E0	1.835382361E3	9.664799312E2
9.197436069E0	1.835506486E3	9.664906055E2
9.214128330E0	1.835426493E3	9.664802321E2
9.230820592E0	1.835391897E3	9.664734898E2
9.247512853E0	1.835375514E3	9.664524942E2
9.264205115E0	1.835436759E3	9.664165437E2
9.280897376E0	1.835397820E3	9.664184166E2
9.297589637E0	1.835384871E3	9.664205495E2
9.314281899E0	1.835390474E3	9.663076410E2
9.330974160E0	1.835487089E3	9.657359766E2
9.347666422E0	1.835450134E3	9.641759962E2
9.364358683E0	1.835446329E3	9.611027565E2
9.381050945E0	1.835500780E3	9.586454913E2
9.397743206E0	1.835517467E3	9.576468775E2
9.414435468E0	1.835399295E3	9.572608607E2
9.431127729E0	1.835508663E3	9.568008619E2
9.447819991E0	1.835487838E3	9.562178557E2
9.464512252E0	1.835408556E3	9.558380143E2
9.481204514E0	1.835395078E3	9.558291156E2
9.497896775E0	1.835454672E3	9.556044830E2
9.514589037E0	1.835423459E3	9.557387762E2
9.531281298E0	1.835349215E3	9.558205462E2
9.547973559E0	1.835467347E3	9.556524370E2
9.564665821E0	1.835467046E3	9.556990175E2
9.581358082E0	1.835259002E3	9.553137469E2
9.598050344E0	1.835465813E3	9.555799528E2
9.614742605E0	1.835465171E3	9.552231837E2
9.631434867E0	1.835471097E3	9.555939284E2
9.648127128E0	1.835536428E3	9.553070861E2
9.664819390E0	1.835406115E3	9.552330831E2
9.681511651E0	1.835388656E3	9.550888332E2
9.698203913E0	1.835390508E3	9.551705166E2
9.714896174E0	1.835352061E3	9.551027423E2
9.731588436E0	1.835333317E3	9.551545227E2
9.748280697E0	1.835461090E3	9.551994414E2
9.764972959E0	1.835379993E3	9.551029727E2
9.781665220E0	1.835321270E3	9.551884150E2
9.798357481E0	1.835413060E3	9.551390478E2
9.815049743E0	1.835425652E3	9.551146733E2
9.831742004E0	1.835403054E3	9.550414271E2
9.848434266E0	1.835393591E3	9.550684301E2
9.865126527E0	1.835405509E3	9.550448240E2
9.881818789E0	1.835355445E3	9.549599605E2
9.898511050E0	1.835405770E3	9.548684245E2
9.915203312E0	1.835381014E3	9.546539101E2
9.931895573E0	1.835383397E3	9.545016322E2
9.948587835E0	1.835267210E3	9.545888722E2
9.965280096E0	1.835384455E3	9.543934870E2
9.981972358E0	1.835421418E3	9.543160707E2
9.998664619E0	1.835444836E3	9.543613734E2
1.001535688E1	1.835210080E3	9.543538539E2
1.003204914E1	1.835422868E3	9.543328135E2
1.004874140E1	1.835433787E3	9.542711120E2
1.006543366E1	1.835382371E3	9.542599391E2
1.008212593E1	1.835372334E3	9.539972002E2
1.009881819E1	1.835314049E3	9.539817170E2
1.011551045E1	1.835381566E3	9.537160073E2
1.013220271E1	1.835412485E3	9.536400091E2
1.014889497E1	1.835461265E3	9.534888139E2
1.016558723E1	1.835384238E3	9.534627138E2
1.018227950E1	1.835376710E3	9.534708775E2
1.019897176E1	1.835364335E3	9.535295189E2
1.021566402E1	1.835456112E3	9.534208322E2
1.023235628E1	1.835324602E3	9.534506987E2
1.024904854E1	1.835470708E3	9.532626550E2
1.026574080E1	1.835316260E3	9.534003115E2
1.028243306E1	1.835310798E3	9.533876090E2
1.029912533E1	1.835358602E3	9.528643291E2
1.031581759E1	1.835394742E3	9.528355018E2
1.033250985E1	1.835407205E3	9.528434060E2
1.034920211E1	1.835440056E3	9.528051451E2
1.036589437E1	1.835385460E3	9.528294672E2
1.038258663E1	1.835287507E3	9.528294162E2
1.039927889E1	1.835385882E3	9.526851352E2
1.041597116E1	1.835390062E3	9.523220496E2
1.043266342E1	1.835455211E3	9.520221139E2
1.044935568E1	1.835395169E3	9.518893500E2
1.046604794E1	1.835388823E3	9.513352829E2
1.048274020E1	1.835306941E3	9.506954834E2
1.049943246E1	1.835379299E3	9.497733320E2
1.051612472E1	1.835361028E3	9.489042940E2
1.053281699E1	1.835367432E3	9.476112704E2
1.054950925E1	1.835384652E3	9.460903410E2
1.056620151E1	1.835477133E3	9.452738007E2
1.058289377E1	1.835431200E3	9.446072634E2
1.059958603E1	1.835508656E3	9.442103800E2
1.061627829E1	1.835412582E3	9.436153882E2
1.063297055E1	1.835415519E3	9.421080701E2
1.064966282E1	1.835468535E3	9.396133967E2
1.066635508E1	1.835404961E3	9.376938195E2
1.068304734E1	1.835400151E3	9.361682460E2
1.069973960E1	1.835644577E3	9.346489963E2
1.071643186E1	1.835573366E3	9.340167053E2
1.073312412E1	1.835463489E3	9.331162127E2
1.074981639E1	1.835374592E3	9.326957340E2
1.076650865E1	1.835568617E3	9.321018364E2
1.078320091E1	1.835456046E3	9.315242075E2
1.079989317E1	1.835748959E3	9.313704684E2
1.081658543E1	1.835381183E3	9.308137039E2
1.083327769E1	1.835387100E3	9.300122247E2
1.084996995E1	1.835338056E3	9.292492032E2
1.086666222E1	1.835346926E3	9.281952960E2
1.088335448E1	1.835458837E3	9.275744064E2
1.090004674E1	1.835401919E3	9.269677517E2
1.091673900E1	1.835490687E3	9.262360194E2
1.093343126E1	1.835444943E3	9.257314350E2
1.095012352E1	1.835422061E3	9.254682576E2
1.096681578E1	1.835406279E3	9.249732910E2
1.098350805E1	1.835514539E3	9.244318636E2
1.100020031E1	1.835457073E3	9.238607031E2
1.101689257E1	1.835510951E3	9.228826532E2
1.103358483E1	1.835405959E3	9.218763947E2
1.105027709E1	1.835429775E3	9.206888959E2
1.106696935E1	1.835414251E3	9.191599075E2
1.108366161E1	1.835522635E3	9.169837748E2
1.110035388E1	1.835442308E3	9.147463763E2
1.111704614E1	1.835450688E3	9.125621583E2
1.113373840E1	1.835438514E3	9.103334819E2
1.115043066E1	1.835459683E3	9.076040814E2
1.116712292E1	1.835586878E3	9.042967939E2
1.118381518E1	1.835410167E3	9.021810171E2
1.120050744E1	1.835442435E3	9.000543927E2
1.121719971E1	1.835471176E3	8.978126711E2
1.123389197E1	1.835528729E3	8.949853353E2
1.125058423E1	1.835648548E3	8.916346897E2
1.126727649E1	1.835635671E3	8.885825394E2
1.128396875E1	1.835584627E3	8.860208188E2
1.130066101E1	1.835410595E3	8.843333535E2
1.131735328E1	1.835473949E3	8.831691768E2
1.133404554E1	1.835432335E3	8.821445007E2
1.135073780E1	1.835472937E3	8.812200268E2
1.136743006E1	1.835542027E3	8.802952261E2
1.138412232E1	1.835419629E3	8.797396191E2
1.140081458E1	1.835452638E3	8.790877858E2
1.141750684E1	1.835527801E3	8.787971239E2
1.143419911E1	1.835543969E3	8.782405731E2
1.145089137E1	1.835411941E3	8.767830779E2
1.146758363E1	1.835482263E3	8.752609263E2
1.148427589E1	1.835541111E3	8.734690585E2
1.150096815E1	1.835352438E3	8.721906372E2
1.151766041E1	1.835445731E3	8.709551658E2
1.153435267E1	1.835420836E3	8.704346690E2
1.155104494E1	1.835484722E3	8.696814051E2
1.156773720E1	1.835554129E3	8.685146396E2
1.158442946E1	1.835545307E3	8.671825647E2
1.160112172E1	1.835447010E3	8.654366549E2
1.161781398E1	1.835503059E3	8.630309778E2
1.163450624E1	1.835401150E3	8.600192219E2
1.165119850E1	1.835598532E3	8.570361485E2
1.166789077E1	1.835497667E3	8.548033669E2
1.168458303E1	1.835648032E3	8.531299275E2
1.170127529E1	1.835726562E3	8.506009362E2
1.171796755E1	1.835660789E3	8.479457621E2
1.173465981E1	1.835702616E3	8.462766750E2
1.175135207E1	1.835534040E3	8.448313777E2
1.176804433E1	1.835529219E3	8.440925739E2
1.178473660E1	1.835454857E3	8.432905716E2
1.180142886E1	1.835545694E3	8.424766268E2
1.181812112E1	1.835458944E3	8.410069940E2
1.183481338E1	1.835567866E3	8.394388577E2
1.185150564E1	1.835412221E3	8.366381081E2
1.186819790E1	1.835718519E3	8.334046428E2
1.188489016E1	1.835690165E3	8.291431687E2
1.190158243E1	1.835613420E3	8.255693096E2
1.191827469E1	1.835453815E3	8.220282716E2
1.193496695E1	1.835515430E3	8.183852746E2
1.195165921E1	1.835884597E3	8.150519468E2
1.196835147E1	1.835819209E3	8.113078956E2
1.198504373E1	1.836049120E3	8.081554936E2
1.200173600E1	1.836153004E3	8.062238964E2
1.201842826E1	1.836072349E3	8.053339845E2
1.203512052E1	1.836180974E3	8.044383932E2
1.205181278E1	1.836183452E3	8.029581965E2
1.206850504E1	1.836220605E3	8.014408267E2
1.208519730E1	1.836151886E3	7.997794470E2
1.210188956E1	1.836290197E3	7.983263453E2
1.211858183E1	1.836187555E3	7.969950928E2
1.213527409E1	1.836208156E3	7.960644761E2
1.215196635E1	1.836143692E3	7.953903728E2
1.216865861E1	1.836173581E3	7.948477682E2
1.218535087E1	1.836185413E3	7.938517297E2
