195-I_row-22_post-1_wire
t	x	y
9.013821192E0	1.460325146E3	9.741443375E2
9.030513454E0	1.460485198E3	9.741719014E2
9.047205715E0	1.460520154E3	9.744867016E2
9.063897977E0	1.460796334E3	9.736768676E2
9.080590238E0	1.460343816E3	9.725993802E2
9.097282500E0	1.459750481E3	9.700126701E2
9.113974761E0	1.459860476E3	9.674149522E2
9.130667023E0	1.460438751E3	9.667005490E2
9.147359284E0	1.461116149E3	9.664026364E2
9.164051546E0	1.461087738E3	9.657582824E2
9.180743807E0	1.460278720E3	9.655505916E2
9.197436069E0	1.460213804E3	9.657234824E2
9.214128330E0	1.460436519E3	9.658859456E2
9.230820592E0	1.461094213E3	9.661518784E2
9.247512853E0	1.460995431E3	9.659213287E2
9.264205115E0	1.460293761E3	9.657598249E2
9.280897376E0	1.459548518E3	9.655625890E2
9.297589637E0	1.459984147E3	9.656592649E2
9.314281899E0	1.461093857E3	9.656951178E2
9.330974160E0	1.461680037E3	9.651194326E2
9.347666422E0	1.461113273E3	9.636777907E2
9.364358683E0	1.460384506E3	9.611841871E2
9.381050945E0	1.460371040E3	9.594450677E2
9.397743206E0	1.460980898E3	9.589274349E2
9.414435468E0	1.461053638E3	9.588719510E2
9.431127729E0	1.461085823E3	9.587784964E2
9.447819991E0	1.460606787E3	9.580806613E2
9.464512252E0	1.460388682E3	9.574613974E2
9.481204514E0	1.460590864E3	9.573759615E2
9.497896775E0	1.461144696E3	9.572997093E2
9.514589037E0	1.461129540E3	9.574186672E2
9.531281298E0	1.460944651E3	9.574934435E2
9.547973559E0	1.460963017E3	9.573690328E2
9.564665821E0	1.460913767E3	9.573632873E2
9.581358082E0	1.460384906E3	9.571043523E2
9.598050344E0	1.460714368E3	9.574054393E2
9.614742605E0	1.461047085E3	9.572899721E2
9.631434867E0	1.461253781E3	9.573582917E2
9.648127128E0	1.461517735E3	9.568519182E2
9.664819390E0	1.461507274E3	9.567350519E2
9.681511651E0	1.461197745E3	9.566641416E2
9.698203913E0	1.461177188E3	9.573158937E2
9.714896174E0	1.461055483E3	9.573476006E2
9.731588436E0	1.461014288E3	9.574204617E2
9.748280697E0	1.461049610E3	9.573896304E2
9.764972959E0	1.460900855E3	9.570071841E2
9.781665220E0	1.461044587E3	9.571269462E2
9.798357481E0	1.461671826E3	9.572660638E2
9.815049743E0	1.461910544E3	9.572545321E2
9.831742004E0	1.461766169E3	9.568644489E2
9.848434266E0	1.461273724E3	9.568012480E2
9.865126527E0	1.461119045E3	9.568029701E2
9.881818789E0	1.461093524E3	9.569228266E2
9.898511050E0	1.461409569E3	9.569085020E2
9.915203312E0	1.461276692E3	9.566560216E2
9.931895573E0	1.461113669E3	9.564399992E2
9.948587835E0	1.460827649E3	9.563978275E2
9.965280096E0	1.461132399E3	9.564880632E2
9.981972358E0	1.461711199E3	9.565518578E2
9.998664619E0	1.461894113E3	9.567186510E2
1.001535688E1	1.461153261E3	9.566819966E2
1.003204914E1	1.461086819E3	9.566416748E2
1.004874140E1	1.460819498E3	9.565547167E2
1.006543366E1	1.461027707E3	9.566253889E2
1.008212593E1	1.461260840E3	9.565026104E2
1.009881819E1	1.461331834E3	9.563241456E2
1.011551045E1	1.461174269E3	9.559755395E2
1.013220271E1	1.461005347E3	9.558896391E2
1.014889497E1	1.460958527E3	9.558013563E2
1.016558723E1	1.461095809E3	9.559058723E2
1.018227950E1	1.461263724E3	9.559698785E2
1.019897176E1	1.461101922E3	9.559660176E2
1.021566402E1	1.460722118E3	9.557037300E2
1.023235628E1	1.460268475E3	9.556649352E2
1.024904854E1	1.460928903E3	9.554250428E2
1.026574080E1	1.461394142E3	9.554858303E2
1.028243306E1	1.461292979E3	9.553380743E2
1.029912533E1	1.460971538E3	9.550608827E2
1.031581759E1	1.460347137E3	9.550958842E2
1.033250985E1	1.460363165E3	9.551157394E2
1.034920211E1	1.461102639E3	9.551022486E2
1.036589437E1	1.461350856E3	9.552223993E2
1.038258663E1	1.460739689E3	9.551713695E2
1.039927889E1	1.460250211E3	9.548942023E2
1.041597116E1	1.460238576E3	9.544956694E2
1.043266342E1	1.461136528E3	9.542974678E2
1.044935568E1	1.461788226E3	9.543121680E2
1.046604794E1	1.461740900E3	9.539445804E2
1.048274020E1	1.460467368E3	9.535639847E2
1.049943246E1	1.459857155E3	9.527623008E2
1.051612472E1	1.460185284E3	9.520627242E2
1.053281699E1	1.461242661E3	9.512670242E2
1.054950925E1	1.461635145E3	9.500183496E2
1.056620151E1	1.461133417E3	9.491989147E2
1.058289377E1	1.460194257E3	9.486405762E2
1.059958603E1	1.460351481E3	9.482323914E2
1.061627829E1	1.461236792E3	9.477902300E2
1.063297055E1	1.461916713E3	9.467664599E2
1.064966282E1	1.461344446E3	9.449536189E2
1.066635508E1	1.460152201E3	9.436152912E2
1.068304734E1	1.459656472E3	9.422988296E2
1.069973960E1	1.460892159E3	9.408769792E2
1.071643186E1	1.462086503E3	9.405543278E2
1.073312412E1	1.462037531E3	9.399348773E2
1.074981639E1	1.460574190E3	9.396215233E2
1.076650865E1	1.459927564E3	9.390861244E2
1.078320091E1	1.460274663E3	9.385126773E2
1.079989317E1	1.461796802E3	9.384111804E2
1.081658543E1	1.461810532E3	9.382881899E2
1.083327769E1	1.461074474E3	9.376661227E2
1.084996995E1	1.459713301E3	9.369761975E2
1.086666222E1	1.459649673E3	9.360396611E2
1.088335448E1	1.461014717E3	9.353735343E2
1.090004674E1	1.461756766E3	9.349521000E2
1.091673900E1	1.461690739E3	9.345363409E2
1.093343126E1	1.460453009E3	9.342092527E2
1.095012352E1	1.460095027E3	9.339453897E2
1.096681578E1	1.460528205E3	9.335036260E2
1.098350805E1	1.461327758E3	9.330791416E2
1.100020031E1	1.461581723E3	9.325727570E2
1.101689257E1	1.461038351E3	9.317645030E2
1.103358483E1	1.460332297E3	9.310594033E2
1.105027709E1	1.460399079E3	9.300145788E2
1.106696935E1	1.460971589E3	9.286395218E2
1.108366161E1	1.461191710E3	9.270241823E2
1.110035388E1	1.461055950E3	9.254615317E2
1.111704614E1	1.460693598E3	9.240377563E2
1.113373840E1	1.460459491E3	9.224101533E2
1.115043066E1	1.460431506E3	9.201514859E2
1.116712292E1	1.460834198E3	9.175893007E2
1.118381518E1	1.460505886E3	9.161863953E2
1.120050744E1	1.460369386E3	9.147442796E2
1.121719971E1	1.460321422E3	9.131918118E2
1.123389197E1	1.460401810E3	9.110908213E2
1.125058423E1	1.460379099E3	9.087485860E2
1.126727649E1	1.460288546E3	9.064561350E2
1.128396875E1	1.460313761E3	9.045883857E2
1.130066101E1	1.460165119E3	9.033133337E2
1.131735328E1	1.460319209E3	9.025580606E2
1.133404554E1	1.460258824E3	9.018127117E2
1.135073780E1	1.460272381E3	9.010678483E2
1.136743006E1	1.460349327E3	9.004220475E2
1.138412232E1	1.460291709E3	8.999662036E2
1.140081458E1	1.460358700E3	8.995972389E2
1.141750684E1	1.460308802E3	8.995478557E2
1.143419911E1	1.460196671E3	8.990509235E2
1.145089137E1	1.460083797E3	8.979982529E2
1.146758363E1	1.460399110E3	8.967228345E2
1.148427589E1	1.460641740E3	8.953213948E2
1.150096815E1	1.460312366E3	8.944669462E2
1.151766041E1	1.460125557E3	8.938606406E2
1.153435267E1	1.459829827E3	8.935371121E2
1.155104494E1	1.460101728E3	8.930130046E2
1.156773720E1	1.460362940E3	8.921064097E2
1.158442946E1	1.460379807E3	8.913106505E2
1.160112172E1	1.460217919E3	8.905583218E2
1.161781398E1	1.460157331E3	8.892877127E2
1.163450624E1	1.459982276E3	8.876328486E2
1.165119850E1	1.460256562E3	8.864432692E2
1.166789077E1	1.460232658E3	8.857380995E2
1.168458303E1	1.460290375E3	8.859307527E2
1.170127529E1	1.460155615E3	8.884791718E2
1.171796755E1	1.460013585E3	8.908164008E2
1.173465981E1	1.460225270E3	8.913767111E2
1.175135207E1	1.460328434E3	8.910234994E2
1.176804433E1	1.460407593E3	8.907002456E2
1.178473660E1	1.460272760E3	8.905586431E2
1.180142886E1	1.460339489E3	8.913920736E2
1.181812112E1	1.460243384E3	8.917045556E2
1.183481338E1	1.460281674E3	8.919147189E2
1.185150564E1	1.460007776E3	8.925014703E2
1.186819790E1	1.460209105E3	8.936058119E2
1.188489016E1	1.460117550E3	8.949636675E2
1.190158243E1	1.459685832E3	9.576987999E2
1.191827469E1	1.459401251E3	9.575504851E2
1.193496695E1	1.459479147E3	9.561339748E2
1.195165921E1	1.459634504E3	9.553437219E2
1.196835147E1	1.459593126E3	9.550495520E2
1.198504373E1	1.459547472E3	9.566520945E2
1.200173600E1	1.459403923E3	9.603561412E2
1.201842826E1	1.458944177E3	9.601355010E2
1.203512052E1	1.458914815E3	9.598411194E2
1.205181278E1	1.459360498E3	9.591526074E2
1.206850504E1	1.459781776E3	9.587574882E2
1.208519730E1	1.459639774E3	9.589664294E2
1.210188956E1	1.459566676E3	9.584975459E2
1.211858183E1	1.459226349E3	9.584303974E2
