198-U_row-5_post-4_ref
t	x	y
1.960032667E1	6.553855165E2	-3.970088876E2
1.961699362E1	6.553594710E2	-3.963597860E2
1.963366056E1	6.553579862E2	-3.956160301E2
1.965032751E1	6.553566077E2	-3.947596928E2
1.966699445E1	6.553691156E2	-3.938835921E2
1.968366139E1	6.553848943E2	-3.923184218E2
1.970032834E1	6.553319839E2	-3.892442392E2
1.971699528E1	6.552212477E2	-3.849088173E2
1.973366223E1	6.550751363E2	-3.809376959E2
1.975032917E1	6.553556718E2	-3.767351038E2
1.976699612E1	6.549474733E2	-3.717265233E2
1.978366306E1	6.546958051E2	-3.676015025E2
1.980033001E1	6.546951066E2	-3.637987729E2
1.981699695E1	6.545839846E2	-3.593968027E2
1.983366389E1	6.545526502E2	-3.551635649E2
1.985033084E1	6.544891755E2	-3.516976091E2
1.986699778E1	6.543921963E2	-3.488134849E2
1.988366473E1	6.541151418E2	-3.456361320E2
1.990033167E1	6.540923342E2	-3.418608703E2
1.991699862E1	6.538910200E2	-3.369364540E2
1.993366556E1	6.537460590E2	-3.288506455E2
1.995033251E1	6.535700473E2	-3.209504057E2
1.996699945E1	6.535157416E2	-3.147252991E2
1.998366639E1	6.534043164E2	-3.098069772E2
2.000033334E1	6.530717779E2	-3.057436518E2
2.001700028E1	6.530471548E2	-3.009530127E2
2.003366723E1	6.529967305E2	-2.945503772E2
2.005033417E1	6.527858409E2	-2.861013175E2
2.006700112E1	6.524370912E2	-2.767624697E2
2.008366806E1	6.522080939E2	-2.690435496E2
2.010033501E1	6.519637003E2	-2.625720994E2
2.011700195E1	6.520068096E2	-2.562484586E2
2.013366889E1	6.516615235E2	-2.496423447E2
2.015033584E1	6.513886254E2	-2.421073527E2
2.016700278E1	6.511153519E2	-2.338715178E2
2.018366973E1	6.509874139E2	-2.264139165E2
2.020033667E1	6.508094611E2	-2.201798910E2
2.021700362E1	6.506259044E2	-2.153889286E2
2.023367056E1	6.506469837E2	-2.123908011E2
2.025033751E1	6.505839156E2	-2.104935717E2
2.026700445E1	6.506512667E2	-2.081719544E2
2.028367139E1	6.505637855E2	-2.056448781E2
2.030033834E1	6.506007754E2	-2.022252940E2
2.031700528E1	6.504589407E2	-1.979711283E2
2.033367223E1	6.505553319E2	-1.931141684E2
2.035033917E1	6.501353359E2	-1.872688874E2
2.036700612E1	6.500934211E2	-1.809623144E2
2.038367306E1	6.499500915E2	-1.740337463E2
2.040034001E1	6.496870219E2	-1.669954082E2
2.041700695E1	6.496009151E2	-1.592021869E2
2.043367389E1	6.492832987E2	-1.517848072E2
2.045034084E1	6.491989722E2	-1.455963595E2
2.046700778E1	6.490919192E2	-1.408144823E2
2.048367473E1	6.489910585E2	-1.370416191E2
2.050034167E1	6.488574963E2	-1.323449874E2
2.051700862E1	6.485313361E2	-1.255168250E2
2.053367556E1	6.485031200E2	-1.163059932E2
2.055034251E1	6.480614428E2	-1.058456941E2
2.056700945E1	6.476656677E2	-9.473973355E1
2.058367639E1	6.475106248E2	-8.359087423E1
2.060034334E1	6.471005364E2	-7.429445872E1
2.061701028E1	6.469657549E2	-6.597276399E1
2.063367723E1	6.468728372E2	-5.717152764E1
2.065034417E1	6.467095152E2	-5.003602795E1
2.066701112E1	6.464840260E2	-4.358628557E1
2.068367806E1	6.462022554E2	-3.664090920E1
2.070034501E1	6.461550351E2	-3.031894144E1
2.071701195E1	6.460385905E2	-2.335238664E1
2.073367889E1	6.458334633E2	-1.639322892E1
2.075034584E1	6.457344990E2	-9.993512652E0
2.076701278E1	6.455345145E2	-3.087043466E0
2.078367973E1	6.453796677E2	4.565875313E0
2.080034667E1	6.451494947E2	1.344428620E1
2.081701362E1	6.449932595E2	2.167850354E1
2.083368056E1	6.447072411E2	2.870981829E1
2.085034751E1	6.446370178E2	3.406097417E1
2.086701445E1	6.446859952E2	3.804286131E1
2.088368139E1	6.445407313E2	4.128854504E1
2.090034834E1	6.445302826E2	4.410063972E1
2.091701528E1	6.445744066E2	4.640033096E1
2.093368223E1	6.443269875E2	4.731665135E1
2.095034917E1	6.445989771E2	4.796620491E1
2.096701612E1	6.445933798E2	4.865859554E1
2.098368306E1	6.445329465E2	4.956293522E1
2.100035001E1	6.445963637E2	5.109230156E1
2.101701695E1	6.445015452E2	5.334234103E1
2.103368389E1	6.444793393E2	5.500032119E1
2.105035084E1	6.445787075E2	5.585619643E1
2.106701778E1	6.445621938E2	5.720085449E1
2.108368473E1	6.442343199E2	5.958584182E1
2.110035167E1	6.442595998E2	6.439182459E1
2.111701862E1	6.442721867E2	7.202089273E1
2.113368556E1	6.444163760E2	8.040005446E1
2.115035251E1	6.440585814E2	8.685763441E1
2.116701945E1	6.437416317E2	9.146051819E1
2.118368639E1	6.432209147E2	9.794641092E1
2.120035334E1	6.436612276E2	1.105052446E2
2.121702028E1	6.434512641E2	1.274941913E2
2.123368723E1	6.430657387E2	1.457408165E2
2.125035417E1	6.429119466E2	1.613177313E2
2.126702112E1	6.427632711E2	1.717072698E2
