198-U_row-5_post-2_ref
t	x	y
2.733378890E0	6.430357432E2	1.331838293E0
2.750045834E0	6.429321962E2	6.916704735E0
2.766712779E0	6.427553709E2	1.185701431E1
2.783379723E0	6.428958850E2	1.524583396E1
2.800046667E0	6.430561160E2	1.799795617E1
2.816713612E0	6.426241905E2	2.063916901E1
2.833380556E0	6.425042101E2	2.504958416E1
2.850047501E0	6.422681942E2	2.934392512E1
2.866714445E0	6.423348513E2	3.298685476E1
2.883381390E0	6.422161311E2	3.620459146E1
2.900048334E0	6.422515456E2	3.872229778E1
2.916715279E0	6.422563627E2	4.079920087E1
2.933382223E0	6.422036150E2	4.233097331E1
2.950049167E0	6.420146162E2	4.374395512E1
2.966716112E0	6.421933000E2	4.452076607E1
2.983383056E0	6.421410276E2	4.515898553E1
3.000050001E0	6.421690666E2	4.585208553E1
3.016716945E0	6.422660161E2	4.637810790E1
3.033383890E0	6.421475222E2	4.684713583E1
3.050050834E0	6.422024005E2	4.743524092E1
3.066717779E0	6.422132826E2	4.820502345E1
3.083384723E0	6.422987392E2	4.883659239E1
3.100051668E0	6.422336405E2	4.944582326E1
3.116718612E0	6.421578753E2	5.040553092E1
3.133385556E0	6.421906476E2	5.065256923E1
3.150052501E0	6.422251213E2	5.160235405E1
3.166719445E0	6.422420349E2	5.298116811E1
3.183386390E0	6.422153854E2	5.460425156E1
3.200053334E0	6.421562643E2	5.666590499E1
3.216720279E0	6.419359118E2	5.906179281E1
3.233387223E0	6.421770664E2	6.115061161E1
3.250054168E0	6.420576816E2	6.345551499E1
3.266721112E0	6.420464227E2	6.638798016E1
3.283388056E0	6.418357674E2	6.960115706E1
3.300055001E0	6.419462285E2	7.311917718E1
3.316721945E0	6.420560448E2	7.660901061E1
3.333388890E0	6.418606055E2	7.905412220E1
3.350055834E0	6.414937635E2	8.166197216E1
3.366722779E0	6.416292144E2	8.426987584E1
3.383389723E0	6.414044541E2	8.748772228E1
3.400056668E0	6.413759668E2	9.146603990E1
3.416723612E0	6.412212058E2	9.645324074E1
3.433390557E0	6.407405404E2	1.022425199E2
3.450057501E0	6.400277649E2	1.085553847E2
3.466724445E0	6.388001996E2	1.155495269E2
3.483391390E0	6.384878347E2	1.247810539E2
3.500058334E0	6.367486748E2	1.318304992E2
3.516725279E0	6.402135248E2	1.422899434E2
3.533392223E0	6.401624702E2	1.482340510E2
3.550059168E0	6.400533984E2	1.547729562E2
3.566726112E0	6.399603391E2	1.603969334E2
3.583393057E0	6.399352763E2	1.652694604E2
3.600060001E0	6.399583922E2	1.696525769E2
3.616726945E0	6.398975472E2	1.737147470E2
3.633393890E0	6.399066421E2	1.781114257E2
3.650060834E0	6.398900391E2	1.826341939E2
3.666727779E0	6.398002792E2	1.873237952E2
3.683394723E0	6.397544053E2	1.926802250E2
3.700061668E0	6.397382361E2	1.981496228E2
3.716728612E0	6.395188486E2	2.039188948E2
3.733395557E0	6.393143911E2	2.094742442E2
3.750062501E0	6.393952245E2	2.137152511E2
3.766729445E0	6.391328560E2	2.179953935E2
3.783396390E0	6.392136447E2	2.214077970E2
3.800063334E0	6.390421197E2	2.245075459E2
3.816730279E0	6.390871248E2	2.276087115E2
3.833397223E0	6.390129765E2	2.318513335E2
3.850064168E0	6.389963960E2	2.375130203E2
3.866731112E0	6.390318313E2	2.434192660E2
3.883398057E0	6.389329656E2	2.487331664E2
3.900065001E0	6.387498113E2	2.541103811E2
3.916731946E0	6.387473439E2	2.606085360E2
3.933398890E0	6.384895674E2	2.687493180E2
3.950065834E0	6.381204241E2	2.780185764E2
3.966732779E0	6.383320481E2	2.872665733E2
3.983399723E0	6.381290130E2	2.962847351E2
4.000066668E0	6.379584210E2	3.052374233E2
4.016733612E0	6.378156576E2	3.140851020E2
4.033400557E0	6.375660782E2	3.225515145E2
4.050067501E0	6.375734362E2	3.291819573E2
4.066734446E0	6.371631585E2	3.440765079E2
4.083401390E0	6.369502555E2	3.537686333E2
4.100068334E0	6.368615528E2	3.654158852E2
4.116735279E0	6.367165231E2	3.773067803E2
4.133402223E0	6.367951115E2	3.878954572E2
4.150069168E0	6.366339523E2	3.975736248E2
4.166736112E0	6.368550979E2	4.068378013E2
4.183403057E0	6.364214801E2	4.172997725E2
4.200070001E0	6.363017043E2	4.284804848E2
4.216736946E0	6.360827795E2	4.397041410E2
4.233403890E0	6.358484971E2	4.498788406E2
4.250070835E0	6.359073816E2	4.581395959E2
4.266737779E0	6.357422539E2	4.655676044E2
4.283404723E0	6.356212059E2	4.726228137E2
4.300071668E0	6.354529692E2	4.797912732E2
4.316738612E0	6.352834536E2	4.864107500E2
4.333405557E0	6.352669513E2	4.919707978E2
4.350072501E0	6.350940466E2	4.967287939E2
4.366739446E0	6.349480784E2	5.047862686E2
4.383406390E0	6.351410935E2	5.081027783E2
4.400073335E0	6.353361725E2	5.096483042E2
4.416740279E0	6.353172948E2	5.104025594E2
4.433407223E0	6.353908298E2	5.103842401E2
4.450074168E0	6.353523490E2	5.103789229E2
4.466741112E0	6.353919360E2	5.104535458E2
4.483408057E0	6.354393162E2	5.103757529E2
4.500075001E0	6.353125513E2	5.103214741E2
4.516741946E0	6.354058154E2	5.102055222E2
4.533408890E0	6.353927154E2	5.102063330E2
