198-U_row-5_post-4_wire
t	x	y
1.960032667E1	2.342679735E2	8.071579071E0
1.961699362E1	2.336659790E2	8.255636088E0
1.963366056E1	2.335855968E2	8.782074602E0
1.965032751E1	2.334118913E2	9.021125784E0
1.966699445E1	2.337213631E2	9.506565386E0
1.968366139E1	2.340149337E2	1.044222868E1
1.970032834E1	2.340757597E2	1.187647259E1
1.971699528E1	2.337489574E2	1.346179747E1
1.973366223E1	2.336351983E2	1.507076064E1
1.975032917E1	2.338334801E2	1.656395803E1
1.976699612E1	2.335785801E2	1.827807524E1
1.978366306E1	2.337113428E2	2.033773900E1
1.980033001E1	2.335804993E2	2.202391113E1
1.981699695E1	2.336064196E2	2.405602248E1
1.983366389E1	2.332998766E2	2.578010999E1
1.985033084E1	2.332947952E2	2.724389108E1
1.986699778E1	2.332946841E2	2.821376805E1
1.988366473E1	2.333489083E2	2.891622931E1
1.990033167E1	2.340880480E2	3.023982080E1
1.991699862E1	2.334520180E2	3.128729323E1
1.993366556E1	2.333657998E2	3.336282842E1
1.995033251E1	2.333322760E2	3.267915434E1
1.996699945E1	2.333844260E2	3.271339198E1
1.998366639E1	2.335331351E2	3.267081160E1
2.000033334E1	2.332573123E2	3.283444831E1
2.001700028E1	2.330692089E2	3.335477090E1
2.003366723E1	2.329024897E2	3.399636419E1
2.005033417E1	2.328186143E2	3.271602834E1
2.006700112E1	2.332489353E2	2.902769612E1
2.008366806E1	2.333620519E2	2.603323881E1
2.010033501E1	2.333363573E2	2.476979513E1
2.011700195E1	2.327888725E2	2.492251612E1
2.013366889E1	2.327160712E2	2.439370085E1
2.015033584E1	2.331503324E2	2.413573035E1
2.016700278E1	2.333284282E2	2.200628236E1
2.018366973E1	2.335379023E2	2.007197460E1
2.020033667E1	2.331006516E2	1.956034752E1
2.021700362E1	2.326667591E2	2.002959071E1
2.023367056E1	2.332122508E2	2.011119228E1
2.025033751E1	2.337283710E2	1.786174544E1
2.026700445E1	2.335795714E2	1.756340285E1
2.028367139E1	2.331509970E2	1.738253049E1
2.030033834E1	2.332359409E2	1.689640326E1
2.031700528E1	2.333926613E2	1.724815638E1
2.033367223E1	2.341955246E2	1.699651513E1
2.035033917E1	2.341109696E2	1.664791824E1
2.036700612E1	2.341706474E2	1.481210314E1
2.038367306E1	2.336235264E2	1.478742706E1
2.040034001E1	2.334482037E2	1.521044126E1
2.041700695E1	2.338565961E2	1.550771803E1
2.043367389E1	2.339276968E2	1.532446478E1
2.045034084E1	2.337243810E2	1.389633924E1
2.046700778E1	2.331871980E2	1.347650282E1
2.048367473E1	2.329123304E2	1.338546170E1
2.050034167E1	2.333791096E2	1.399848099E1
2.051700862E1	2.337068182E2	1.416820436E1
2.053367556E1	2.337111654E2	1.370620034E1
2.055034251E1	2.333049823E2	1.316075598E1
2.056700945E1	2.328271623E2	1.212740011E1
2.058367639E1	2.330945019E2	1.216113124E1
2.060034334E1	2.335736930E2	1.257634231E1
2.061701028E1	2.337110695E2	1.206275766E1
2.063367723E1	2.333061510E2	1.192224719E1
2.065034417E1	2.325835243E2	1.070149307E1
2.066701112E1	2.321841932E2	1.055637146E1
2.068367806E1	2.326655913E2	1.174273261E1
2.070034501E1	2.334004267E2	1.188875778E1
2.071701195E1	2.333582301E2	1.202934693E1
2.073367889E1	2.324592882E2	1.136077088E1
2.075034584E1	2.319413106E2	1.061284234E1
2.076701278E1	2.323299094E2	1.052096407E1
2.078367973E1	2.332457842E2	1.144777701E1
2.080034667E1	2.336431518E2	1.320017867E1
2.081701362E1	2.332164331E2	1.440252739E1
2.083368056E1	2.324931453E2	1.476600344E1
2.085034751E1	2.323149732E2	1.530199481E1
2.086701445E1	2.331400953E2	1.621611136E1
2.088368139E1	2.337309949E2	1.743973204E1
2.090034834E1	2.335545491E2	1.820041269E1
2.091701528E1	2.327082173E2	1.757132858E1
2.093368223E1	2.316301689E2	1.743719022E1
2.095034917E1	2.323907259E2	1.621479505E1
2.096701612E1	2.336122499E2	1.668402785E1
2.098368306E1	2.342074347E2	1.705314003E1
2.100035001E1	2.336236710E2	1.775400211E1
2.101701695E1	2.323102083E2	1.760713591E1
2.103368389E1	2.318286044E2	1.734982112E1
2.105035084E1	2.327550738E2	1.720546919E1
2.106701778E1	2.338453455E2	1.804823957E1
2.108368473E1	2.335911924E2	1.911381013E1
2.110035167E1	2.329409239E2	1.968614275E1
2.111701862E1	2.322411682E2	1.959837330E1
2.113368556E1	2.326770220E2	2.096870481E1
