198-U_row-5_post-2_wire
t	x	y
2.733378890E0	2.178827484E2	8.305431498E0
2.750045834E0	2.172179149E2	1.122890493E1
2.766712779E0	2.163323350E2	1.367928012E1
2.783379723E0	2.164198003E2	1.521481290E1
2.800046667E0	2.174128039E2	1.614182428E1
2.816713612E0	2.177789735E2	1.752584279E1
2.833380556E0	2.178683591E2	1.969969066E1
2.850047501E0	2.169451866E2	2.165050225E1
2.866714445E0	2.165239909E2	2.309076736E1
2.883381390E0	2.167700067E2	2.464906295E1
2.900048334E0	2.177824485E2	2.597667966E1
2.916715279E0	2.180229957E2	2.679872972E1
2.933382223E0	2.172918200E2	2.753344518E1
2.950049167E0	2.163544982E2	2.813910248E1
2.966716112E0	2.163837218E2	2.816818073E1
2.983383056E0	2.171103674E2	2.821405687E1
3.000050001E0	2.178494526E2	2.833823843E1
3.016716945E0	2.180228318E2	2.884513358E1
3.033383890E0	2.170330816E2	2.899296085E1
3.050050834E0	2.162726610E2	2.910639195E1
3.066717779E0	2.164390961E2	2.931139067E1
3.083384723E0	2.176024429E2	2.923482064E1
3.100051668E0	2.181210538E2	2.970854073E1
3.116718612E0	2.176642216E2	3.034789437E1
3.133385556E0	2.164211419E2	3.019595247E1
3.150052501E0	2.163635405E2	3.052139175E1
3.166719445E0	2.171574131E2	3.112364413E1
3.183386390E0	2.179399813E2	3.142313987E1
3.200053334E0	2.179381444E2	3.210223771E1
3.216720279E0	2.170345515E2	3.286755093E1
3.233387223E0	2.163233394E2	3.292418405E1
3.250054168E0	2.163478510E2	3.312172148E1
3.266721112E0	2.175345711E2	3.369334457E1
3.283388056E0	2.180966254E2	3.448550028E1
3.300055001E0	2.178660321E2	3.519857361E1
3.316721945E0	2.166717480E2	3.593817932E1
3.333388890E0	2.161467771E2	3.598340490E1
3.350055834E0	2.164919883E2	3.606963422E1
3.366722779E0	2.180184790E2	3.666420593E1
3.383389723E0	2.179615015E2	3.712743198E1
3.400056668E0	2.170583674E2	3.691699727E1
3.416723612E0	2.160833584E2	3.664136335E1
3.433390557E0	2.162822686E2	3.585645980E1
3.450057501E0	2.172884011E2	3.520583808E1
3.466724445E0	2.180459422E2	3.446695212E1
3.483391390E0	2.175964421E2	3.185285973E1
3.500058334E0	2.163792381E2	3.337671750E1
3.516725279E0	2.155898829E2	2.430672190E1
3.533392223E0	2.162289467E2	2.406537359E1
3.550059168E0	2.175299180E2	2.375216611E1
3.566726112E0	2.179833922E2	2.264384012E1
3.583393057E0	2.170996345E2	2.266084971E1
3.600060001E0	2.151333969E2	2.167089347E1
3.616726945E0	2.149127161E2	2.196248708E1
3.633393890E0	2.158440277E2	2.162539113E1
3.650060834E0	2.168301961E2	2.159109395E1
3.666727779E0	2.167675285E2	2.145018361E1
3.683394723E0	2.154970952E2	2.086013879E1
3.700061668E0	2.147443716E2	2.072030903E1
3.716728612E0	2.150978703E2	2.059468873E1
3.733395557E0	2.161835191E2	2.031945804E1
3.750062501E0	2.166351773E2	2.052425377E1
3.766729445E0	2.153296813E2	1.775231845E1
3.783396390E0	2.142409049E2	1.814302409E1
3.800063334E0	2.139075416E2	1.857138243E1
3.816730279E0	2.147877420E2	1.893567170E1
3.833397223E0	2.156273089E2	1.904827760E1
3.850064168E0	2.155244162E2	1.909030907E1
3.866731112E0	2.147056333E2	1.838544669E1
3.883398057E0	2.139791491E2	1.838626580E1
3.900065001E0	2.142067230E2	1.779309576E1
3.916731946E0	2.154623761E2	1.726782843E1
3.933398890E0	2.158415542E2	1.550065127E1
3.950065834E0	2.148524353E2	1.481537569E1
3.966732779E0	2.139824014E2	1.518730970E1
3.983399723E0	2.135318363E2	1.455808951E1
4.000066668E0	2.140860971E2	1.408503598E1
4.016733612E0	2.150606732E2	1.334728673E1
4.033400557E0	2.147145304E2	1.274948899E1
4.050067501E0	2.136817256E2	1.281121336E1
4.066734446E0	2.129275882E2	1.286034368E1
4.083401390E0	2.136107722E2	1.310675426E1
4.100068334E0	2.131440633E2	1.293748209E1
4.116735279E0	2.116853807E2	1.294148374E1
4.133402223E0	2.102066531E2	1.378376455E1
4.150069168E0	2.095734443E2	1.352713324E1
4.166736112E0	2.102532266E2	1.320130391E1
4.183403057E0	2.100522010E2	1.309618582E1
4.200070001E0	2.096928439E2	1.503892191E1
4.216736946E0	2.086649366E2	1.549965952E1
4.233403890E0	2.081125496E2	1.551417794E1
4.250070835E0	2.085255551E2	1.555767926E1
4.266737779E0	2.096624215E2	1.530362901E1
4.283404723E0	2.094783914E2	1.608752920E1
4.300071668E0	2.085531433E2	1.582865720E1
4.316738612E0	2.079599081E2	1.545376089E1
