188-U_row-8_post-7_wire
t	x	y
5.202495860E0	3.545134379E1	-2.235983448E1
5.219224142E0	3.514372167E1	-1.748017531E1
5.235952425E0	3.506851663E1	-1.320624528E1
5.252680707E0	3.489747230E1	-9.790257501E0
5.269408990E0	3.540444345E1	-7.699797274E0
5.286137272E0	3.555001120E1	-6.679293117E0
5.302865555E0	3.547281837E1	-5.748562630E0
5.319593837E0	3.529338179E1	-4.169635450E0
5.336322120E0	3.541598210E1	-2.586256793E0
5.353050402E0	3.531973516E1	-1.671713658E0
5.369778685E0	3.542822286E1	-8.926612724E-1
5.386506967E0	3.501465560E1	-7.203104931E-1
5.403235250E0	3.535273158E1	5.192839948E-1
5.419963532E0	3.535176672E1	1.368284632E0
5.436691815E0	3.536148618E1	3.096405995E0
5.453420097E0	3.544154953E1	3.878394599E0
5.470148380E0	3.546019896E1	4.915278583E0
5.486876662E0	3.533005785E1	6.556810154E0
5.503604945E0	3.542768624E1	9.482900206E0
5.520333227E0	3.536840342E1	1.395047919E1
5.537061510E0	3.536991076E1	1.891755343E1
5.553789792E0	3.495427333E1	2.252264600E1
5.570518075E0	3.492445252E1	2.472306932E1
5.587246357E0	3.487929681E1	2.632614378E1
5.603974640E0	3.468132953E1	2.804268897E1
5.620702922E0	3.485357375E1	3.023785490E1
5.637431205E0	3.495682278E1	3.286178460E1
5.654159487E0	3.517106410E1	3.517542321E1
5.670887770E0	3.519093684E1	3.700345640E1
5.687616052E0	3.471237499E1	3.822728277E1
5.704344335E0	3.462822372E1	3.957440996E1
5.721072617E0	3.484868673E1	4.089086832E1
5.737800900E0	3.460020518E1	4.234281461E1
5.754529182E0	3.508106753E1	4.448128987E1
5.771257465E0	3.522826294E1	4.595809020E1
5.787985748E0	3.475223077E1	4.785063342E1
5.804714030E0	3.457378320E1	4.955949790E1
5.821442313E0	3.493158512E1	5.087738145E1
5.838170595E0	3.476040484E1	5.270688578E1
5.854898878E0	3.427136503E1	5.374369613E1
5.871627160E0	3.442800271E1	5.533765651E1
5.888355443E0	3.466599547E1	5.677223898E1
5.905083725E0	3.458771100E1	5.751493654E1
5.921812008E0	3.446438179E1	5.860259278E1
5.938540290E0	3.476540912E1	6.019269168E1
5.955268573E0	3.437950416E1	6.125978299E1
5.971996855E0	3.422363743E1	6.288433149E1
5.988725138E0	3.449631018E1	6.425221333E1
6.005453420E0	3.455818715E1	6.517126503E1
6.022181703E0	3.459710803E1	6.591216493E1
6.038909985E0	3.439313974E1	6.601150025E1
6.055638268E0	3.463123910E1	6.760974221E1
6.072366550E0	3.471623823E1	5.794095388E1
