200-U_row-4_post-1_ref
t	x	y
5.928689193E0	1.497089343E3	-2.489024045E2
5.945342815E0	1.497115501E3	-2.503741261E2
5.961996436E0	1.497151097E3	-2.521817027E2
5.978650057E0	1.497083779E3	-2.539439181E2
5.995303679E0	1.497096434E3	-2.551681939E2
6.011957300E0	1.497083161E3	-2.555651750E2
6.028610921E0	1.496954978E3	-2.557457427E2
6.045264543E0	1.496916613E3	-2.559268716E2
6.061918164E0	1.497030857E3	-2.561614177E2
6.078571785E0	1.497029407E3	-2.569103715E2
6.095225407E0	1.497035766E3	-2.577231847E2
6.111879028E0	1.497085800E3	-2.582627483E2
6.128532649E0	1.497134524E3	-2.585743421E2
6.145186271E0	1.497136463E3	-2.586596213E2
6.161839892E0	1.497130068E3	-2.586540595E2
6.178493513E0	1.497034250E3	-2.592721311E2
6.195147135E0	1.497046787E3	-2.602137797E2
6.211800756E0	1.497046781E3	-2.605065529E2
6.228454377E0	1.497105025E3	-2.609441759E2
6.245107999E0	1.497122075E3	-2.611982450E2
6.261761620E0	1.497003726E3	-2.612641604E2
6.278415241E0	1.497046164E3	-2.618600999E2
6.295068863E0	1.496997654E3	-2.623826037E2
6.311722484E0	1.497075105E3	-2.629906405E2
6.328376105E0	1.497080890E3	-2.634292548E2
6.345029727E0	1.497037140E3	-2.637801110E2
6.361683348E0	1.497184754E3	-2.642961458E2
6.378336969E0	1.497115199E3	-2.643542718E2
6.394990591E0	1.497091536E3	-2.644344650E2
6.411644212E0	1.497103994E3	-2.645441860E2
6.428297833E0	1.497149529E3	-2.649462724E2
6.444951455E0	1.497042305E3	-2.653656485E2
6.461605076E0	1.497063375E3	-2.653177835E2
6.478258697E0	1.497086675E3	-2.650816597E2
6.494912319E0	1.497078417E3	-2.653703332E2
6.511565940E0	1.497022101E3	-2.652425818E2
6.528219561E0	1.497027981E3	-2.651730271E2
6.544873183E0	1.497022713E3	-2.652345147E2
6.561526804E0	1.497056382E3	-2.653257274E2
6.578180425E0	1.497108433E3	-2.652278961E2
6.594834047E0	1.497090623E3	-2.651897090E2
6.611487668E0	1.497085638E3	-2.651640951E2
6.628141289E0	1.497068549E3	-2.652125054E2
6.644794911E0	1.497067080E3	-2.652275569E2
6.661448532E0	1.497095074E3	-2.651730240E2
6.678102153E0	1.497045859E3	-2.653321757E2
6.694755775E0	1.497095522E3	-2.652443866E2
6.711409396E0	1.497095360E3	-2.654452548E2
6.728063017E0	1.496989689E3	-2.657218979E2
6.744716639E0	1.497042825E3	-2.664355942E2
6.761370260E0	1.497132107E3	-2.667843063E2
6.778023881E0	1.497010840E3	-2.672155388E2
6.794677503E0	1.497147979E3	-2.675958183E2
6.811331124E0	1.497147334E3	-2.679458935E2
6.827984745E0	1.497065668E3	-2.684645151E2
6.844638367E0	1.497032242E3	-2.690606182E2
6.861291988E0	1.497110718E3	-2.697730685E2
6.877945609E0	1.497057824E3	-2.705703037E2
6.894599231E0	1.497115662E3	-2.709583554E2
6.911252852E0	1.497088862E3	-2.712147973E2
6.927906473E0	1.497046018E3	-2.716912830E2
6.944560095E0	1.497005624E3	-2.723931255E2
6.961213716E0	1.496923127E3	-2.731949022E2
6.977867337E0	1.497173939E3	-2.741395182E2
6.994520959E0	1.497011535E3	-2.750432559E2
7.011174580E0	1.496945184E3	-2.759517223E2
7.027828201E0	1.497076120E3	-2.771723666E2
7.044481823E0	1.497019009E3	-2.784390457E2
7.061135444E0	1.496988936E3	-2.804462727E2
7.077789065E0	1.497028868E3	-2.828857780E2
7.094442687E0	1.496926016E3	-2.855706511E2
7.111096308E0	1.496955957E3	-2.878144846E2
7.127749929E0	1.497001175E3	-2.892517857E2
7.144403551E0	1.496876775E3	-2.909702802E2
7.161057172E0	1.496987351E3	-2.926862566E2
7.177710793E0	1.497035775E3	-2.954085943E2
7.194364415E0	1.496931520E3	-2.997882080E2
7.211018036E0	1.496951508E3	-3.057438538E2
7.227671657E0	1.496957312E3	-3.112931969E2
7.244325279E0	1.496897629E3	-3.147624047E2
7.260978900E0	1.496908916E3	-3.162705577E2
7.277632521E0	1.496945872E3	-3.177495734E2
7.294286143E0	1.496912467E3	-3.194030311E2
7.310939764E0	1.496962928E3	-3.219739076E2
7.327593385E0	1.496954081E3	-3.251534513E2
7.344247007E0	1.496943551E3	-3.289709715E2
7.360900628E0	1.496968435E3	-3.323046359E2
7.377554249E0	1.496899854E3	-3.352666095E2
7.394207871E0	1.496913226E3	-3.380548632E2
7.410861492E0	1.496831662E3	-3.415949269E2
7.427515113E0	1.496919736E3	-3.456139917E2
7.444168734E0	1.496797922E3	-3.501938793E2
7.460822356E0	1.496750730E3	-3.533152458E2
