200-U_row-4_post-6_ref
t	x	y
7.468248663E1	1.398575430E3	1.356623188E2
7.469919786E1	1.398698307E3	1.355124667E2
7.471590909E1	1.398668055E3	1.348429261E2
7.473262032E1	1.398644825E3	1.340103853E2
7.474933155E1	1.398575898E3	1.330535078E2
7.476604278E1	1.398588124E3	1.317456734E2
7.478275401E1	1.398577778E3	1.298625467E2
7.479946524E1	1.398515502E3	1.269250114E2
7.481617647E1	1.398576378E3	1.226730333E2
7.483288770E1	1.398540004E3	1.180409482E2
7.484959893E1	1.398561263E3	1.139089600E2
7.486631016E1	1.398686200E3	1.112081258E2
7.488302139E1	1.398624452E3	1.091541958E2
7.489973262E1	1.398562876E3	1.074251646E2
7.491644385E1	1.398701122E3	1.045431918E2
7.493315508E1	1.398620420E3	1.009885022E2
7.494986631E1	1.398584063E3	9.695264305E1
7.496657754E1	1.398628698E3	9.286321538E1
7.498328877E1	1.398637098E3	8.985627637E1
7.500000000E1	1.398494883E3	8.748263369E1
7.501671123E1	1.398588186E3	8.437308930E1
7.503342246E1	1.398580148E3	8.020785095E1
7.505013369E1	1.398589028E3	7.533277545E1
7.506684492E1	1.398767448E3	7.088956180E1
7.508355615E1	1.398650420E3	6.695455692E1
7.510026738E1	1.398703380E3	6.432587249E1
7.511697861E1	1.398657643E3	6.305754661E1
7.513368984E1	1.398595426E3	6.231860884E1
7.515040107E1	1.398596682E3	6.122098124E1
7.516711230E1	1.398513798E3	5.922429222E1
7.518382353E1	1.398572511E3	5.620519027E1
7.520053476E1	1.398573219E3	5.302309918E1
7.521724599E1	1.398556196E3	5.017556458E1
7.523395722E1	1.398634139E3	4.842426439E1
7.525066845E1	1.398609844E3	4.701324042E1
7.526737968E1	1.398607016E3	4.512636849E1
7.528409091E1	1.398583316E3	4.151617166E1
7.530080214E1	1.398576151E3	3.536309011E1
7.531751337E1	1.398407484E3	2.872659421E1
7.533422460E1	1.398529333E3	2.291881835E1
7.535093583E1	1.398501866E3	1.792067785E1
7.536764706E1	1.398533004E3	1.386848844E1
7.538435829E1	1.398509573E3	1.089305002E1
7.540106952E1	1.398533482E3	8.284006479E0
7.541778075E1	1.398499061E3	5.755190646E0
7.543449198E1	1.398534934E3	2.581631183E0
7.545120321E1	1.398665672E3	-9.409148927E-1
7.546791444E1	1.398713238E3	-4.684339492E0
7.548462567E1	1.398512985E3	-7.865982176E0
7.550133690E1	1.398565796E3	-1.015160097E1
7.551804813E1	1.398571365E3	-1.263266300E1
7.553475936E1	1.398574871E3	-1.510730759E1
7.555147059E1	1.398614798E3	-1.863099908E1
7.556818182E1	1.398655790E3	-2.245373455E1
7.558489305E1	1.398615061E3	-2.654343565E1
7.560160428E1	1.398522603E3	-3.099755858E1
7.561831551E1	1.398564075E3	-3.522142446E1
7.563502674E1	1.398674450E3	-3.926503220E1
7.565173797E1	1.398612141E3	-4.335096765E1
7.566844920E1	1.398563646E3	-4.883822873E1
7.568516043E1	1.398635811E3	-5.393563094E1
7.570187166E1	1.398591134E3	-5.810956273E1
7.571858289E1	1.398585290E3	-6.238378899E1
7.573529412E1	1.398693143E3	-6.635192544E1
7.575200535E1	1.398634258E3	-6.936607589E1
7.576871658E1	1.398545957E3	-7.239569669E1
7.578542781E1	1.398433273E3	-7.694589075E1
7.580213904E1	1.398701613E3	-8.225111731E1
7.581885027E1	1.398684490E3	-8.775317994E1
7.583556150E1	1.398625892E3	-9.318321847E1
7.585227273E1	1.398533785E3	-9.722793035E1
7.586898396E1	1.398547408E3	-1.004558992E2
7.588569519E1	1.398554790E3	-1.030620749E2
7.590240642E1	1.398519750E3	-1.066378819E2
7.591911765E1	1.398698174E3	-1.106057140E2
7.593582888E1	1.398401233E3	-1.145258336E2
7.595254011E1	1.398533682E3	-1.191258804E2
7.596925134E1	1.398534302E3	-1.213893473E2
7.598596257E1	1.398567021E3	-1.220059990E2
7.600267380E1	1.398584098E3	-1.223143414E2
7.601938503E1	1.398572201E3	-1.223219335E2
7.603609626E1	1.398677880E3	-1.224259400E2
7.605280749E1	1.398586631E3	-1.224259521E2
7.606951872E1	1.398613309E3	-1.223496033E2
7.608622995E1	1.398608290E3	-1.223476220E2
7.610294118E1	1.398624133E3	-1.222189725E2
7.611965241E1	1.398627964E3	-1.223170953E2
7.613636364E1	1.398555246E3	-1.223050565E2
