201-I_row-1_post-10_ref
t	x	y
1.775871601E0	2.173017588E2	4.095746676E2
1.792625107E0	2.172837690E2	4.095607348E2
1.809378612E0	2.172015556E2	4.096962834E2
1.826132118E0	2.173313493E2	4.096067536E2
1.842885624E0	2.173279647E2	4.095606861E2
1.859639129E0	2.173467052E2	4.095374534E2
1.876392635E0	2.173064332E2	4.095593853E2
1.893146141E0	2.172278449E2	4.096148083E2
1.909899647E0	2.172679246E2	4.094994163E2
1.926653152E0	2.172388334E2	4.096477489E2
1.943406658E0	2.173139083E2	4.096341959E2
1.960160164E0	2.173958048E2	4.094821375E2
1.976913669E0	2.173193907E2	4.095988097E2
1.993667175E0	2.173076190E2	4.095961713E2
2.010420681E0	2.172608306E2	4.096347367E2
2.027174186E0	2.172788461E2	4.096109232E2
2.043927692E0	2.173225872E2	4.096180795E2
2.060681198E0	2.172973098E2	4.095718660E2
2.077434703E0	2.173404502E2	4.095325395E2
2.094188209E0	2.172853090E2	4.095895429E2
2.110941715E0	2.173054050E2	4.097488531E2
2.127695220E0	2.173015509E2	4.095504610E2
2.144448726E0	2.173559218E2	4.096092452E2
2.161202232E0	2.173089498E2	4.096038676E2
2.177955737E0	2.172952756E2	4.095592422E2
2.194709243E0	2.173002366E2	4.095796229E2
2.211462749E0	2.172876588E2	4.095769084E2
2.228216254E0	2.172330136E2	4.096010336E2
2.244969760E0	2.172270518E2	4.094924038E2
2.261723266E0	2.172637393E2	4.093761610E2
2.278476771E0	2.173536822E2	4.095496891E2
2.295230277E0	2.171852108E2	4.095564825E2
2.311983783E0	2.173442012E2	4.095355580E2
2.328737288E0	2.173116225E2	4.096100918E2
2.345490794E0	2.173444934E2	4.096095284E2
2.362244300E0	2.172731765E2	4.095929425E2
2.378997805E0	2.173404575E2	4.096083347E2
2.395751311E0	2.173114045E2	4.094255292E2
2.412504817E0	2.172800070E2	4.095416642E2
2.429258322E0	2.173419011E2	4.095098610E2
2.446011828E0	2.172903710E2	4.094020326E2
2.462765334E0	2.173490139E2	4.090771345E2
2.479518839E0	2.173251919E2	4.088250844E2
2.496272345E0	2.173318339E2	4.085694220E2
2.513025851E0	2.173470839E2	4.080328170E2
2.529779356E0	2.173582052E2	4.071207109E2
2.546532862E0	2.172929525E2	4.063901868E2
2.563286368E0	2.173322257E2	4.062700410E2
2.580039873E0	2.171805568E2	4.060761861E2
2.596793379E0	2.173087089E2	4.053016633E2
2.613546885E0	2.173529729E2	4.046225499E2
2.630300390E0	2.172296638E2	4.032882254E2
2.647053896E0	2.172863020E2	4.016993340E2
2.663807402E0	2.174578541E2	3.996708389E2
2.680560907E0	2.172971777E2	3.969985206E2
2.697314413E0	2.173139052E2	3.949260974E2
2.714067919E0	2.173348822E2	3.931713184E2
2.730821424E0	2.172709589E2	3.916813427E2
2.747574930E0	2.172829497E2	3.904994624E2
2.764328436E0	2.173369248E2	3.892969795E2
2.781081941E0	2.172898311E2	3.873932277E2
2.797835447E0	2.173935887E2	3.857499236E2
2.814588953E0	2.173208065E2	3.842693111E2
2.831342458E0	2.172991200E2	3.833570445E2
2.848095964E0	2.172559852E2	3.825890851E2
2.864849470E0	2.173542648E2	3.818735449E2
2.881602975E0	2.172334056E2	3.810921797E2
2.898356481E0	2.173060727E2	3.794070335E2
2.915109987E0	2.173237263E2	3.774891321E2
2.931863492E0	2.174069975E2	3.755219151E2
2.948616998E0	2.172989110E2	3.739857918E2
2.965370504E0	2.173429430E2	3.729718536E2
2.982124009E0	2.172380362E2	3.726265982E2
2.998877515E0	2.173275891E2	3.723161541E2
3.015631021E0	2.172549832E2	3.718010753E2
3.032384526E0	2.172541441E2	3.713502999E2
3.049138032E0	2.173335960E2	3.708072630E2
3.065891538E0	2.172314766E2	3.704315120E2
3.082645043E0	2.172871398E2	3.702283294E2
3.099398549E0	2.173795698E2	3.698681833E2
3.116152055E0	2.173101696E2	3.696489598E2
3.132905560E0	2.173216879E2	3.689047656E2
3.149659066E0	2.173507803E2	3.685838630E2
3.166412572E0	2.173387712E2	3.673070749E2
3.183166078E0	2.173359440E2	3.664300401E2
3.199919583E0	2.172983265E2	3.659186514E2
3.216673089E0	2.173130301E2	3.649563155E2
3.233426595E0	2.173683713E2	3.646517463E2
3.250180100E0	2.172625549E2	3.634002898E2
3.266933606E0	2.172546271E2	3.622322120E2
3.283687112E0	2.173883797E2	3.605398449E2
3.300440617E0	2.173234539E2	3.590554342E2
3.317194123E0	2.173390301E2	3.582127417E2
3.333947629E0	2.173085406E2	3.567142041E2
3.350701134E0	2.174078893E2	3.555735346E2
3.367454640E0	2.173421391E2	3.537159925E2
3.384208146E0	2.172417958E2	3.519382337E2
3.400961651E0	2.172597653E2	3.494223021E2
3.417715157E0	2.172942891E2	3.468012132E2
3.434468663E0	2.172747094E2	3.445188486E2
3.451222168E0	2.173588727E2	3.428903645E2
3.467975674E0	2.173559727E2	3.413401983E2
3.484729180E0	2.172817457E2	3.393312677E2
3.501482685E0	2.172816242E2	3.370656971E2
3.518236191E0	2.172643539E2	3.346504553E2
3.534989697E0	2.172900821E2	3.324258747E2
3.551743202E0	2.172508132E2	3.305454255E2
3.568496708E0	2.172852171E2	3.290045101E2
3.585250214E0	2.172920333E2	3.284415532E2
3.602003719E0	2.172890149E2	3.273149596E2
3.618757225E0	2.172256706E2	3.257425540E2
3.635510731E0	2.174243221E2	3.238733932E2
3.652264236E0	2.173344877E2	3.213647226E2
3.669017742E0	2.172680970E2	3.191779515E2
3.685771248E0	2.173233667E2	3.178636385E2
3.702524753E0	2.172597285E2	3.166381121E2
3.719278259E0	2.173163212E2	3.153664895E2
3.736031765E0	2.173104226E2	3.140632286E2
3.752785270E0	2.172004614E2	3.117987091E2
3.769538776E0	2.172998867E2	3.087027729E2
3.786292282E0	2.172951462E2	3.068481698E2
3.803045787E0	2.173381081E2	3.054698803E2
3.819799293E0	2.172863716E2	3.042441302E2
3.836552799E0	2.173664557E2	3.029731667E2
3.853306304E0	2.172773168E2	3.013311795E2
3.870059810E0	2.172047908E2	2.991005267E2
3.886813316E0	2.173294174E2	2.962255650E2
3.903566821E0	2.172783101E2	2.935512425E2
3.920320327E0	2.173173174E2	2.909182675E2
3.937073833E0	2.173293231E2	2.884535412E2
3.953827338E0	2.171934823E2	2.853501531E2
3.970580844E0	2.172940216E2	2.824640479E2
3.987334350E0	2.173098837E2	2.800175259E2
4.004087855E0	2.172944974E2	2.779959416E2
4.020841361E0	2.173137938E2	2.761154261E2
4.037594867E0	2.172833498E2	2.742632548E2
4.054348372E0	2.173965977E2	2.719001151E2
4.071101878E0	2.173280148E2	2.699070720E2
4.087855384E0	2.173341839E2	2.678863581E2
4.104608889E0	2.173011934E2	2.662068520E2
4.121362395E0	2.173358147E2	2.648125219E2
4.138115901E0	2.173457679E2	2.631638438E2
4.154869406E0	2.173665967E2	2.612149429E2
4.171622912E0	2.172916098E2	2.592118226E2
4.188376418E0	2.172158664E2	2.569962345E2
4.205129923E0	2.173712885E2	2.547342593E2
4.221883429E0	2.172648251E2	2.528564636E2
4.238636935E0	2.172778685E2	2.507894531E2
4.255390440E0	2.172515834E2	2.504607643E2
4.272143946E0	2.173356635E2	2.499122902E2
4.288897452E0	2.172584410E2	2.488908764E2
4.305650957E0	2.173608897E2	2.483088763E2
4.322404463E0	2.173303654E2	2.473325292E2
4.339157969E0	2.172826441E2	2.459578123E2
4.355911474E0	2.172567076E2	2.441137763E2
4.372664980E0	2.172126714E2	2.426757066E2
4.389418486E0	2.172529509E2	2.421397059E2
4.406171991E0	2.173872745E2	2.414645709E2
4.422925497E0	2.173987669E2	2.403918202E2
4.439679003E0	2.172536459E2	2.392157129E2
4.456432509E0	2.172850165E2	2.381943176E2
4.473186014E0	2.172673068E2	2.375516012E2
4.489939520E0	2.173327682E2	2.368598525E2
4.506693026E0	2.172959964E2	2.363718342E2
4.523446531E0	2.173276361E2	2.360061443E2
4.540200037E0	2.173061999E2	2.352180061E2
4.556953543E0	2.173214439E2	2.342781978E2
4.573707048E0	2.172652961E2	2.334227298E2
4.590460554E0	2.172948144E2	2.327040433E2
4.607214060E0	2.174172812E2	2.317184439E2
4.623967565E0	2.172692637E2	2.310788901E2
4.640721071E0	2.173502670E2	2.299456029E2
4.657474577E0	2.172921741E2	2.294358882E2
4.674228082E0	2.172534846E2	2.279265084E2
4.690981588E0	2.173639291E2	2.269166451E2
4.707735094E0	2.172277661E2	2.256370488E2
4.724488599E0	2.173520531E2	2.245376080E2
4.741242105E0	2.173230016E2	2.237529645E2
4.757995611E0	2.173115160E2	2.229008701E2
4.774749116E0	2.173113643E2	2.221179586E2
4.791502622E0	2.172308668E2	2.212762509E2
4.808256128E0	2.172648482E2	2.206010488E2
4.825009633E0	2.172873241E2	2.197051520E2
4.841763139E0	2.173224649E2	2.190074567E2
4.858516645E0	2.173193874E2	2.188404803E2
4.875270150E0	2.172231253E2	2.184759616E2
4.892023656E0	2.172828524E2	2.181423759E2
4.908777162E0	2.174186163E2	2.175207171E2
4.925530667E0	2.174225533E2	2.167104518E2
4.942284173E0	2.173149588E2	2.157769818E2
4.959037679E0	2.173990374E2	2.149342579E2
4.975791184E0	2.173340510E2	2.139664986E2
4.992544690E0	2.172759960E2	2.131552139E2
5.009298196E0	2.173840524E2	2.118752894E2
5.026051701E0	2.172723282E2	2.102407733E2
5.042805207E0	2.173186464E2	2.083421356E2
5.059558713E0	2.173041827E2	2.064978121E2
5.076312218E0	2.173091357E2	2.048141289E2
5.093065724E0	2.173320775E2	2.031873290E2
5.109819230E0	2.171404314E2	2.018268529E2
5.126572735E0	2.172799461E2	2.004328531E2
5.143326241E0	2.172914982E2	1.986032940E2
5.160079747E0	2.172916066E2	1.962803223E2
5.176833252E0	2.173349332E2	1.942151590E2
5.193586758E0	2.173240682E2	1.927483497E2
5.210340264E0	2.172437005E2	1.913338662E2
5.227093769E0	2.173220358E2	1.897476920E2
5.243847275E0	2.173609730E2	1.881982195E2
5.260600781E0	2.173231066E2	1.862632925E2
5.277354286E0	2.172319965E2	1.838502567E2
5.294107792E0	2.174075529E2	1.811568846E2
5.310861298E0	2.172949134E2	1.788269345E2
5.327614803E0	2.173150638E2	1.766086822E2
5.344368309E0	2.174082899E2	1.748763113E2
5.361121815E0	2.172961843E2	1.724527835E2
5.377875320E0	2.175235749E2	1.701012806E2
5.394628826E0	2.173607180E2	1.676322380E2
5.411382332E0	2.172780943E2	1.649840908E2
5.428135837E0	2.173338705E2	1.620228514E2
5.444889343E0	2.173092406E2	1.601305159E2
5.461642849E0	2.172654446E2	1.585560675E2
5.478396354E0	2.173094068E2	1.576967992E2
5.495149860E0	2.173416620E2	1.556565920E2
5.511903366E0	2.173609631E2	1.527480609E2
5.528656871E0	2.172969906E2	1.489814739E2
5.545410377E0	2.173230965E2	1.461631880E2
5.562163883E0	2.172971315E2	1.437920601E2
5.578917388E0	2.172705806E2	1.414421664E2
5.595670894E0	2.173264298E2	1.396983654E2
5.612424400E0	2.173503560E2	1.380847167E2
5.629177905E0	2.173252915E2	1.360204410E2
5.645931411E0	2.173307773E2	1.340744210E2
5.662684917E0	2.173350169E2	1.317941300E2
5.679438422E0	2.173426618E2	1.300231337E2
5.696191928E0	2.172548177E2	1.284357933E2
5.712945434E0	2.172951429E2	1.274423137E2
5.729698940E0	2.173887163E2	1.266587833E2
5.746452445E0	2.173092881E2	1.258198312E2
5.763205951E0	2.173500185E2	1.251971024E2
5.779959457E0	2.173103598E2	1.242751211E2
5.796712962E0	2.173348966E2	1.226480078E2
5.813466468E0	2.173614741E2	1.216413402E2
5.830219974E0	2.172816455E2	1.205480046E2
5.846973479E0	2.173370568E2	1.199546152E2
5.863726985E0	2.172111279E2	1.193165519E2
5.880480491E0	2.173528209E2	1.185636077E2
5.897233996E0	2.173594918E2	1.172920804E2
5.913987502E0	2.173384951E2	1.162403626E2
5.930741008E0	2.172953347E2	1.148058325E2
5.947494513E0	2.173206461E2	1.136825789E2
5.964248019E0	2.174109944E2	1.126682199E2
5.981001525E0	2.173211120E2	1.113014507E2
5.997755030E0	2.173574690E2	1.091310426E2
6.014508536E0	2.173293211E2	1.071729341E2
6.031262042E0	2.172469477E2	1.047434025E2
6.048015547E0	2.173429399E2	1.024804911E2
6.064769053E0	2.173984944E2	9.958245680E1
6.081522559E0	2.173565111E2	9.599907124E1
6.098276064E0	2.173480500E2	9.199512815E1
6.115029570E0	2.173029364E2	8.880464460E1
6.131783076E0	2.171775618E2	8.690157773E1
6.148536581E0	2.173753069E2	8.573401366E1
6.165290087E0	2.173704755E2	8.425989429E1
6.182043593E0	2.174243675E2	8.199827239E1
6.198797098E0	2.173053076E2	7.878057627E1
6.215550604E0	2.174782678E2	7.546681666E1
6.232304110E0	2.173562237E2	7.286843315E1
6.249057615E0	2.173656397E2	7.121288542E1
6.265811121E0	2.174561963E2	6.995988169E1
6.282564627E0	2.173304146E2	6.812147658E1
6.299318132E0	2.173416813E2	6.588789779E1
6.316071638E0	2.174649982E2	6.318401358E1
6.332825144E0	2.173603159E2	6.005382031E1
6.349578649E0	2.173817551E2	5.809222478E1
6.366332155E0	2.173062556E2	5.664466144E1
6.383085661E0	2.173281620E2	5.498111777E1
6.399839166E0	2.174413513E2	5.367619278E1
6.416592672E0	2.172980248E2	5.250016382E1
6.433346178E0	2.174071628E2	5.123029065E1
6.450099683E0	2.173236121E2	4.930777369E1
6.466853189E0	2.173522534E2	4.564087132E1
6.483606695E0	2.173810262E2	4.114350616E1
6.500360200E0	2.173414831E2	3.737288793E1
6.517113706E0	2.173213433E2	3.473295148E1
6.533867212E0	2.174356576E2	3.245834157E1
6.550620717E0	2.173044032E2	3.064344360E1
6.567374223E0	2.173220189E2	2.879320105E1
6.584127729E0	2.173771224E2	2.649912448E1
6.600881234E0	2.173434496E2	2.401385867E1
6.617634740E0	2.173721386E2	2.177914836E1
6.634388246E0	2.173127225E2	1.986975931E1
6.651141751E0	2.173219859E2	1.760865301E1
6.667895257E0	2.173610421E2	1.448324448E1
6.684648763E0	2.173769749E2	1.029582385E1
6.701402268E0	2.173414354E2	6.022984906E0
6.718155774E0	2.175420009E2	1.597946997E0
6.734909280E0	2.173709028E2	-2.748796361E0
6.751662785E0	2.174106912E2	-6.093064600E0
6.768416291E0	2.172424541E2	-8.580918563E0
6.785169797E0	2.173889091E2	-1.099730115E1
6.801923302E0	2.173019368E2	-1.326989121E1
6.818676808E0	2.175232143E2	-1.507148066E1
6.835430314E0	2.172884349E2	-1.698903857E1
6.852183819E0	2.173443892E2	-1.951662149E1
6.868937325E0	2.172631789E2	-2.202395963E1
6.885690831E0	2.172718741E2	-2.396584017E1
6.902444336E0	2.173380320E2	-2.608736488E1
6.919197842E0	2.173547362E2	-2.742929668E1
6.935951348E0	2.172832653E2	-2.905700018E1
6.952704853E0	2.172892288E2	-3.064039863E1
6.969458359E0	2.173349869E2	-3.213017179E1
6.986211865E0	2.174088679E2	-3.370048492E1
7.002965371E0	2.173559574E2	-3.513192694E1
7.019718876E0	2.174299304E2	-3.648838113E1
7.036472382E0	2.173181342E2	-3.771141211E1
7.053225888E0	2.173168084E2	-3.854931854E1
7.069979393E0	2.173668331E2	-3.968485324E1
7.086732899E0	2.173297564E2	-4.171191853E1
7.103486405E0	2.174557420E2	-4.363560473E1
7.120239910E0	2.173851992E2	-4.516639439E1
7.136993416E0	2.173916765E2	-4.626145946E1
7.153746922E0	2.173591035E2	-4.684841147E1
7.170500427E0	2.173560760E2	-4.778213157E1
7.187253933E0	2.174774824E2	-4.972025693E1
7.204007439E0	2.173316892E2	-5.269519579E1
7.220760944E0	2.174011352E2	-5.695453946E1
7.237514450E0	2.173949813E2	-6.120569755E1
7.254267956E0	2.174736159E2	-6.471211768E1
7.271021461E0	2.174099396E2	-6.864537258E1
7.287774967E0	2.175501975E2	-7.172382867E1
7.304528473E0	2.173159510E2	-7.446301272E1
7.321281978E0	2.173370252E2	-7.689806764E1
7.338035484E0	2.173129246E2	-7.931105895E1
7.354788990E0	2.172832063E2	-8.185368420E1
7.371542495E0	2.173561944E2	-8.424250523E1
7.388296001E0	2.173782797E2	-8.694936426E1
7.405049507E0	2.173884952E2	-8.914527146E1
7.421803012E0	2.174126330E2	-9.082235702E1
7.438556518E0	2.173430557E2	-9.159309699E1
7.455310024E0	2.173709826E2	-9.244107949E1
7.472063529E0	2.173594509E2	-9.401876318E1
7.488817035E0	2.173620271E2	-9.639651864E1
7.505570541E0	2.173436144E2	-9.851692765E1
7.522324046E0	2.172547666E2	-9.955000677E1
7.539077552E0	2.173521479E2	-1.006212455E2
7.555831058E0	2.173750996E2	-1.013683359E2
7.572584563E0	2.173518047E2	-1.025220007E2
7.589338069E0	2.173087400E2	-1.039558168E2
7.606091575E0	2.173449753E2	-1.060855976E2
7.622845080E0	2.174238506E2	-1.078225643E2
7.639598586E0	2.173414542E2	-1.094281640E2
7.656352092E0	2.173304561E2	-1.110760866E2
7.673105597E0	2.174852321E2	-1.135275933E2
7.689859103E0	2.173570135E2	-1.170673882E2
7.706612609E0	2.174665614E2	-1.214232464E2
7.723366114E0	2.173867442E2	-1.273127194E2
7.740119620E0	2.173855323E2	-1.334901042E2
7.756873126E0	2.174602459E2	-1.382237087E2
7.773626631E0	2.174125718E2	-1.414821737E2
