203-I_row-6_post-24_wire
t	x	y
2.329689375E1	2.446013638E2	1.007182086E2
2.331355819E1	2.448647803E2	9.985196876E1
2.333022264E1	2.450970479E2	9.938294309E1
2.334688708E1	2.452815678E2	9.901919830E1
2.336355153E1	2.450813033E2	9.848310672E1
2.338021597E1	2.448658872E2	9.814571921E1
2.339688042E1	2.451041820E2	9.750035705E1
2.341354486E1	2.455327877E2	9.676898419E1
2.343020931E1	2.456548896E2	9.577790941E1
2.344687375E1	2.451550112E2	9.440824039E1
2.346353819E1	2.449415566E2	9.348163743E1
2.348020264E1	2.449272509E2	9.336778745E1
2.349686708E1	2.452355623E2	9.265832940E1
2.351353153E1	2.448732562E2	9.247048090E1
2.353019597E1	2.445482374E2	9.193971763E1
2.354686042E1	2.444453551E2	9.169681413E1
2.356352486E1	2.447732896E2	9.154943340E1
2.358018931E1	2.453427749E2	9.154192241E1
2.359685375E1	2.454217398E2	9.180805474E1
2.361351820E1	2.447427769E2	9.172576277E1
2.363018264E1	2.440018200E2	9.181247454E1
2.364684709E1	2.438151235E2	9.180360741E1
2.366351153E1	2.445169842E2	9.170672760E1
2.368017598E1	2.449404324E2	9.184832427E1
2.369684042E1	2.448113005E2	9.184176154E1
2.371350487E1	2.444562420E2	9.173004299E1
2.373016931E1	2.445580528E2	9.184953726E1
2.374683376E1	2.447938692E2	9.185461919E1
2.376349820E1	2.451315692E2	9.183790800E1
2.378016264E1	2.447350887E2	9.179677207E1
2.379682709E1	2.446444996E2	9.181359460E1
2.381349153E1	2.445627261E2	9.186437057E1
2.383015598E1	2.447507259E2	9.178988785E1
2.384682042E1	2.451997941E2	9.181575221E1
2.386348487E1	2.451361248E2	9.182621551E1
2.388014931E1	2.446910458E2	9.183353622E1
2.389681376E1	2.445404949E2	9.173431886E1
2.391347820E1	2.449138908E2	9.184408098E1
2.393014265E1	2.457903018E2	9.184459905E1
2.394680709E1	2.454964028E2	9.184470282E1
2.396347154E1	2.446004532E2	9.184884506E1
2.398013598E1	2.439102439E2	9.182545074E1
2.399680043E1	2.440470741E2	9.172890324E1
2.401346487E1	2.451035654E2	9.185412861E1
2.403012932E1	2.460282865E2	9.190982190E1
2.404679376E1	2.454460088E2	9.188680415E1
2.406345821E1	2.444346236E2	9.181655152E1
2.408012265E1	2.442909429E2	9.183250404E1
2.409678710E1	2.448758433E2	9.184206199E1
2.411345154E1	2.454112323E2	9.181694315E1
2.413011598E1	2.454253796E2	9.182913175E1
2.414678043E1	2.446803426E2	9.177550422E1
2.416344487E1	2.443307661E2	9.177373260E1
2.418010932E1	2.449398575E2	9.177819805E1
2.419677376E1	2.455307796E2	9.179876585E1
2.421343821E1	2.453624325E2	9.127669175E1
2.423010265E1	2.447311937E2	9.107218358E1
2.424676710E1	2.445853964E2	9.105223184E1
2.426343154E1	2.450989802E2	9.094510050E1
2.428009599E1	2.456305651E2	9.048786101E1
2.429676043E1	2.453624380E2	9.036113131E1
2.431342488E1	2.441718471E2	9.024318088E1
2.433008932E1	2.437343937E2	9.024226075E1
2.434675377E1	2.447079722E2	8.994135797E1
2.436341821E1	2.459933467E2	9.006786000E1
2.438008266E1	2.464888356E2	9.010700897E1
2.439674710E1	2.454163615E2	9.017030986E1
2.441341155E1	2.439841727E2	8.945340698E1
2.443007599E1	2.437418810E2	8.895597246E1
2.444674043E1	2.449158416E2	8.852319424E1
2.446340488E1	2.462767994E2	8.810966082E1
2.448006932E1	2.459638903E2	8.713527922E1
2.449673377E1	2.448087662E2	8.540369897E1
2.451339821E1	2.437108210E2	8.380236558E1
2.453006266E1	2.440919022E2	8.217195929E1
2.454672710E1	2.452076108E2	8.057963082E1
2.456339155E1	2.461215751E2	7.889423499E1
2.458005599E1	2.453479373E2	7.735631449E1
2.459672044E1	2.443111169E2	7.575670306E1
2.461338488E1	2.438110005E2	7.329922459E1
2.463004933E1	2.444354774E2	7.080274459E1
2.464671377E1	2.453243012E2	6.840563309E1
2.466337822E1	2.455319692E2	6.607695990E1
2.468004266E1	2.448520582E2	6.360419150E1
2.469670711E1	2.441244164E2	6.115428413E1
2.471337155E1	2.441416775E2	5.854500869E1
2.473003600E1	2.445453092E2	5.695813778E1
2.474670044E1	2.450341017E2	5.548656899E1
2.476336488E1	2.446456765E2	5.245856318E1
2.478002933E1	2.440996962E2	4.852918084E1
2.479669377E1	2.435728120E2	4.507545921E1
2.481335822E1	2.441104904E2	4.204565431E1
2.483002266E1	2.447821690E2	3.976674629E1
2.484668711E1	2.446349610E2	3.712291052E1
2.486335155E1	2.440047292E2	3.455625168E1
2.488001600E1	2.434908586E2	3.229365225E1
2.489668044E1	2.438402786E2	2.995293689E1
2.491334489E1	2.442344560E2	2.813845434E1
2.493000933E1	2.448436454E2	2.726733241E1
2.494667378E1	2.446988566E2	2.667292316E1
2.496333822E1	2.436712951E2	2.641900457E1
2.498000267E1	2.435784679E2	2.567298443E1
2.499666711E1	2.438827073E2	2.484731292E1
2.501333156E1	2.442555510E2	2.383146761E1
2.502999600E1	2.446349961E2	2.324285918E1
2.504666045E1	2.444204040E2	2.255001741E1
2.506332489E1	2.440378680E2	2.204573619E1
2.507998933E1	2.437520450E2	2.162825354E1
2.509665378E1	2.439611322E2	2.085487124E1
2.511331822E1	2.443738598E2	2.001859686E1
2.512998267E1	2.447702073E2	1.888851982E1
2.514664711E1	2.444245215E2	1.840026125E1
2.516331156E1	2.441260189E2	1.728633357E1
2.517997600E1	2.433168909E2	1.535963900E1
2.519664045E1	2.432041256E2	1.293225047E1
2.521330489E1	2.435311850E2	1.114982209E1
2.522996934E1	2.444933918E2	9.624697020E0
2.524663378E1	2.446369542E2	8.096577905E0
2.526329823E1	2.438085170E2	5.819608511E0
2.527996267E1	2.430324477E2	3.292836286E0
2.529662712E1	2.430252722E2	1.013509426E0
2.531329156E1	2.438067512E2	-7.608897956E-1
2.532995601E1	2.445495526E2	-2.307082514E0
2.534662045E1	2.443500103E2	-3.909711229E0
2.536328490E1	2.435862797E2	-6.116470981E0
2.537994934E1	2.426725528E2	-8.795758877E0
2.539661378E1	2.431387906E2	-1.125162619E1
2.541327823E1	2.439318425E2	-1.313390911E1
2.542994267E1	2.446405636E2	-1.524424451E1
2.544660712E1	2.439920731E2	-1.741478602E1
2.546327156E1	2.428607121E2	-1.998939415E1
2.547993601E1	2.426817791E2	-2.235499912E1
2.549660045E1	2.432680938E2	-2.413208370E1
2.551326490E1	2.437997841E2	-2.576797351E1
2.552992934E1	2.438559557E2	-2.731766077E1
2.554659379E1	2.431893725E2	-2.808978063E1
2.556325823E1	2.427991324E2	-2.813246373E1
2.557992268E1	2.431788659E2	-2.814425206E1
2.559658712E1	2.433095864E2	-2.848454151E1
2.561325157E1	2.432083254E2	-2.905957915E1
2.562991601E1	2.429151694E2	-2.979089913E1
2.564658046E1	2.428027682E2	-3.133421634E1
2.566324490E1	2.430922451E2	-3.285126714E1
2.567990935E1	2.434740644E2	-3.518072117E1
2.569657379E1	2.433584726E2	-3.773018115E1
2.571323823E1	2.424430481E2	-4.043360647E1
2.572990268E1	2.422670831E2	-4.332371337E1
2.574656712E1	2.427040311E2	-4.587322600E1
2.576323157E1	2.429222961E2	-4.836142942E1
2.577989601E1	2.429724324E2	-5.156283516E1
2.579656046E1	2.426289672E2	-5.472786627E1
2.581322490E1	2.419951935E2	-5.635659708E1
2.582988935E1	2.422094691E2	-5.801777753E1
2.584655379E1	2.427518082E2	-5.963532345E1
2.586321824E1	2.431577778E2	-6.115706814E1
2.587988268E1	2.424275679E2	-6.300039683E1
2.589654713E1	2.423327505E2	-6.576725092E1
2.591321157E1	2.419007160E2	-6.864566725E1
2.592987602E1	2.425449714E2	-7.158103634E1
2.594654046E1	2.424760218E2	-7.398289488E1
2.596320491E1	2.423744592E2	-7.548423073E1
2.597986935E1	2.416010248E2	-7.670563255E1
2.599653380E1	2.415049358E2	-7.820684036E1
2.601319824E1	2.418423110E2	-8.043018866E1
2.602986268E1	2.422224242E2	-8.283230297E1
2.604652713E1	2.421680991E2	-8.449107254E1
2.606319157E1	2.420078820E2	-8.603450344E1
2.607985602E1	2.416334730E2	-8.700205512E1
2.609652046E1	2.412896622E2	-8.859300038E1
2.611318491E1	2.416793559E2	-8.999099874E1
2.612984935E1	2.418490973E2	-9.167760992E1
2.614651380E1	2.420613810E2	-9.313935967E1
2.616317824E1	2.419497782E2	-9.423142812E1
2.617984269E1	2.417980672E2	-9.511705020E1
2.619650713E1	2.415934197E2	-9.606966331E1
2.621317158E1	2.417310044E2	-9.733327527E1
2.622983602E1	2.417100394E2	-9.801681491E1
2.624650047E1	2.413073586E2	-9.909890319E1
2.626316491E1	2.415713310E2	-9.983449414E1
2.627982936E1	2.415141191E2	-1.006545159E2
2.629649380E1	2.412700270E2	-1.016043727E2
2.631315825E1	2.411579094E2	-1.024051011E2
2.632982269E1	2.413897275E2	-1.030712826E2
2.634648714E1	2.413329047E2	-1.039878380E2
2.636315158E1	2.414980108E2	-1.055170897E2
2.637981602E1	2.412652197E2	-1.063700077E2
2.639648047E1	2.411113017E2	-1.071235679E2
2.641314491E1	2.403768005E2	-1.074830883E2
2.642980936E1	2.410330426E2	-1.086519085E2
2.644647380E1	2.408726391E2	-1.097232986E2
2.646313825E1	2.411159897E2	-1.111814640E2
2.647980269E1	2.406905786E2	-1.122112126E2
2.649646714E1	2.412579782E2	-1.134345925E2
2.651313158E1	2.407789952E2	-1.143054894E2
2.652979603E1	2.405010661E2	-1.151586882E2
2.654646047E1	2.403750520E2	-1.161040409E2
2.656312492E1	2.405275851E2	-1.168092379E2
2.657978936E1	2.403934460E2	-1.175380962E2
2.659645381E1	2.409341107E2	-1.190326005E2
2.661311825E1	2.403202712E2	-1.202724471E2
2.662978270E1	2.407792742E2	-1.215698649E2
2.664644714E1	2.407231025E2	-1.224119179E2
2.666311159E1	2.409212058E2	-1.231123259E2
2.667977603E1	2.407577907E2	-1.238695076E2
2.669644047E1	2.405388078E2	-1.247602268E2
2.671310492E1	2.403953068E2	-1.256024866E2
2.672976936E1	2.404011974E2	-1.266594966E2
2.674643381E1	2.410766419E2	-1.280350437E2
2.676309825E1	2.410297382E2	-1.288921035E2
2.677976270E1	2.402551908E2	-1.298791650E2
2.679642714E1	2.404829830E2	-1.312299005E2
2.681309159E1	2.401009564E2	-1.321441016E2
2.682975603E1	2.405885263E2	-1.336784408E2
2.684642048E1	2.408418732E2	-1.352585451E2
2.686308492E1	2.406378325E2	-1.368955591E2
2.687974937E1	2.399100577E2	-1.385149763E2
2.689641381E1	2.398608550E2	-1.408903311E2
2.691307826E1	2.398869170E2	-1.425687569E2
2.692974270E1	2.405556769E2	-1.440318767E2
2.694640715E1	2.401748899E2	-1.450563641E2
2.696307159E1	2.397608379E2	-1.459553301E2
2.697973604E1	2.391342282E2	-1.466460246E2
2.699640048E1	2.391950750E2	-1.474775100E2
2.701306492E1	2.397526046E2	-1.489658544E2
2.702972937E1	2.397994735E2	-1.499013787E2
2.704639381E1	2.401824808E2	-1.513510363E2
2.706305826E1	2.402642498E2	-1.528383174E2
2.707972270E1	2.398847123E2	-1.544696417E2
2.709638715E1	2.399583456E2	-1.553135712E2
2.711305159E1	2.402593533E2	-1.561843785E2
2.712971604E1	2.406372119E2	-1.569541147E2
2.714638048E1	2.397651122E2	-1.579813229E2
2.716304493E1	2.396534026E2	-1.594754348E2
2.717970937E1	2.389496238E2	-1.605646684E2
2.719637382E1	2.402177325E2	-1.617747179E2
2.721303826E1	2.405937137E2	-1.626050044E2
2.722970271E1	2.404006029E2	-1.635066400E2
2.724636715E1	2.390775016E2	-1.643776212E2
2.726303160E1	2.389327563E2	-1.658949625E2
2.727969604E1	2.396856077E2	-1.674009526E2
2.729636049E1	2.402974384E2	-1.683489060E2
2.731302493E1	2.408740433E2	-1.690897234E2
2.732968937E1	2.397363526E2	-1.701534153E2
2.734635382E1	2.385841070E2	-1.724428184E2
2.736301826E1	2.386755011E2	-1.748000370E2
2.737968271E1	2.394008681E2	-1.772424005E2
2.739634715E1	2.402851932E2	-1.789324607E2
2.741301160E1	2.399330977E2	-1.804873006E2
2.742967604E1	2.385326872E2	-1.821914449E2
2.744634049E1	2.384260384E2	-1.841601443E2
2.746300493E1	2.387333767E2	-1.867052568E2
2.747966938E1	2.386273622E2	-1.894594560E2
2.749633382E1	2.391968921E2	-1.925613692E2
2.751299827E1	2.386374916E2	-1.957582407E2
2.752966271E1	2.374173382E2	-1.990892214E2
2.754632716E1	2.368501983E2	-2.030989257E2
2.756299160E1	2.366468827E2	-2.070849871E2
2.757965605E1	2.372223711E2	-2.094694089E2
2.759632049E1	2.374286504E2	-2.112008479E2
2.761298494E1	2.375240414E2	-2.134374386E2
2.762964938E1	2.366221351E2	-2.159215989E2
2.764631382E1	2.364318189E2	-2.190429900E2
2.766297827E1	2.362670950E2	-2.207614620E2
2.767964271E1	2.371290489E2	-2.222693497E2
2.769630716E1	2.364836031E2	-2.225165318E2
2.771297160E1	2.362334164E2	-2.232673766E2
2.772963605E1	2.361976486E2	-2.240090305E2
2.774630049E1	2.367500553E2	-2.253462015E2
2.776296494E1	2.362993055E2	-2.257234375E2
2.777962938E1	2.370342828E2	-2.263706321E2
2.779629383E1	2.372241608E2	-2.271075453E2
2.781295827E1	2.361512798E2	-2.280170313E2
2.782962272E1	2.361065423E2	-2.295355794E2
2.784628716E1	2.367226033E2	-2.309539542E2
2.786295161E1	2.365865945E2	-2.320056754E2
2.787961605E1	2.368000590E2	-2.327499538E2
2.789628050E1	2.360395833E2	-2.328277311E2
2.791294494E1	2.355361603E2	-2.329367218E2
2.792960939E1	2.365698133E2	-2.333559548E2
2.794627383E1	2.361522910E2	-2.338053129E2
2.796293827E1	2.372523283E2	-2.343326638E2
2.797960272E1	2.368715378E2	-2.343306217E2
2.799626716E1	2.358883213E2	-2.343913315E2
2.801293161E1	2.349794337E2	-2.345299130E2
2.802959605E1	2.353991573E2	-2.352059145E2
2.804626050E1	2.364595903E2	-2.359523805E2
2.806292494E1	2.364663893E2	-2.360621745E2
2.807958939E1	2.375544723E2	-2.365402801E2
2.809625383E1	2.365520083E2	-2.368384916E2
2.811291828E1	2.361441957E2	-2.375999733E2
2.812958272E1	2.363017104E2	-2.384003590E2
2.814624717E1	2.367595144E2	-2.391845764E2
2.816291161E1	2.368384190E2	-2.392475524E2
2.817957606E1	2.362076410E2	-2.393786266E2
2.819624050E1	2.365143935E2	-2.398734599E2
2.821290495E1	2.364713407E2	-2.407044507E2
2.822956939E1	2.365544526E2	-2.416355624E2
2.824623384E1	2.364230358E2	-2.425512691E2
2.826289828E1	2.365504103E2	-2.432944847E2
2.827956272E1	2.364875250E2	-2.439188273E2
2.829622717E1	2.350909545E2	-2.441631041E2
2.831289161E1	2.351886689E2	-2.449629817E2
2.832955606E1	2.364137464E2	-2.464254235E2
2.834622050E1	2.367078274E2	-2.479556086E2
2.836288495E1	2.359936006E2	-2.489037802E2
2.837954939E1	2.357231545E2	-2.496800091E2
2.839621384E1	2.358078839E2	-2.504764553E2
2.841287828E1	2.357946691E2	-2.520542232E2
2.842954273E1	2.360870008E2	-2.542925887E2
2.844620717E1	2.356826852E2	-2.567805202E2
2.846287162E1	2.347199006E2	-2.579196966E2
2.847953606E1	2.348155682E2	-2.586878814E2
2.849620051E1	2.350620555E2	-2.593844144E2
2.851286495E1	2.344482893E2	-2.603007728E2
2.852952940E1	2.343556253E2	-2.610427831E2
2.854619384E1	2.341430327E2	-2.618822336E2
2.856285829E1	2.343589597E2	-2.627287199E2
2.857952273E1	2.347610919E2	-2.634876823E2
2.859618718E1	2.341818865E2	-2.643295458E2
2.861285162E1	2.334080156E2	-2.650762415E2
2.862951606E1	2.344797813E2	-2.663675105E2
2.864618051E1	2.341630438E2	-2.674146301E2
2.866284495E1	2.354709443E2	-2.681592232E2
2.867950940E1	2.352050571E2	-2.682696194E2
2.869617384E1	2.361122384E2	-2.687889256E2
2.871283829E1	2.352350151E2	-2.689627961E2
2.872950273E1	2.347463469E2	-2.698060593E2
2.874616718E1	2.350736504E2	-2.705010865E2
2.876283162E1	2.353851163E2	-2.713973495E2
2.877949607E1	2.351184231E2	-2.715037774E2
2.879616051E1	2.354151018E2	-2.722300483E2
2.881282496E1	2.350117202E2	-2.737875391E2
2.882948940E1	2.340884841E2	-2.755391805E2
2.884615385E1	2.337477439E2	-2.773531746E2
2.886281829E1	2.341612416E2	-2.788194406E2
2.887948274E1	2.343544873E2	-2.803106678E2
2.889614718E1	2.348991424E2	-2.817533382E2
2.891281163E1	2.335014174E2	-2.820434435E2
2.892947607E1	2.334948879E2	-2.829017940E2
2.894614051E1	2.342094007E2	-2.842920934E2
2.896280496E1	2.334468175E2	-2.859373157E2
2.897946940E1	2.333286870E2	-2.883121557E2
2.899613385E1	2.339430287E2	-2.906687067E2
2.901279829E1	2.335717534E2	-2.924268859E2
2.902946274E1	2.329674263E2	-2.942837907E2
2.904612718E1	2.331604521E2	-2.964127095E2
2.906279163E1	2.321866583E2	-2.980770548E2
2.907945607E1	2.334771415E2	-3.003173663E2
2.909612052E1	2.340458874E2	-3.027992114E2
2.911278496E1	2.336828768E2	-3.045594925E2
2.912944941E1	2.343459329E2	-3.068249708E2
2.914611385E1	2.334560112E2	-3.084379362E2
2.916277830E1	2.322423976E2	-3.093648664E2
2.917944274E1	2.325631296E2	-3.108771981E2
2.919610719E1	2.324662442E2	-3.125717455E2
2.921277163E1	2.333908372E2	-3.148340771E2
2.922943608E1	2.332679401E2	-3.165639645E2
2.924610052E1	2.330768924E2	-3.173695877E2
2.926276496E1	2.328693019E2	-3.181154743E2
2.927942941E1	2.328789300E2	-3.195486037E2
2.929609385E1	2.316046033E2	-3.207216987E2
2.931275830E1	2.320485259E2	-3.221703668E2
2.932942274E1	2.319527589E2	-3.230691479E2
2.934608719E1	2.324849315E2	-3.238468547E2
2.936275163E1	2.320949686E2	-3.246439019E2
2.937941608E1	2.321845869E2	-3.261220218E2
2.939608052E1	2.302577542E2	-3.263373883E2
2.941274497E1	2.300829775E2	-3.279821958E2
2.942940941E1	2.308927703E2	-3.295490814E2
2.944607386E1	2.314124870E2	-3.312875556E2
2.946273830E1	2.314888929E2	-3.320286985E2
2.947940275E1	2.310616587E2	-3.326342257E2
2.949606719E1	2.297260157E2	-3.328005108E2
2.951273164E1	2.298370380E2	-3.335264767E2
2.952939608E1	2.310993694E2	-3.342771460E2
2.954606053E1	2.317453132E2	-3.350601746E2
2.956272497E1	2.317885810E2	-3.358776823E2
2.957938941E1	2.308811813E2	-3.359297590E2
2.959605386E1	2.298962562E2	-3.360173396E2
2.961271830E1	2.301917133E2	-3.367135759E2
2.962938275E1	2.309519723E2	-3.374597671E2
2.964604719E1	2.317907255E2	-3.382111873E2
2.966271164E1	2.309652359E2	-3.383446376E2
2.967937608E1	2.304134732E2	-3.383606558E2
2.969604053E1	2.311741620E2	-3.390186576E2
2.971270497E1	2.307688964E2	-3.391314846E2
2.972936942E1	2.314922435E2	-3.398184984E2
2.974603386E1	2.308414032E2	-3.399393056E2
2.976269831E1	2.302341575E2	-3.399928689E2
2.977936275E1	2.312953710E2	-3.406396884E2
2.979602720E1	2.318968674E2	-3.413329022E2
2.981269164E1	2.313608836E2	-3.423068895E2
2.982935609E1	2.300760199E2	-3.424172355E2
2.984602053E1	2.301515275E2	-3.431636946E2
2.986268498E1	2.298899362E2	-3.433556636E2
2.987934942E1	2.308558652E2	-3.439826070E2
2.989601386E1	2.309094214E2	-3.447550250E2
2.991267831E1	2.314267531E2	-3.454471024E2
2.992934275E1	2.306388784E2	-3.455714587E2
2.994600720E1	2.301360912E2	-3.456370883E2
2.996267164E1	2.313120894E2	-3.471031851E2
2.997933609E1	2.304023833E2	-3.479767693E2
2.999600053E1	2.307242036E2	-3.495186926E2
3.001266498E1	2.306011520E2	-3.511124709E2
3.002932942E1	2.305884816E2	-3.528270967E2
3.004599387E1	2.302795169E2	-3.544574225E2
3.006265831E1	2.306676777E2	-3.559877887E2
3.007932276E1	2.291401799E2	-3.569131558E2
3.009598720E1	2.295983774E2	-3.583564376E2
3.011265165E1	2.301332144E2	-3.599739131E2
3.012931609E1	2.308054197E2	-3.616039098E2
3.014598054E1	2.298152497E2	-3.633132973E2
3.016264498E1	2.286907373E2	-3.649160613E2
3.017930943E1	2.287981301E2	-3.664235753E2
3.019597387E1	2.277947472E2	-3.681698777E2
3.021263831E1	2.282002237E2	-3.706585851E2
3.022930276E1	2.291765329E2	-3.736854617E2
3.024596720E1	2.276967029E2	-3.754219928E2
3.026263165E1	2.266433221E2	-3.763037744E2
3.027929609E1	2.265250861E2	-3.771799467E2
3.029596054E1	2.284807390E2	-3.784920007E2
3.031262498E1	2.275375050E2	-3.787230065E2
3.032928943E1	2.273767410E2	-3.794767091E2
3.034595387E1	2.261457680E2	-3.802863585E2
3.036261832E1	2.270583510E2	-3.816751211E2
3.037928276E1	2.267241048E2	-3.827406705E2
3.039594721E1	2.276423836E2	-3.842341438E2
3.041261165E1	2.273053341E2	-3.858403185E2
3.042927610E1	2.270973770E2	-3.864620946E2
3.044594054E1	2.260146247E2	-3.874465260E2
3.046260499E1	2.270280368E2	-3.889750164E2
3.047926943E1	2.265271996E2	-3.900832595E2
3.049593388E1	2.268038651E2	-3.907749875E2
3.051259832E1	2.263127387E2	-3.914763494E2
3.052926276E1	2.264848992E2	-3.922379880E2
3.054592721E1	2.266487091E2	-3.930790190E2
3.056259165E1	2.275361915E2	-3.938174863E2
3.057925610E1	2.275827130E2	-3.946948550E2
3.059592054E1	2.275421545E2	-3.954667909E2
3.061258499E1	2.259399352E2	-3.956033985E2
3.062924943E1	2.265398059E2	-3.963419429E2
3.064591388E1	2.264595050E2	-3.971502416E2
3.066257832E1	2.261937414E2	-3.980023890E2
3.067924277E1	2.273341910E2	-3.994584119E2
3.069590721E1	2.269504458E2	-4.002865047E2
3.071257166E1	2.262581851E2	-4.003809481E2
3.072923610E1	2.275924895E2	-4.010540343E2
3.074590055E1	2.277207981E2	-4.010947054E2
3.076256499E1	2.262707541E2	-4.012280448E2
3.077922944E1	2.264595092E2	-4.018455798E2
3.079589388E1	2.267867182E2	-4.026943777E2
3.081255833E1	2.269612128E2	-4.035288404E2
3.082922277E1	2.267944031E2	-4.044484127E2
3.084588722E1	2.267570691E2	-4.059652492E2
3.086255166E1	2.250612126E2	-4.068938711E2
3.087921610E1	2.252827246E2	-4.075945135E2
3.089588055E1	2.259853329E2	-4.092193373E2
3.091254499E1	2.268554971E2	-4.115631145E2
3.092920944E1	2.259740233E2	-4.140596665E2
3.094587388E1	2.245139937E2	-4.164775688E2
3.096253833E1	2.244158353E2	-4.188071060E2
3.097920277E1	2.238246140E2	-4.205354458E2
3.099586722E1	2.237335225E2	-4.222157335E2
3.101253166E1	2.238161129E2	-4.245812778E2
3.102919611E1	2.238144417E2	-4.276666324E2
3.104586055E1	2.224485106E2	-4.302044757E2
3.106252500E1	2.233489729E2	-4.325314600E2
3.107918944E1	2.224561146E2	-4.343785839E2
3.109585389E1	2.227359462E2	-4.374511224E2
3.111251833E1	2.221743910E2	-4.398105939E2
3.112918278E1	2.220375420E2	-4.413703841E2
3.114584722E1	2.210935170E2	-4.431081978E2
3.116251167E1	2.209579700E2	-4.456083321E2
3.117917611E1	2.222944931E2	-4.485616354E2
3.119584055E1	2.210346105E2	-4.503558146E2
3.121250500E1	2.214054160E2	-4.509951421E2
3.122916944E1	2.205299390E2	-4.511170725E2
3.124583389E1	2.204146490E2	-4.519161818E2
3.126249833E1	2.207057858E2	-4.534584403E2
3.127916278E1	2.212336622E2	-4.550361088E2
3.129582722E1	2.217536995E2	-4.566690807E2
3.131249167E1	2.218176939E2	-4.582814884E2
3.132915611E1	2.215610073E2	-4.598384834E2
3.134582056E1	2.210186758E2	-4.614731994E2
3.136248500E1	2.196151175E2	-4.624451511E2
3.137914945E1	2.208102285E2	-4.637958506E2
3.139581389E1	2.207227699E2	-4.647583421E2
3.141247834E1	2.205544375E2	-4.663941356E2
3.142914278E1	2.201566061E2	-4.688539598E2
3.144580723E1	2.187921640E2	-4.704958690E2
3.146247167E1	2.195335505E2	-4.719601654E2
3.147913612E1	2.188877032E2	-4.728523586E2
3.149580056E1	2.200373186E2	-4.752118048E2
3.151246500E1	2.191174234E2	-4.768650003E2
3.152912945E1	2.181849826E2	-4.784943022E2
3.154579389E1	2.174406341E2	-4.793377703E2
3.156245834E1	2.183124852E2	-4.808558058E2
3.157912278E1	2.186435229E2	-4.832624321E2
3.159578723E1	2.172055500E2	-4.857662731E2
