188-U_row-2_post-11_wire
t	x	y
7.276784228E0	-4.526613553E1	-2.208401760E1
7.293435908E0	-4.518144784E1	-1.811839077E1
7.310087588E0	-4.527139939E1	-1.434515032E1
7.326739268E0	-4.506474556E1	-1.121027637E1
7.343390948E0	-4.499058579E1	-8.164054271E0
7.360042628E0	-4.534689616E1	-5.812943961E0
7.376694308E0	-4.582568342E1	-4.134724552E0
7.393345989E0	-4.527216950E1	-2.809495355E0
7.409997669E0	-4.523972821E1	-2.262081976E0
7.426649349E0	-4.544579746E1	-1.792277248E0
7.443301029E0	-4.509001726E1	-1.235229026E0
7.459952709E0	-4.509018274E1	-1.280575464E0
7.476604389E0	-4.562030485E1	-1.179694999E0
7.493256070E0	-4.511088690E1	-1.214620031E0
7.509907750E0	-4.500101013E1	-1.328335294E0
7.526559430E0	-4.511897354E1	-1.292949039E0
7.543211110E0	-4.539548310E1	-1.208028068E0
7.559862790E0	-4.539903408E1	-1.165384798E0
7.576514470E0	-4.531253395E1	-1.171021365E0
7.593166150E0	-4.551083892E1	-1.116331305E0
7.609817831E0	-4.566619690E1	-1.158077105E0
7.626469511E0	-4.603738290E1	-1.128923194E0
7.643121191E0	-4.595176042E1	-1.149655922E0
7.659772871E0	-4.597356707E1	-1.143418375E0
7.676424551E0	-4.583196670E1	-1.186874068E0
7.693076231E0	-4.599034067E1	-1.164174230E0
7.709727912E0	-4.567879718E1	-1.356012943E0
7.726379592E0	-4.577105574E1	-1.199010059E0
7.743031272E0	-4.585493122E1	-1.189166343E0
7.759682952E0	-4.610908877E1	-1.138249349E0
7.776334632E0	-4.579960821E1	-1.261753827E0
7.792986312E0	-4.593834299E1	-1.248290536E0
7.809637992E0	-4.586098631E1	-1.239334690E0
7.826289673E0	-4.573606847E1	-1.301829545E0
7.842941353E0	-4.577676826E1	-1.247615634E0
7.859593033E0	-4.582720686E1	-1.266116150E0
7.876244713E0	-4.600478751E1	-1.096759329E0
7.892896393E0	-4.599384164E1	-1.176180949E0
7.909548073E0	-4.600930939E1	-1.171577595E0
7.926199754E0	-4.589061250E1	-1.175283263E0
7.942851434E0	-4.577714517E1	-1.237908697E0
7.959503114E0	-4.559701573E1	-1.238540900E0
7.976154794E0	-4.565739809E1	-1.217111980E0
7.992806474E0	-4.579199759E1	-1.161805671E0
8.009458154E0	-4.592649763E1	-1.184197455E0
8.026109834E0	-4.604630804E1	-1.157326404E0
8.042761515E0	-4.556220699E1	-1.339438604E0
8.059413195E0	-4.541704818E1	-1.142115779E0
8.076064875E0	-4.556103865E1	-1.247309081E0
8.092716555E0	-4.604183849E1	-1.144817885E0
8.109368235E0	-4.569347678E1	-1.260123540E0
8.126019915E0	-4.542994052E1	-1.244313196E0
8.142671596E0	-4.541311691E1	-1.078098979E0
8.159323276E0	-4.570937646E1	-9.538200673E-1
8.175974956E0	-4.598245012E1	-1.160626237E0
8.192626636E0	-4.615498121E1	-1.083041395E0
8.209278316E0	-4.574185390E1	-5.424459787E-1
8.225929996E0	-4.588844397E1	-4.058008761E-1
8.242581676E0	-4.602331112E1	4.759042026E-1
8.259233357E0	-4.622905657E1	1.375935372E0
8.275885037E0	-4.618248372E1	3.509157972E0
8.292536717E0	-4.576208367E1	6.555183137E0
8.309188397E0	-4.505306689E1	1.093925494E1
8.325840077E0	-4.610789428E1	1.592898325E1
8.342491757E0	-4.577460100E1	2.030173723E1
8.359143438E0	-4.565299881E1	2.500369269E1
8.375795118E0	-4.595344074E1	2.980832117E1
8.392446798E0	-4.536020364E1	3.426863438E1
8.409098478E0	-4.635977066E1	3.927830478E1
8.425750158E0	-4.565593583E1	4.511257571E1
8.442401838E0	-4.681010318E1	5.084993780E1
8.459053519E0	-4.672485913E1	5.538852889E1
8.475705199E0	-4.656165339E1	5.843477103E1
8.492356879E0	-4.617859359E1	6.145278943E1
8.509008559E0	-4.782423397E1	6.417380645E1
8.525660239E0	-4.804858079E1	6.717246412E1
8.542311919E0	-4.840325826E1	7.025142884E1
8.558963599E0	-4.686492230E1	7.230545171E1
8.575615280E0	-4.695042229E1	7.390036855E1
8.592266960E0	-4.707698592E1	7.471368224E1
8.608918640E0	-4.825228800E1	7.558593403E1
8.625570320E0	-4.817531237E1	7.636888544E1
8.642222000E0	-4.896172252E1	7.721664492E1
8.658873680E0	-4.666412253E1	7.843347978E1
8.675525361E0	-4.724073694E1	7.934149703E1
8.692177041E0	-4.784741497E1	8.015924810E1
8.708828721E0	-4.885994507E1	8.025937765E1
8.725480401E0	-4.810763809E1	8.094205802E1
8.742132081E0	-4.725051830E1	8.161496876E1
8.758783761E0	-4.827859724E1	8.177438550E1
8.775435441E0	-4.800428282E1	8.248655185E1
8.792087122E0	-4.840873821E1	8.329526749E1
8.808738802E0	-4.854827881E1	8.406344456E1
8.825390482E0	-4.781181117E1	8.555192543E1
8.842042162E0	-4.892581022E1	8.642614915E1
8.858693842E0	-4.974905733E1	8.728826033E1
8.875345522E0	-4.997990580E1	8.883167600E1
8.891997203E0	-5.065066252E1	9.041665431E1
8.908648883E0	-5.071826332E1	9.189936535E1
8.925300563E0	-4.885738498E1	9.393118401E1
8.941952243E0	-4.980261553E1	9.565157961E1
8.958603923E0	-4.877990097E1	9.792550364E1
8.975255603E0	-5.069665993E1	9.962991334E1
8.991907283E0	-4.943829193E1	1.025995728E2
9.008558964E0	-4.992437327E1	1.049319336E2
9.025210644E0	-4.896384298E1	1.071691987E2
9.041862324E0	-5.002641920E1	1.088380236E2
9.058514004E0	-5.017308939E1	1.111839225E2
9.075165684E0	-4.989592235E1	1.134360954E2
9.091817364E0	-5.075337734E1	1.165887200E2
9.108469045E0	-5.081793765E1	1.196976449E2
9.125120725E0	-5.075224830E1	1.227920409E2
9.141772405E0	-5.019525473E1	1.250765974E2
9.158424085E0	-5.085132830E1	1.274333516E2
9.175075765E0	-5.141829668E1	1.297643765E2
9.191727445E0	-5.255597815E1	1.321955401E2
9.208379125E0	-5.236026097E1	1.352401247E2
9.225030806E0	-5.236212834E1	1.383283094E2
9.241682486E0	-5.133262848E1	1.420171474E2
9.258334166E0	-5.388556494E1	1.445760053E2
9.274985846E0	-5.258801297E1	1.475543508E2
9.291637526E0	-5.298928791E1	1.498926197E2
9.308289206E0	-5.365696694E1	1.522453080E2
9.324940887E0	-5.288616875E1	1.537458783E2
9.341592567E0	-5.231805590E1	1.552479214E2
9.358244247E0	-5.474230831E1	1.561775308E2
9.374895927E0	-5.303330958E1	1.576256905E2
9.391547607E0	-5.230929034E1	1.591403784E2
9.408199287E0	-5.328530945E1	1.607416120E2
9.424850967E0	-5.159313139E1	1.622026012E2
9.441502648E0	-5.366948442E1	1.630676263E2
9.458154328E0	-5.480683257E1	1.639245212E2
9.474806008E0	-5.362308824E1	1.653676429E2
9.491457688E0	-5.502755813E1	1.662029072E2
9.508109368E0	-5.472249381E1	1.677225948E2
9.524761048E0	-5.569871143E1	1.685600701E2
9.541412729E0	-5.511580787E1	1.700164234E2
9.558064409E0	-5.451838014E1	1.715468770E2
9.574716089E0	-5.466015605E1	1.731250393E2
9.591367769E0	-5.369047839E1	1.746286675E2
9.608019449E0	-5.326256636E1	1.761691468E2
9.624671129E0	-5.476511037E1	1.770120744E2
9.641322809E0	-5.337008693E1	1.785171315E2
9.657974490E0	-5.493736089E1	1.793530636E2
9.674626170E0	-5.388474287E1	1.808586659E2
9.691277850E0	-5.335635503E1	1.824015066E2
9.707929530E0	-5.500550806E1	1.839703040E2
9.724581210E0	-5.461767310E1	1.855194584E2
9.741232890E0	-5.341392673E1	1.869844824E2
9.757884571E0	-5.483309044E1	1.878705724E2
9.774536251E0	-5.348611336E1	1.893153404E2
9.791187931E0	-5.468219625E1	1.901784777E2
9.807839611E0	-5.460507724E1	1.909410621E2
9.824491291E0	-5.385586080E1	1.924543059E2
9.841142971E0	-5.340755814E1	1.931714203E2
9.857794651E0	-5.605722557E1	1.933382917E2
9.874446332E0	-5.375455307E1	1.947603103E2
9.891098012E0	-5.431197791E1	1.955542271E2
9.907749692E0	-5.613413756E1	1.956627765E2
