188-U_row-2_post-12_wire
t	x	y
1.918273554E1	-3.320389048E1	-2.175162270E1
1.919938722E1	-3.320444601E1	-1.789362824E1
1.921603890E1	-3.277536827E1	-1.421024713E1
1.923269058E1	-3.267595022E1	-1.124914376E1
1.924934226E1	-3.311773586E1	-9.224212422E0
1.926599394E1	-3.284393109E1	-7.081881793E0
1.928264562E1	-3.252258435E1	-4.970089068E0
1.929929730E1	-3.233849910E1	-3.317428828E0
1.931594898E1	-3.304581596E1	-1.335888361E0
1.933260066E1	-3.265266740E1	6.567494715E-1
1.934925234E1	-3.246224144E1	2.221547619E0
1.936590402E1	-3.268747760E1	3.853847971E0
1.938255570E1	-3.283631470E1	6.284559219E0
1.939920738E1	-3.292258037E1	7.818745670E0
1.941585906E1	-3.261915463E1	9.924347091E0
1.943251074E1	-3.352877169E1	1.181205999E1
1.944916242E1	-3.307201360E1	1.385015906E1
1.946581410E1	-3.326742893E1	1.565161922E1
1.948246578E1	-3.244558698E1	1.844676715E1
1.949911746E1	-3.278652606E1	2.161879951E1
1.951576914E1	-3.283368120E1	2.462814190E1
1.953242082E1	-3.287987175E1	2.699481016E1
1.954907250E1	-3.273387933E1	3.009524196E1
1.956572418E1	-3.231077611E1	3.310468561E1
1.958237586E1	-3.324294720E1	3.569467774E1
1.959902754E1	-3.293273570E1	3.866718500E1
1.961567922E1	-3.353207062E1	4.107603484E1
1.963233090E1	-3.262170879E1	4.403425971E1
1.964898258E1	-3.379807898E1	4.651452070E1
1.966563426E1	-3.237244903E1	4.925186541E1
1.968228594E1	-3.300900715E1	5.180074316E1
1.969893762E1	-3.309754244E1	5.413441666E1
1.971558930E1	-3.384620392E1	5.650482301E1
1.973224098E1	-3.270415164E1	5.942799124E1
1.974889266E1	-3.424642546E1	6.126002341E1
1.976554434E1	-3.333687372E1	6.339126113E1
1.978219602E1	-3.248828330E1	6.484730728E1
1.979884770E1	-3.289140702E1	6.647986308E1
1.981549938E1	-3.426007717E1	6.751551844E1
1.983215106E1	-3.416075232E1	6.900565260E1
1.984880274E1	-3.390949746E1	7.046616788E1
1.986545442E1	-3.442799487E1	7.134797561E1
1.988210610E1	-3.325757803E1	7.260498579E1
1.989875778E1	-3.427937583E1	7.356485246E1
1.991540946E1	-3.284074110E1	7.490056866E1
1.993206114E1	-3.465753542E1	7.520750133E1
1.994871283E1	-3.258132366E1	7.644240917E1
1.996536451E1	-3.474739280E1	7.756056523E1
1.998201619E1	-3.400187264E1	7.893439747E1
1.999866787E1	-3.399890571E1	8.050476562E1
2.001531955E1	-3.346118450E1	8.199653846E1
2.003197123E1	-3.461554235E1	8.293184631E1
2.004862291E1	-3.510947129E1	8.372678897E1
2.006527459E1	-3.502042590E1	8.520400254E1
2.008192627E1	-3.315437440E1	8.656309126E1
2.009857795E1	-3.328744149E1	8.818479330E1
2.011522963E1	-3.358954666E1	8.975935492E1
2.013188131E1	-3.319324683E1	9.201326247E1
2.014853299E1	-3.282692271E1	9.507781867E1
2.016518467E1	-3.343330314E1	9.830157872E1
2.018183635E1	-3.446783851E1	1.014663255E2
2.019848803E1	-3.461877791E1	1.053144683E2
2.021513971E1	-3.600120668E1	1.077236499E2
2.023179139E1	-3.483129983E1	1.106984652E2
2.024844307E1	-3.490188427E1	1.130306943E2
2.026509475E1	-3.469110493E1	1.153470667E2
2.028174643E1	-3.523513132E1	1.169091195E2
2.029839811E1	-3.577777573E1	1.184921751E2
2.031504979E1	-3.706212640E1	1.201517318E2
2.033170147E1	-3.589300903E1	1.215764493E2
2.034835315E1	-3.536604179E1	1.230518728E2
2.036500483E1	-3.566468209E1	1.246402563E2
2.038165651E1	-3.754301192E1	1.263057759E2
2.039830819E1	-3.704028047E1	1.285834643E2
2.041495987E1	-3.698721695E1	1.301029207E2
2.043161155E1	-3.718195374E1	1.316557198E2
2.044826323E1	-3.808147361E1	1.332620392E2
2.046491491E1	-3.794777378E1	1.347723312E2
2.048156659E1	-3.808630159E1	1.363114201E2
2.049821827E1	-3.811726523E1	1.378627686E2
2.051486995E1	-3.773493740E1	1.385904903E2
2.053152163E1	-3.768341002E1	1.393565846E2
2.054817331E1	-3.779840391E1	1.401423496E2
2.056482499E1	-3.910493975E1	1.402030038E2
2.058147667E1	-3.928932021E1	1.409827212E2
2.059812835E1	-3.847002782E1	1.417002613E2
2.061478003E1	-3.749705950E1	1.431456076E2
2.063143171E1	-3.847395182E1	1.440233546E2
2.064808339E1	-3.748826162E1	1.454696162E2
2.066473507E1	-3.908347096E1	1.471310899E2
2.068138675E1	-3.941373223E1	1.494728960E2
2.069803843E1	-3.923304990E1	1.517685238E2
2.071469011E1	-3.917533313E1	1.540658345E2
2.073134179E1	-3.844735448E1	1.563118597E2
2.074799347E1	-3.966074269E1	1.579932815E2
2.076464515E1	-3.945933641E1	1.602895963E2
2.078129683E1	-4.094752763E1	1.618961427E2
2.079794851E1	-3.947000525E1	1.641177217E2
2.081460019E1	-4.094381213E1	1.657623753E2
2.083125187E1	-4.013436125E1	1.687929324E2
2.084790355E1	-4.092739657E1	1.711634325E2
2.086455523E1	-4.213090008E1	1.735001768E2
2.088120691E1	-4.141916101E1	1.757691917E2
2.089785859E1	-4.257109752E1	1.774060466E2
2.091451027E1	-4.068490679E1	1.795578973E2
2.093116195E1	-4.223009515E1	1.819817105E2
2.094781363E1	-4.149385272E1	1.850132311E2
2.096446531E1	-4.249552916E1	1.873864059E2
2.098111699E1	-4.375350742E1	1.889852346E2
2.099776867E1	-4.289731748E1	1.912616775E2
2.101442036E1	-4.383230731E1	1.928371536E2
2.103107204E1	-4.324921924E1	1.943534712E2
2.104772372E1	-4.262339010E1	1.958553506E2
