188-U_row-8_post-8_ref
t	x	y
8.079760451E0	4.233765831E2	2.531411846E1
8.096488734E0	4.234241834E2	3.377576972E1
8.113217016E0	4.233662175E2	4.187450960E1
8.129945299E0	4.235280978E2	5.002647148E1
8.146673581E0	4.234864724E2	5.742024592E1
8.163401864E0	4.236521558E2	6.340088417E1
8.180130146E0	4.233888625E2	6.853190775E1
8.196858429E0	4.240514833E2	7.316971151E1
8.213586711E0	4.239232526E2	7.863850147E1
8.230314994E0	4.241840819E2	8.501516045E1
8.247043276E0	4.241455562E2	9.121979910E1
8.263771559E0	4.242882041E2	9.573019893E1
8.280499841E0	4.242860127E2	9.856085928E1
8.297228124E0	4.244098012E2	1.010736082E2
8.313956406E0	4.246122263E2	1.036949544E2
8.330684689E0	4.242917767E2	1.060373417E2
8.347412971E0	4.247728512E2	1.071814936E2
8.364141254E0	4.243725358E2	1.087298766E2
8.380869536E0	4.242580012E2	1.100195996E2
8.397597819E0	4.242852225E2	1.120090269E2
8.414326101E0	4.243794540E2	1.133643513E2
8.431054384E0	4.242350768E2	1.144424680E2
8.447782666E0	4.242677328E2	1.153644601E2
8.464510949E0	4.241309085E2	1.166291945E2
8.481239231E0	4.242231817E2	1.178843257E2
8.497967514E0	4.243360712E2	1.194769413E2
8.514695796E0	4.246527898E2	1.216433210E2
8.531424079E0	4.247906034E2	1.244229190E2
8.548152361E0	4.244870541E2	1.270282971E2
8.564880644E0	4.246576972E2	1.295981136E2
8.581608926E0	4.249381356E2	1.317863567E2
8.598337209E0	4.249316632E2	1.339156656E2
8.615065491E0	4.250221914E2	1.359831121E2
8.631793774E0	4.250138155E2	1.391255079E2
8.648522056E0	4.250957679E2	1.424100635E2
8.665250339E0	4.250477896E2	1.457469491E2
8.681978621E0	4.253675768E2	1.484372401E2
8.698706904E0	4.250888812E2	1.509126798E2
8.715435186E0	4.251433219E2	1.532022552E2
8.732163469E0	4.251046225E2	1.556145231E2
8.748891751E0	4.251811954E2	1.579462370E2
8.765620034E0	4.251868559E2	1.597220804E2
8.782348316E0	4.252196916E2	1.616281815E2
8.799076599E0	4.252722344E2	1.632597127E2
8.815804881E0	4.251022453E2	1.655856441E2
8.832533164E0	4.254252213E2	1.676445257E2
8.849261446E0	4.252700100E2	1.698359157E2
8.865989729E0	4.253486409E2	1.717199830E2
8.882718011E0	4.251352047E2	1.736976895E2
8.899446294E0	4.250762629E2	1.756324265E2
8.916174576E0	4.251125178E2	1.774789645E2
8.932902859E0	4.251859848E2	1.792909036E2
8.949631141E0	4.251677655E2	1.809039129E2
8.966359424E0	4.251531566E2	1.823418895E2
8.983087706E0	4.252737921E2	1.844759910E2
8.999815989E0	4.251290476E2	1.864172501E2
9.016544271E0	4.256272294E2	1.887999872E2
9.033272554E0	4.257043450E2	1.920940981E2
9.050000836E0	4.255155942E2	1.951012755E2
9.066729119E0	4.257745670E2	1.982979698E2
9.083457401E0	4.259539771E2	2.015765131E2
9.100185684E0	4.259242195E2	2.053658777E2
9.116913966E0	4.258628865E2	2.101095232E2
9.133642249E0	4.263807243E2	2.152901585E2
9.150370531E0	4.264368702E2	2.215868879E2
9.167098814E0	4.265555802E2	2.281840930E2
9.183827096E0	4.269486426E2	2.352509836E2
9.200555379E0	4.270292223E2	2.427293983E2
9.217283661E0	4.270882848E2	2.493164058E2
9.234011944E0	4.272962238E2	2.539669964E2
9.250740227E0	4.272112400E2	2.562533741E2
9.267468509E0	4.274148914E2	2.581726229E2
9.284196792E0	4.274220831E2	2.603706898E2
9.300925074E0	4.275068120E2	2.630242043E2
9.317653357E0	4.276106117E2	2.645440586E2
9.334381639E0	4.274256936E2	2.654163438E2
9.351109922E0	4.274688964E2	2.663418716E2
9.367838204E0	4.275306720E2	2.673628584E2
9.384566487E0	4.275259401E2	2.690270660E2
9.401294769E0	4.275443130E2	2.713212618E2
9.418023052E0	4.276126356E2	2.735864387E2
9.434751334E0	4.277194438E2	2.748793099E2
9.451479617E0	4.275197082E2	2.763075293E2
9.468207899E0	4.275716637E2	2.775956092E2
9.484936182E0	4.278008818E2	2.791034422E2
9.501664464E0	4.277968394E2	2.813378697E2
9.518392747E0	4.278364388E2	2.838655894E2
9.535121029E0	4.279771714E2	2.878472895E2
9.551849312E0	4.282277039E2	2.909133736E2
9.568577594E0	4.282727515E2	2.945459393E2
9.585305877E0	4.283546331E2	2.984057016E2
9.602034159E0	4.283860820E2	3.035168575E2
9.618762442E0	4.284573128E2	3.117124962E2
9.635490724E0	4.289665396E2	3.228324187E2
