188-U_row-2_post-14_wire
t	x	y
2.331235222E1	-1.049228920E1	-2.080157335E1
2.332900390E1	-1.026499064E1	-1.855727203E1
2.334565558E1	-1.019836249E1	-1.628406559E1
2.336230726E1	-1.038314594E1	-1.461201458E1
2.337895894E1	-1.044900493E1	-1.311586361E1
2.339561062E1	-1.039882101E1	-1.153729435E1
2.341226230E1	-1.041336102E1	-1.011047747E1
2.342891398E1	-1.033920246E1	-8.154725274E0
2.344556566E1	-1.042045221E1	-5.871694729E0
2.346221734E1	-1.060887688E1	-3.148701378E0
2.347886902E1	-1.053574415E1	5.259483287E-2
2.349552070E1	-1.061450072E1	2.421939302E0
2.351217238E1	-1.039102614E1	4.645655134E0
2.352882406E1	-1.017969172E1	6.880839950E0
2.354547574E1	-1.047280475E1	8.602532524E0
2.356212742E1	-1.056685367E1	1.038565660E1
2.357877910E1	-1.047516405E1	1.254373192E1
2.359543078E1	-1.041717409E1	1.479454797E1
2.361208246E1	-1.049163328E1	1.716474244E1
2.362873414E1	-1.052875813E1	2.019920847E1
2.364538582E1	-1.074412725E1	2.345155146E1
2.366203750E1	-1.117626591E1	2.668555462E1
2.367868918E1	-1.110089028E1	2.906483312E1
2.369534086E1	-1.039429812E1	3.156876455E1
2.371199254E1	-1.046373838E1	3.407719148E1
2.372864422E1	-1.039539460E1	3.629146663E1
2.374529590E1	-1.107638579E1	3.886019026E1
2.376194758E1	-1.118279040E1	4.190105156E1
2.377859926E1	-1.131842875E1	4.440906541E1
2.379525094E1	-1.088009949E1	4.648326253E1
2.381190262E1	-1.094649658E1	4.883092744E1
2.382855430E1	-1.101421089E1	5.041094307E1
2.384520598E1	-1.131566828E1	5.200544404E1
2.386185766E1	-1.129676228E1	5.356103475E1
2.387850934E1	-1.131655556E1	5.516081353E1
2.389516102E1	-1.113358017E1	5.737441571E1
2.391181270E1	-1.111662267E1	5.947376318E1
2.392846438E1	-1.189117625E1	6.131962920E1
2.394511606E1	-1.164122535E1	6.361220772E1
2.396176774E1	-1.183200380E1	6.523594969E1
2.397841942E1	-1.241296554E1	6.700139827E1
2.399507110E1	-1.210377245E1	6.908680316E1
2.401172278E1	-1.280243825E1	7.164092559E1
2.402837446E1	-1.270917967E1	7.309621355E1
2.404502614E1	-1.229272813E1	7.518824580E1
2.406167782E1	-1.251589823E1	7.681757303E1
2.407832950E1	-1.245444263E1	7.830725606E1
2.409498118E1	-1.277184537E1	7.991943284E1
2.411163286E1	-1.271504451E1	8.212677751E1
2.412828454E1	-1.276774611E1	8.447851517E1
2.414493622E1	-1.309788559E1	8.700602035E1
2.416158790E1	-1.258496838E1	8.981908230E1
2.417823958E1	-1.301958188E1	9.229246690E1
2.419489126E1	-1.293000628E1	9.455126736E1
2.421154294E1	-1.382027387E1	9.643965648E1
2.422819462E1	-1.295141038E1	9.914895588E1
2.424484630E1	-1.334993569E1	1.015949753E2
2.426149799E1	-1.357726650E1	1.039128381E2
2.427814967E1	-1.372642162E1	1.062340074E2
2.429480135E1	-1.412854525E1	1.085782083E2
2.431145303E1	-1.340892362E1	1.107273305E2
2.432810471E1	-1.362964692E1	1.123626665E2
2.434475639E1	-1.422256336E1	1.140254207E2
2.436140807E1	-1.432848123E1	1.155626783E2
2.437805975E1	-1.442776589E1	1.171018389E2
2.439471143E1	-1.446847945E1	1.186428231E2
2.441136311E1	-1.390697942E1	1.199938642E2
2.442801479E1	-1.362863485E1	1.223259028E2
2.444466647E1	-1.473429365E1	1.242152772E2
2.446131815E1	-1.519266021E1	1.264826549E2
2.447796983E1	-1.515114486E1	1.286980791E2
2.449462151E1	-1.534182546E1	1.310998499E2
2.451127319E1	-1.458693378E1	1.332897581E2
2.452792487E1	-1.448323707E1	1.356034149E2
2.454457655E1	-1.528576101E1	1.380460211E2
2.456122823E1	-1.579929565E1	1.395965764E2
2.457787991E1	-1.616445057E1	1.412496076E2
2.459453159E1	-1.549007884E1	1.426382954E2
2.461118327E1	-1.621880850E1	1.443656494E2
2.462783495E1	-1.617233470E1	1.458438820E2
2.464448663E1	-1.575325654E1	1.478279299E2
2.466113831E1	-1.567256146E1	1.494517542E2
2.467778999E1	-1.570922119E1	1.510413158E2
2.469444167E1	-1.621618565E1	1.520018289E2
2.471109335E1	-1.591989745E1	1.527471597E2
2.472774503E1	-1.552995815E1	1.540368992E2
2.474439671E1	-1.590781228E1	1.549675963E2
2.476104839E1	-1.589477082E1	1.564867512E2
2.477770007E1	-1.655438728E1	1.574764387E2
2.479435175E1	-1.712363403E1	1.590259472E2
2.481100343E1	-1.683094781E1	1.604532968E2
2.482765511E1	-1.679488583E1	1.619810314E2
2.484430679E1	-1.759290284E1	1.628768788E2
2.486095847E1	-1.743478662E1	1.637093457E2
2.487761015E1	-1.678260886E1	1.650448156E2
2.489426183E1	-1.750627438E1	1.659596779E2
2.491091351E1	-1.717251572E1	1.672452646E2
2.492756519E1	-1.734276733E1	1.681438189E2
2.494421687E1	-1.741091884E1	1.689612755E2
2.496086855E1	-1.802878141E1	1.698772843E2
2.497752023E1	-1.838622601E1	1.714401235E2
2.499417191E1	-1.753256215E1	1.726715052E2
2.501082359E1	-1.798151022E1	1.735622540E2
2.502747527E1	-1.830310279E1	1.752191734E2
2.504412695E1	-1.839511578E1	1.760115947E2
2.506077863E1	-1.816940939E1	1.767004878E2
2.507743031E1	-1.828037399E1	1.775034066E2
2.509408199E1	-1.762564129E1	1.789681177E2
2.511073367E1	-1.776518851E1	1.797145525E2
2.512738535E1	-1.826583717E1	1.806229345E2
2.514403703E1	-1.872379591E1	1.822021467E2
2.516068871E1	-1.809522516E1	1.836259713E2
2.517734039E1	-1.897929981E1	1.852652165E2
2.519399207E1	-1.921866183E1	1.861147531E2
2.521064375E1	-1.851550202E1	1.867938247E2
2.522729543E1	-1.919076707E1	1.869049785E2
2.524394711E1	-1.856191622E1	1.875627699E2
2.526059879E1	-1.823924006E1	1.882111817E2
2.527725047E1	-1.825756770E1	1.889562057E2
2.529390215E1	-1.923225576E1	1.893054290E2
2.531055383E1	-1.928276410E1	1.900799737E2
2.532720552E1	-1.944388976E1	1.907334648E2
2.534385720E1	-1.942479465E1	1.914299548E2
2.536050888E1	-2.004089423E1	1.915880873E2
2.537716056E1	-1.943917481E1	1.922078439E2
2.539381224E1	-1.886080002E1	1.929113973E2
2.541046392E1	-1.893038705E1	1.936989775E2
2.542711560E1	-1.920170418E1	1.945145416E2
2.544376728E1	-1.998445124E1	1.953848903E2
2.546041896E1	-1.991388016E1	1.969057401E2
2.547707064E1	-1.972765604E1	1.984034588E2
2.549372232E1	-1.991148343E1	1.991996469E2
2.551037400E1	-1.946144021E1	2.006078848E2
2.552702568E1	-2.099054672E1	2.008494839E2
2.554367736E1	-2.046187582E1	2.014582546E2
2.556032904E1	-2.071101870E1	2.015774891E2
2.557698072E1	-2.074602719E1	2.024170150E2
2.559363240E1	-2.050711521E1	2.031000464E2
2.561028408E1	-2.096589110E1	2.038813347E2
2.562693576E1	-2.077712500E1	2.046094739E2
2.564358744E1	-2.050920121E1	2.052222936E2
2.566023912E1	-2.068893574E1	2.061460398E2
2.567689080E1	-2.060189509E1	2.068638226E2
2.569354248E1	-2.061855752E1	2.076920018E2
2.571019416E1	-2.040377289E1	2.083424105E2
2.572684584E1	-2.101575076E1	2.084786584E2
2.574349752E1	-2.173278618E1	2.086163046E2
2.576014920E1	-2.108778106E1	2.091267236E2
2.577680088E1	-2.191427289E1	2.093891343E2
2.579345256E1	-2.162603702E1	2.101335230E2
2.581010424E1	-2.182023835E1	2.100494635E2
2.582675592E1	-2.204569361E1	2.100542003E2
2.584340760E1	-2.181018382E1	2.100072273E2
2.586005928E1	-2.241662920E1	2.101415805E2
2.587671096E1	-2.201365090E1	2.107934607E2
2.589336264E1	-2.262559484E1	2.109496800E2
2.591001432E1	-2.166273655E1	2.114908323E2
2.592666600E1	-2.239742373E1	2.116949029E2
2.594331768E1	-2.272268110E1	2.116769244E2
2.595996936E1	-2.229434952E1	2.123692700E2
2.597662104E1	-2.216059778E1	2.131083182E2
2.599327272E1	-2.266641422E1	2.132070538E2
2.600992440E1	-2.213188593E1	2.138860689E2
2.602657608E1	-2.246646542E1	2.139387458E2
2.604322776E1	-2.296625758E1	2.140022654E2
2.605987944E1	-2.310775282E1	2.148648108E2
