188-U_row-2_post-14_ref
t	x	y
2.331235222E1	3.927515097E2	-6.390926932E0
2.332900390E1	3.928695847E2	-3.925798519E0
2.334565558E1	3.928334437E2	-1.599139712E0
2.336230726E1	3.928136590E2	5.017059380E-1
2.337895894E1	3.927439285E2	2.153002936E0
2.339561062E1	3.928865637E2	3.887983410E0
2.341226230E1	3.928252561E2	5.398438415E0
2.342891398E1	3.930154175E2	7.663536048E0
2.344556566E1	3.928574599E2	1.027704293E1
2.346221734E1	3.927296797E2	1.311444127E1
2.347886902E1	3.928403506E2	1.665421529E1
2.349552070E1	3.928319598E2	1.936901564E1
2.351217238E1	3.927707937E2	2.185350362E1
2.352882406E1	3.928915015E2	2.425466103E1
2.354547574E1	3.927548047E2	2.619691746E1
2.356212742E1	3.928552550E2	2.848041700E1
2.357877910E1	3.929868794E2	3.083233035E1
2.359543078E1	3.928411214E2	3.323230755E1
2.361208246E1	3.928757675E2	3.598151904E1
2.362873414E1	3.927623675E2	3.926524068E1
2.364538582E1	3.930292362E2	4.304695366E1
2.366203750E1	3.930200276E2	4.672105429E1
2.367868918E1	3.929803913E2	4.951747451E1
2.369534086E1	3.928487811E2	5.240448898E1
2.371199254E1	3.929101291E2	5.500503457E1
2.372864422E1	3.929113780E2	5.746180660E1
2.374529590E1	3.928573292E2	6.027154683E1
2.376194758E1	3.928342115E2	6.353108540E1
2.377859926E1	3.929714606E2	6.647226438E1
2.379525094E1	3.929047234E2	6.868149453E1
2.381190262E1	3.929214879E2	7.114491911E1
2.382855430E1	3.932591657E2	7.311175608E1
2.384520598E1	3.931599499E2	7.494519500E1
2.386185766E1	3.933400108E2	7.676745116E1
2.387850934E1	3.934864003E2	7.875584866E1
2.389516102E1	3.934542024E2	8.104209917E1
2.391181270E1	3.934848215E2	8.338971515E1
2.392846438E1	3.933772270E2	8.555259710E1
2.394511606E1	3.935811051E2	8.801185759E1
2.396176774E1	3.936007074E2	8.990227401E1
2.397841942E1	3.934374760E2	9.199958839E1
2.399507110E1	3.935166471E2	9.431078882E1
2.401172278E1	3.935129081E2	9.739075381E1
2.402837446E1	3.937561577E2	9.912246550E1
2.404502614E1	3.935752216E2	1.013310195E2
2.406167782E1	3.937342486E2	1.034199598E2
2.407832950E1	3.936733232E2	1.050362825E2
2.409498118E1	3.937728613E2	1.067318754E2
2.411163286E1	3.936755641E2	1.091121465E2
2.412828454E1	3.937384164E2	1.116978058E2
2.414493622E1	3.938176841E2	1.148159863E2
2.416158790E1	3.937047134E2	1.176880874E2
2.417823958E1	3.937271478E2	1.206366859E2
2.419489126E1	3.936987692E2	1.230419559E2
2.421154294E1	3.938640690E2	1.254228704E2
2.422819462E1	3.937346303E2	1.282758894E2
2.424484630E1	3.937468180E2	1.311899646E2
2.426149799E1	3.937882128E2	1.338276026E2
2.427814967E1	3.938599127E2	1.364690248E2
2.429480135E1	3.937749391E2	1.391850740E2
2.431145303E1	3.938256640E2	1.414923582E2
2.432810471E1	3.937313780E2	1.433721907E2
2.434475639E1	3.937281497E2	1.454628585E2
2.436140807E1	3.938259115E2	1.471803916E2
2.437805975E1	3.937391465E2	1.489747959E2
2.439471143E1	3.936264060E2	1.508009526E2
2.441136311E1	3.935519046E2	1.519569817E2
2.442801479E1	3.938188349E2	1.544581828E2
2.444466647E1	3.936437552E2	1.570128615E2
2.446131815E1	3.936679904E2	1.596658591E2
2.447796983E1	3.938322776E2	1.623094690E2
2.449462151E1	3.936997379E2	1.652783441E2
2.451127319E1	3.937980007E2	1.676355757E2
2.452792487E1	3.938268720E2	1.702359328E2
2.454457655E1	3.938719554E2	1.732434046E2
2.456122823E1	3.938518749E2	1.750984346E2
2.457787991E1	3.939084896E2	1.771914433E2
2.459453159E1	3.937580941E2	1.786579750E2
2.461118327E1	3.935902720E2	1.809008487E2
2.462783495E1	3.936161084E2	1.826340841E2
2.464448663E1	3.935242493E2	1.847890573E2
2.466113831E1	3.939132241E2	1.865991953E2
2.467778999E1	3.938280267E2	1.883514852E2
2.469444167E1	3.936559137E2	1.896106014E2
2.471109335E1	3.939214864E2	1.904956888E2
2.472774503E1	3.941138385E2	1.918177611E2
2.474439671E1	3.941726305E2	1.927084152E2
2.476104839E1	3.941732423E2	1.943415731E2
2.477770007E1	3.942505092E2	1.958536441E2
2.479435175E1	3.941511781E2	1.979631584E2
2.481100343E1	3.942058330E2	1.994779656E2
2.482765511E1	3.943298122E2	2.012104513E2
2.484430679E1	3.942003232E2	2.025584647E2
2.486095847E1	3.944423874E2	2.035949095E2
2.487761015E1	3.942857748E2	2.049449555E2
2.489426183E1	3.944830332E2	2.060438376E2
2.491091351E1	3.942505064E2	2.073944686E2
2.492756519E1	3.944171098E2	2.085427127E2
2.494421687E1	3.943340531E2	2.096013230E2
2.496086855E1	3.943468382E2	2.111132112E2
2.497752023E1	3.944680459E2	2.128641996E2
2.499417191E1	3.944374304E2	2.141469396E2
2.501082359E1	3.944202380E2	2.151706619E2
2.502747527E1	3.944219038E2	2.173970253E2
2.504412695E1	3.944148102E2	2.182994018E2
2.506077863E1	3.943873837E2	2.190618360E2
2.507743031E1	3.943969513E2	2.200494058E2
2.509408199E1	3.947225104E2	2.215315154E2
2.511073367E1	3.946181914E2	2.225767159E2
2.512738535E1	3.947483519E2	2.237957490E2
2.514403703E1	3.947533133E2	2.259218601E2
2.516068871E1	3.950793448E2	2.273945855E2
2.517734039E1	3.949731073E2	2.292761587E2
2.519399207E1	3.950435005E2	2.305950997E2
2.521064375E1	3.951050184E2	2.313491314E2
2.522729543E1	3.950034704E2	2.319288805E2
2.524394711E1	3.951401083E2	2.324755687E2
2.526059879E1	3.950987185E2	2.331113291E2
2.527725047E1	3.951092529E2	2.338784310E2
2.529390215E1	3.950762831E2	2.345755094E2
2.531055383E1	3.950803722E2	2.354913822E2
2.532720552E1	3.950350525E2	2.362744275E2
2.534385720E1	3.950344607E2	2.369713780E2
2.536050888E1	3.951320326E2	2.375712922E2
2.537716056E1	3.951458870E2	2.383392788E2
2.539381224E1	3.951956513E2	2.390600434E2
2.541046392E1	3.951066146E2	2.399530764E2
2.542711560E1	3.951319130E2	2.409129882E2
2.544376728E1	3.952328355E2	2.423200002E2
2.546041896E1	3.952568786E2	2.442798821E2
2.547707064E1	3.951130088E2	2.460229781E2
2.549372232E1	3.949514688E2	2.469210341E2
2.551037400E1	3.951515591E2	2.484874304E2
2.552702568E1	3.951056792E2	2.493462012E2
2.554367736E1	3.951095091E2	2.500762206E2
2.556032904E1	3.951524415E2	2.507986588E2
2.557698072E1	3.952463816E2	2.518664446E2
2.559363240E1	3.953521114E2	2.525437583E2
2.561028408E1	3.951353267E2	2.536382913E2
2.562693576E1	3.952117853E2	2.545261881E2
2.564358744E1	3.951198102E2	2.554311676E2
2.566023912E1	3.951280478E2	2.566828755E2
2.567689080E1	3.951920525E2	2.576960024E2
2.569354248E1	3.952987185E2	2.586535087E2
2.571019416E1	3.954076604E2	2.594642427E2
2.572684584E1	3.952879892E2	2.601702491E2
2.574349752E1	3.952414565E2	2.609791704E2
2.576014920E1	3.950959243E2	2.614782973E2
2.577680088E1	3.951222774E2	2.620030560E2
2.579345256E1	3.951934371E2	2.624856070E2
2.581010424E1	3.951899490E2	2.625614403E2
2.582675592E1	3.951672339E2	2.628074072E2
2.584340760E1	3.953000578E2	2.631576082E2
2.586005928E1	3.950847578E2	2.636853121E2
2.587671096E1	3.951946734E2	2.642497540E2
2.589336264E1	3.950625822E2	2.647024864E2
2.591001432E1	3.951753261E2	2.649275789E2
2.592666600E1	3.951673375E2	2.655717058E2
2.594331768E1	3.951651052E2	2.660231585E2
2.595996936E1	3.950737750E2	2.666512213E2
2.597662104E1	3.952249868E2	2.672985750E2
2.599327272E1	3.952109334E2	2.678271989E2
2.600992440E1	3.952957958E2	2.686569875E2
2.602657608E1	3.952149114E2	2.692757006E2
2.604322776E1	3.952074579E2	2.701432693E2
2.605987944E1	3.952158308E2	2.714931083E2
2.607653112E1	3.952413233E2	2.724216322E2
2.609318280E1	3.952709522E2	2.730830142E2
2.610983448E1	3.951071557E2	2.737820343E2
