188-U_row-2_post-10_ref
t	x	y
5.694874613E0	3.413638514E2	8.281761367E0
5.711526293E0	3.414651073E2	1.466702544E1
5.728177973E0	3.414679912E2	2.073985297E1
5.744829653E0	3.416192881E2	2.611556302E1
5.761481333E0	3.415354599E2	3.180380150E1
5.778133014E0	3.415400481E2	3.795495186E1
5.794784694E0	3.417564896E2	4.392922273E1
5.811436374E0	3.419619814E2	4.792982243E1
5.828088054E0	3.420632248E2	5.188474834E1
5.844739734E0	3.421427795E2	5.485473541E1
5.861391414E0	3.421155798E2	5.870230391E1
5.878043095E0	3.421415965E2	6.123929313E1
5.894694775E0	3.422340246E2	6.452481222E1
5.911346455E0	3.422820535E2	6.728411886E1
5.927998135E0	3.422506624E2	7.018861161E1
5.944649815E0	3.422247082E2	7.287397329E1
5.961301495E0	3.422096701E2	7.580088287E1
5.977953175E0	3.423830122E2	7.826801882E1
5.994604856E0	3.423575971E2	8.133827349E1
6.011256536E0	3.422450134E2	8.477747550E1
6.027908216E0	3.422422774E2	8.793998395E1
6.044559896E0	3.423548107E2	9.127850514E1
6.061211576E0	3.423493271E2	9.582573338E1
6.077863256E0	3.424079383E2	1.011803408E2
6.094514937E0	3.427580600E2	1.057605428E2
6.111166617E0	3.427698424E2	1.095381985E2
6.127818297E0	3.428324372E2	1.131512279E2
