188-U_row-8_post-9_ref
t	x	y
9.819501832E0	4.491745592E2	-2.280353954E1
9.836230114E0	4.491729456E2	-1.922950889E1
9.852958397E0	4.491756500E2	-1.635742184E1
9.869686679E0	4.491483761E2	-1.520583830E1
9.886414962E0	4.491682604E2	-1.447956767E1
9.903143244E0	4.491812303E2	-1.368262301E1
9.919871527E0	4.491857148E2	-1.352356777E1
9.936599809E0	4.491406653E2	-1.293429474E1
9.953328092E0	4.491592538E2	-1.272075232E1
9.970056374E0	4.491820484E2	-1.284805408E1
9.986784657E0	4.492720714E2	-1.287679130E1
1.000351294E1	4.490750415E2	-1.288253573E1
1.002024122E1	4.491106787E2	-1.291712923E1
1.003696950E1	4.491729532E2	-1.286834659E1
1.005369779E1	4.491455196E2	-1.289505844E1
1.007042607E1	4.491528696E2	-1.288767298E1
1.008715435E1	4.491810467E2	-1.291945494E1
1.010388263E1	4.491343645E2	-1.293171869E1
1.012061092E1	4.491457877E2	-1.286065649E1
1.013733920E1	4.491371471E2	-1.286545608E1
1.015406748E1	4.491557141E2	-1.291645584E1
1.017079576E1	4.491918837E2	-1.285020716E1
1.018752405E1	4.491642457E2	-1.292090959E1
1.020425233E1	4.491889686E2	-1.281165063E1
1.022098061E1	4.492313684E2	-1.217097579E1
1.023770889E1	4.492213691E2	-1.144169490E1
1.025443718E1	4.491651792E2	-1.052827242E1
1.027116546E1	4.492185846E2	-9.468027388E0
1.028789374E1	4.491804956E2	-7.827733126E0
1.030462202E1	4.491666860E2	-4.815564594E0
1.032135031E1	4.490969570E2	-8.362387700E-1
1.033807859E1	4.490788657E2	3.631228965E0
1.035480687E1	4.491885434E2	7.739701406E0
1.037153515E1	4.493177702E2	1.066933464E1
1.038826344E1	4.492567128E2	1.334871729E1
1.040499172E1	4.491536092E2	1.682770081E1
1.042172000E1	4.494050149E2	2.199741217E1
1.043844828E1	4.497756425E2	2.950368876E1
1.045517657E1	4.497584705E2	3.773787159E1
1.047190485E1	4.493788425E2	4.495434317E1
1.048863313E1	4.496006829E2	5.319851880E1
1.050536141E1	4.501738953E2	6.129927010E1
1.052208970E1	4.502381334E2	6.798912168E1
1.053881798E1	4.504190455E2	7.471999982E1
1.055554626E1	4.506450169E2	7.989539572E1
1.057227454E1	4.507563667E2	8.546507561E1
1.058900283E1	4.508343517E2	9.105758100E1
1.060573111E1	4.509434610E2	9.677957586E1
1.062245939E1	4.509547400E2	1.042909213E2
1.063918767E1	4.508875934E2	1.114372890E2
1.065591596E1	4.513921973E2	1.171469898E2
1.067264424E1	4.511960283E2	1.222795137E2
1.068937252E1	4.513331164E2	1.270946008E2
1.070610080E1	4.516038624E2	1.311920043E2
1.072282909E1	4.517376234E2	1.346621420E2
1.073955737E1	4.516172156E2	1.373226301E2
1.075628565E1	4.516555705E2	1.396572556E2
1.077301393E1	4.518132251E2	1.408822167E2
1.078974222E1	4.515580145E2	1.415853319E2
1.080647050E1	4.518506771E2	1.421811829E2
1.082319878E1	4.517539533E2	1.421745132E2
1.083992706E1	4.517102264E2	1.422468325E2
1.085665535E1	4.517451679E2	1.423359465E2
1.087338363E1	4.516815042E2	1.421557565E2
1.089011191E1	4.516503969E2	1.424319705E2
1.090684019E1	4.517301382E2	1.423618761E2
1.092356848E1	4.516149089E2	1.423471806E2
1.094029676E1	4.516363560E2	1.422905849E2
1.095702504E1	4.518123095E2	1.420989480E2
1.097375332E1	4.517002464E2	1.423357385E2
1.099048161E1	4.516424892E2	1.425139552E2
