188-U_row-2_post-10_wire
t	x	y
5.694874613E0	-2.259682792E1	-1.246249297E1
5.711526293E0	-2.278977999E1	-8.254092360E0
5.728177973E0	-2.279923536E1	-4.761745547E0
5.744829653E0	-2.295488651E1	-2.349356672E0
5.761481333E0	-2.289091353E1	1.812204261E-1
5.778133014E0	-2.237440079E1	2.993571230E0
5.794784694E0	-2.227999563E1	6.094533899E0
5.811436374E0	-2.270080317E1	7.725468726E0
5.828088054E0	-2.297791311E1	9.481343570E0
5.844739734E0	-2.263246267E1	9.997401821E0
5.861391414E0	-2.257204607E1	1.144174047E1
5.878043095E0	-2.248372067E1	1.223187453E1
5.894694775E0	-2.267731825E1	1.389401033E1
5.911346455E0	-2.249266299E1	1.536835927E1
5.927998135E0	-2.254016444E1	1.625560356E1
5.944649815E0	-2.236765879E1	1.677385717E1
5.961301495E0	-2.256419495E1	1.779766618E1
5.977953175E0	-2.211167047E1	1.919678200E1
5.994604856E0	-2.240378228E1	2.082418033E1
6.011256536E0	-2.252599298E1	2.225485054E1
6.027908216E0	-2.300396207E1	2.252236039E1
6.044559896E0	-2.297958078E1	2.243420383E1
6.061211576E0	-2.289335913E1	2.410845294E1
6.077863256E0	-2.273830437E1	2.541609004E1
6.094514937E0	-2.264998081E1	2.600243018E1
