188-U_row-8_post-7_ref
t	x	y
5.202495860E0	4.151302483E2	-4.873436031E1
5.219224142E0	4.148364118E2	-4.245302434E1
5.235952425E0	4.150415955E2	-3.719122710E1
5.252680707E0	4.150762862E2	-3.301884494E1
5.269408990E0	4.151551563E2	-3.055451243E1
5.286137272E0	4.152389665E2	-2.896528838E1
5.302865555E0	4.152025205E2	-2.760279575E1
5.319593837E0	4.150907552E2	-2.575418049E1
5.336322120E0	4.151821971E2	-2.408145422E1
5.353050402E0	4.151693490E2	-2.281972541E1
5.369778685E0	4.151565157E2	-2.196692033E1
5.386506967E0	4.150287706E2	-2.144898846E1
5.403235250E0	4.152924504E2	-2.010235802E1
5.419963532E0	4.151702569E2	-1.901795316E1
5.436691815E0	4.151285004E2	-1.719917276E1
5.453420097E0	4.151051509E2	-1.592172843E1
5.470148380E0	4.152666726E2	-1.428671271E1
5.486876662E0	4.151627914E2	-1.226363529E1
5.503604945E0	4.151537363E2	-8.849630250E0
5.520333227E0	4.152994628E2	-3.354582491E0
5.537061510E0	4.154222751E2	3.127836454E0
5.553789792E0	4.152817579E2	8.310152236E0
5.570518075E0	4.152204938E2	1.155546376E1
5.587246357E0	4.152498143E2	1.400464527E1
5.603974640E0	4.152523246E2	1.651137577E1
5.620702922E0	4.154277398E2	1.939793587E1
5.637431205E0	4.156582925E2	2.282289139E1
5.654159487E0	4.158241966E2	2.587438420E1
5.670887770E0	4.158576295E2	2.822141662E1
5.687616052E0	4.158392462E2	3.029279497E1
5.704344335E0	4.157986867E2	3.234730510E1
5.721072617E0	4.159381738E2	3.417454669E1
5.737800900E0	4.160154499E2	3.677486021E1
5.754529182E0	4.160349198E2	4.008575680E1
5.771257465E0	4.161487485E2	4.265516165E1
5.787985748E0	4.160604980E2	4.539405934E1
5.804714030E0	4.160580809E2	4.764687123E1
5.821442313E0	4.160427946E2	4.938466946E1
5.838170595E0	4.160054133E2	5.188485299E1
5.854898878E0	4.158049445E2	5.392680864E1
5.871627160E0	4.161229894E2	5.688279516E1
5.888355443E0	4.160779291E2	5.881760777E1
5.905083725E0	4.159204663E2	6.039457629E1
5.921812008E0	4.159167414E2	6.237370647E1
5.938540290E0	4.161297919E2	6.461539371E1
5.955268573E0	4.160506514E2	6.669612484E1
5.971996855E0	4.160017738E2	6.922489845E1
5.988725138E0	4.160335638E2	7.104340824E1
6.005453420E0	4.162107699E2	7.266192350E1
6.022181703E0	4.160479654E2	7.495094557E1
6.038909985E0	4.159785530E2	7.776326020E1
6.055638268E0	4.161623448E2	8.180640710E1
6.072366550E0	4.165021432E2	8.554199009E1
6.089094833E0	4.165275988E2	8.911182218E1
6.105823115E0	4.166648711E2	9.235656567E1
6.122551398E0	4.166697319E2	9.530860410E1
6.139279680E0	4.165663702E2	9.943598950E1
6.156007963E0	4.167983336E2	1.032222785E2
6.172736245E0	4.168961641E2	1.063701857E2
6.189464528E0	4.168202545E2	1.090173467E2
6.206192810E0	4.168743462E2	1.110556583E2
6.222921093E0	4.168468100E2	1.138276756E2
6.239649375E0	4.169793572E2	1.162575994E2
6.256377658E0	4.170410973E2	1.206839356E2
6.273105940E0	4.169972905E2	1.253170524E2
6.289834223E0	4.172895733E2	1.292769531E2
