188-U_row-8_post-8_wire
t	x	y
8.079760451E0	2.679348302E1	1.560785419E0
8.096488734E0	2.710470727E1	9.431923182E0
8.113217016E0	2.672494996E1	1.670783022E1
8.129945299E0	2.694264892E1	2.389861652E1
8.146673581E0	2.655979312E1	3.046994205E1
8.163401864E0	2.612526673E1	3.575517683E1
8.180130146E0	2.577926045E1	4.046136376E1
8.196858429E0	2.646895731E1	4.461410832E1
8.213586711E0	2.618295061E1	4.949616875E1
8.230314994E0	2.597268285E1	5.523133531E1
8.247043276E0	2.580643398E1	6.075673478E1
8.263771559E0	2.586302343E1	6.490791174E1
8.280499841E0	2.601809702E1	6.752352313E1
8.297228124E0	2.579118354E1	6.965801097E1
8.313956406E0	2.598636892E1	7.178672611E1
8.330684689E0	2.585879807E1	7.404350661E1
8.347412971E0	2.579012151E1	7.507874780E1
8.364141254E0	2.589879994E1	7.662859321E1
8.380869536E0	2.546612956E1	7.760532603E1
8.397597819E0	2.520071514E1	7.923429135E1
8.414326101E0	2.555936935E1	8.061484719E1
8.431054384E0	2.544749618E1	8.149082991E1
8.447782666E0	2.541077270E1	8.242006167E1
8.464510949E0	2.486730129E1	8.338252059E1
8.481239231E0	2.536104406E1	8.457872047E1
8.497967514E0	2.486969494E1	8.593898913E1
8.514695796E0	2.537212327E1	8.814657192E1
8.531424079E0	2.519917790E1	9.066153693E1
8.548152361E0	2.489141104E1	9.300507603E1
8.564880644E0	2.499575973E1	9.551642465E1
8.581608926E0	2.488862021E1	9.732084311E1
8.598337209E0	2.470718632E1	9.905945295E1
8.615065491E0	2.441559129E1	1.009091113E2
8.631793774E0	2.408802910E1	1.034538084E2
8.648522056E0	2.443902461E1	1.063728513E2
8.665250339E0	2.365376168E1	1.091631686E2
8.681978621E0	2.369015601E1	1.114720258E2
8.698706904E0	2.345159942E1	1.138616942E2
8.715435186E0	2.312827238E1	1.156409215E2
8.732163469E0	2.348883611E1	1.179041574E2
8.748891751E0	2.299613978E1	1.197651661E2
8.765620034E0	2.318550521E1	1.213219197E2
8.782348316E0	2.281689578E1	1.229529769E2
8.799076599E0	2.306476382E1	1.244895246E2
8.815804881E0	2.228523679E1	1.263178100E2
8.832533164E0	2.247859687E1	1.280760589E2
8.849261446E0	2.296975102E1	1.302330704E2
8.865989729E0	2.269328421E1	1.319546229E2
8.882718011E0	2.230012480E1	1.336565556E2
8.899446294E0	2.192702185E1	1.353494428E2
8.916174576E0	2.191698619E1	1.369808929E2
8.932902859E0	2.199588745E1	1.386153608E2
8.949631141E0	2.220539506E1	1.401518783E2
8.966359424E0	2.214974235E1	1.416242405E2
8.983087706E0	2.209751737E1	1.433279438E2
8.999815989E0	2.174123612E1	1.451683573E2
9.016544271E0	2.126323978E1	1.471054392E2
9.033272554E0	2.148280031E1	1.501716757E2
9.050000836E0	2.099931189E1	1.526802567E2
9.066729119E0	2.047357085E1	1.553580033E2
9.083457401E0	2.107522178E1	1.582970663E2
9.100185684E0	2.079678699E1	1.616674203E2
9.116913966E0	2.041728838E1	1.656088827E2
9.133642249E0	1.982895062E1	1.700662555E2
9.150370531E0	1.960603562E1	1.756711978E2
9.167098814E0	1.935640127E1	1.814224964E2
9.183827096E0	1.896898899E1	1.873343813E2
9.200555379E0	1.882921715E1	1.936347182E2
9.217283661E0	1.735244679E1	1.989660285E2
9.234011944E0	1.717165651E1	2.029890171E2
9.250740227E0	1.630817312E1	2.047638182E2
9.267468509E0	1.651357564E1	2.064034095E2
9.284196792E0	1.633383127E1	2.080340386E2
9.300925074E0	1.669954925E1	2.104050805E2
9.317653357E0	1.622269008E1	2.113432034E2
9.334381639E0	1.593372022E1	2.121617829E2
9.351109922E0	1.606133782E1	2.129108410E2
9.367838204E0	1.622816236E1	2.136423451E2
9.384566487E0	1.614877667E1	2.151891292E2
9.401294769E0	1.583273138E1	2.169949617E2
9.418023052E0	1.544912142E1	2.187112999E2
9.434751334E0	1.513039379E1	2.196125582E2
9.451479617E0	1.539826424E1	2.210710255E2
9.468207899E0	1.526415006E1	2.219591598E2
9.484936182E0	1.512046328E1	2.228493427E2
9.501664464E0	1.450427649E1	2.245630463E2
9.518392747E0	1.511133884E1	2.268431745E2
9.535121029E0	1.490737748E1	2.302415917E2
9.551849312E0	1.429802003E1	2.320413296E2
9.568577594E0	1.347762374E1	2.346578320E2
9.585305877E0	1.311622644E1	2.369375032E2
