188-U_row-8_post-9_wire
t	x	y
9.819501832E0	1.157413701E1	-2.275813458E1
9.836230114E0	1.165376604E1	-1.953302493E1
9.852958397E0	1.160219821E1	-1.764081161E1
9.869686679E0	1.145663956E1	-1.686472323E1
9.886414962E0	1.125752833E1	-1.627151877E1
9.903143244E0	1.149431399E1	-1.590817066E1
9.919871527E0	1.170909173E1	-1.594155103E1
9.936599809E0	1.164675997E1	-1.532152331E1
9.953328092E0	1.148851805E1	-1.485331548E1
9.970056374E0	1.151788817E1	-1.509273499E1
9.986784657E0	1.157445075E1	-1.519924776E1
1.000351294E1	1.148890432E1	-1.527818121E1
1.002024122E1	1.149356051E1	-1.531969232E1
1.003696950E1	1.152809314E1	-1.531643543E1
1.005369779E1	1.144293033E1	-1.531156426E1
1.007042607E1	1.144870317E1	-1.531599951E1
1.008715435E1	1.146004851E1	-1.541215408E1
1.010388263E1	1.160253468E1	-1.541868986E1
1.012061092E1	1.164943879E1	-1.529125680E1
1.013733920E1	1.151771404E1	-1.523084683E1
1.015406748E1	1.142183462E1	-1.532333341E1
1.017079576E1	1.157227963E1	-1.532029385E1
1.018752405E1	1.160177753E1	-1.539601333E1
1.020425233E1	1.171498821E1	-1.530718842E1
1.022098061E1	1.168891520E1	-1.466298070E1
1.023770889E1	1.168609193E1	-1.435007479E1
1.025443718E1	1.156086720E1	-1.366782774E1
1.027116546E1	1.165258540E1	-1.289485037E1
1.028789374E1	1.162197083E1	-1.188403567E1
1.030462202E1	1.157194502E1	-9.605950902E0
1.032135031E1	1.133842717E1	-6.940551472E0
1.033807859E1	1.134323818E1	-4.038946246E0
1.035480687E1	1.161406769E1	-1.951899463E0
1.037153515E1	1.170087048E1	-4.622018913E-1
1.038826344E1	1.170700166E1	1.096642996E0
1.040499172E1	1.143310560E1	2.988011469E0
1.042172000E1	1.161257788E1	6.096933651E0
1.043844828E1	1.179515447E1	9.542177418E0
1.045517657E1	1.168522289E1	1.346827407E1
1.047190485E1	1.129598260E1	1.622784537E1
1.048863313E1	1.142394279E1	1.994821675E1
1.050536141E1	1.159547979E1	2.358018581E1
1.052208970E1	1.162261609E1	2.613773719E1
1.053881798E1	1.184992372E1	2.920686702E1
1.055554626E1	1.203975949E1	3.058295353E1
1.057227454E1	1.176247006E1	3.188376299E1
1.058900283E1	1.181577171E1	3.385893320E1
