188-U_row-8_post-6_ref
t	x	y
2.191405008E0	4.082562930E2	-5.186523756E1
2.208133291E0	4.082153452E2	-4.858234080E1
2.224861573E0	4.081753217E2	-4.588313032E1
2.241589856E0	4.082234692E2	-4.344475904E1
2.258318138E0	4.082766144E2	-4.113555824E1
2.275046421E0	4.081840074E2	-3.950333782E1
2.291774703E0	4.082355426E2	-3.860315641E1
2.308502986E0	4.084040621E2	-3.816391043E1
2.325231269E0	4.082560642E2	-3.814840513E1
2.341959551E0	4.082651649E2	-3.791923404E1
2.358687834E0	4.082747875E2	-3.712935986E1
2.375416116E0	4.082619043E2	-3.660722354E1
2.392144399E0	4.083076658E2	-3.687793184E1
2.408872681E0	4.083419338E2	-3.630581293E1
2.425600964E0	4.082456809E2	-3.621180830E1
2.442329246E0	4.082327678E2	-3.619572206E1
2.459057529E0	4.084314283E2	-3.552203562E1
2.475785811E0	4.081952017E2	-3.447875555E1
2.492514094E0	4.084344703E2	-3.308666851E1
2.509242376E0	4.082705403E2	-3.107504228E1
2.525970659E0	4.082824370E2	-2.859392011E1
2.542698941E0	4.081733912E2	-2.605123342E1
2.559427224E0	4.083274828E2	-2.373223598E1
2.576155506E0	4.083921173E2	-2.204807801E1
2.592883789E0	4.084417713E2	-2.000471449E1
2.609612071E0	4.083102001E2	-1.759696163E1
2.626340354E0	4.081662122E2	-1.548284306E1
2.643068636E0	4.082784853E2	-1.338034076E1
2.659796919E0	4.083557620E2	-1.136647887E1
2.676525201E0	4.083278026E2	-8.933239168E0
2.693253484E0	4.085121386E2	-7.693776916E0
2.709981766E0	4.083467471E2	-6.470588158E0
2.726710049E0	4.081993587E2	-5.374903899E0
2.743438331E0	4.083197909E2	-3.084443168E0
2.760166614E0	4.082760389E2	2.546459585E-1
2.776894896E0	4.085055360E2	3.640916047E0
2.793623179E0	4.084793355E2	7.424759395E0
2.810351461E0	4.083348578E2	1.065463767E1
2.827079744E0	4.085492142E2	1.324898967E1
2.843808026E0	4.084700001E2	1.581048975E1
2.860536309E0	4.084098179E2	1.893558168E1
2.877264591E0	4.084198284E2	2.356709450E1
2.893992874E0	4.084927600E2	2.915240873E1
2.910721156E0	4.084508702E2	3.334532143E1
2.927449439E0	4.082519018E2	3.580664771E1
2.944177721E0	4.083578530E2	3.801208011E1
2.960906004E0	4.083431155E2	4.022539053E1
2.977634286E0	4.083921709E2	4.389789994E1
2.994362569E0	4.086526104E2	4.905509948E1
3.011090851E0	4.087449487E2	5.552743770E1
3.027819134E0	4.087047069E2	6.213096005E1
3.044547416E0	4.090939576E2	6.731018804E1
3.061275699E0	4.089877125E2	7.102648748E1
3.078003981E0	4.090070166E2	7.360780276E1
3.094732264E0	4.091131212E2	7.623780355E1
3.111460546E0	4.091243754E2	7.910338846E1
3.128188829E0	4.093187353E2	8.172174370E1
3.144917111E0	4.090714543E2	8.311301816E1
3.161645394E0	4.094224881E2	8.421651651E1
3.178373676E0	4.091478026E2	8.499874435E1
3.195101959E0	4.091764231E2	8.569961920E1
3.211830241E0	4.092169444E2	8.672836630E1
3.228558524E0	4.091114323E2	8.905884682E1
3.245286806E0	4.092090850E2	9.161670933E1
3.262015089E0	4.091662306E2	9.352203006E1
3.278743371E0	4.090684805E2	9.573089087E1
3.295471654E0	4.093529179E2	9.830752095E1
3.312199936E0	4.091508192E2	1.000524179E2
3.328928219E0	4.092200227E2	1.018569098E2
3.345656501E0	4.092583793E2	1.029867286E2
3.362384784E0	4.090505186E2	1.043914539E2
3.379113066E0	4.091923946E2	1.051422404E2
3.395841349E0	4.092097091E2	1.060311390E2
3.412569631E0	4.091239394E2	1.083215368E2
3.429297914E0	4.092098911E2	1.105946948E2
3.446026196E0	4.091519218E2	1.122953434E2
3.462754479E0	4.093176339E2	1.128051315E2
3.479482762E0	4.091931047E2	1.136727899E2
3.496211044E0	4.092835133E2	1.153144393E2
3.512939327E0	4.093154766E2	1.173636094E2
3.529667609E0	4.091508056E2	1.199695895E2
3.546395892E0	4.093470679E2	1.227890721E2
3.563124174E0	4.092899046E2	1.262253052E2
3.579852457E0	4.093305566E2	1.299284102E2
3.596580739E0	4.094935476E2	1.339256353E2
3.613309022E0	4.092123658E2	1.381264284E2
3.630037304E0	4.093830381E2	1.420956799E2
3.646765587E0	4.097091020E2	1.480202161E2
3.663493869E0	4.098208914E2	1.547241867E2
3.680222152E0	4.099309045E2	1.610042870E2
3.696950434E0	4.100424928E2	1.670724214E2
3.713678717E0	4.098061031E2	1.713166585E2
3.730406999E0	4.102659814E2	1.745427726E2
3.747135282E0	4.100218488E2	1.766627369E2
3.763863564E0	4.099989435E2	1.783836385E2
3.780591847E0	4.100049075E2	1.800650196E2
3.797320129E0	4.100104950E2	1.812633329E2
3.814048412E0	4.097143486E2	1.817900278E2
3.830776694E0	4.102589926E2	1.829271957E2
3.847504977E0	4.099885980E2	1.850315155E2
3.864233259E0	4.101634987E2	1.866244196E2
3.880961542E0	4.099784978E2	1.877097850E2
3.897689824E0	4.100713680E2	1.886823072E2
3.914418107E0	4.101731782E2	1.892775476E2
3.931146389E0	4.099299211E2	1.899929014E2
3.947874672E0	4.100381863E2	1.909731703E2
3.964602954E0	4.100621206E2	1.933289704E2
3.981331237E0	4.100678933E2	1.959321010E2
3.998059519E0	4.100661547E2	1.977273903E2
4.014787802E0	4.100581904E2	1.995564715E2
4.031516084E0	4.101628089E2	2.017624661E2
4.048244367E0	4.101402093E2	2.040097816E2
4.064972649E0	4.099819609E2	2.057714336E2
4.081700932E0	4.100508983E2	2.078448849E2
4.098429214E0	4.105603957E2	2.114100715E2
4.115157497E0	4.104713821E2	2.161315225E2
4.131885779E0	4.107142584E2	2.199557421E2
4.148614062E0	4.108371683E2	2.233648267E2
4.165342344E0	4.106663888E2	2.273385534E2
4.182070627E0	4.108481862E2	2.312237172E2
4.198798909E0	4.108290540E2	2.355859581E2
4.215527192E0	4.110873101E2	2.399767586E2
4.232255474E0	4.108503572E2	2.440396607E2
4.248983757E0	4.109503653E2	2.465060672E2
4.265712039E0	4.110227183E2	2.490473543E2
4.282440322E0	4.109449234E2	2.516508076E2
4.299168604E0	4.110306304E2	2.549947651E2
4.315896887E0	4.108622224E2	2.584084990E2
4.332625169E0	4.114796729E2	2.617581073E2
4.349353452E0	4.113056338E2	2.651090863E2
4.366081734E0	4.115593301E2	2.683969805E2
4.382810017E0	4.116022037E2	2.715171699E2
4.399538299E0	4.115523416E2	2.744336092E2
4.416266582E0	4.115277755E2	2.774044663E2
