188-U_row-2_post-11_ref
t	x	y
7.276784228E0	3.613778684E2	-6.584591385E1
7.293435908E0	3.615339888E2	-6.092809660E1
7.310087588E0	3.613415752E2	-5.672043869E1
7.326739268E0	3.614154003E2	-5.319406777E1
7.343390948E0	3.614599343E2	-4.998709093E1
7.360042628E0	3.613457777E2	-4.736033962E1
7.376694308E0	3.613971387E2	-4.523407292E1
7.393345989E0	3.614968040E2	-4.392586378E1
7.409997669E0	3.614231776E2	-4.324930192E1
7.426649349E0	3.613647035E2	-4.269061241E1
7.443301029E0	3.615017290E2	-4.243172747E1
7.459952709E0	3.614874473E2	-4.256918478E1
7.476604389E0	3.613016633E2	-4.249208274E1
7.493256070E0	3.614713141E2	-4.247235294E1
7.509907750E0	3.614229921E2	-4.258597675E1
7.526559430E0	3.614021516E2	-4.263944053E1
7.543211110E0	3.613633081E2	-4.262728610E1
7.559862790E0	3.613805780E2	-4.254243487E1
7.576514470E0	3.614050850E2	-4.254720908E1
7.593166150E0	3.613867785E2	-4.246387564E1
7.609817831E0	3.612400692E2	-4.258090062E1
7.626469511E0	3.612958273E2	-4.254932449E1
7.643121191E0	3.613949637E2	-4.257619769E1
7.659772871E0	3.613692176E2	-4.253385357E1
7.676424551E0	3.613612138E2	-4.262923685E1
7.693076231E0	3.613607197E2	-4.255279894E1
7.709727912E0	3.613431045E2	-4.273899540E1
7.726379592E0	3.614316628E2	-4.265465922E1
7.743031272E0	3.613744947E2	-4.265279324E1
7.759682952E0	3.612493225E2	-4.256745268E1
7.776334632E0	3.613020699E2	-4.269233787E1
7.792986312E0	3.613049817E2	-4.282323637E1
7.809637992E0	3.613891790E2	-4.272560985E1
7.826289673E0	3.613758015E2	-4.271831781E1
7.842941353E0	3.613536389E2	-4.270665737E1
7.859593033E0	3.612926059E2	-4.278220028E1
7.876244713E0	3.614620228E2	-4.254858154E1
7.892896393E0	3.613766807E2	-4.263962298E1
7.909548073E0	3.613622795E2	-4.267950918E1
7.926199754E0	3.614279567E2	-4.263342970E1
7.942851434E0	3.613710258E2	-4.268354540E1
7.959503114E0	3.614098204E2	-4.264710546E1
7.976154794E0	3.613890800E2	-4.264565262E1
7.992806474E0	3.613981531E2	-4.263807254E1
8.009458154E0	3.613504101E2	-4.263597776E1
8.026109834E0	3.613363319E2	-4.261940409E1
8.042761515E0	3.613944208E2	-4.283239007E1
8.059413195E0	3.614596063E2	-4.259870005E1
8.076064875E0	3.612686224E2	-4.270029747E1
8.092716555E0	3.612691588E2	-4.263910233E1
8.109368235E0	3.613545966E2	-4.267823214E1
8.126019915E0	3.613679674E2	-4.270639479E1
8.142671596E0	3.614381661E2	-4.247446372E1
8.159323276E0	3.614043426E2	-4.250688805E1
8.175974956E0	3.613514427E2	-4.258492110E1
8.192626636E0	3.613603258E2	-4.254596031E1
8.209278316E0	3.613539337E2	-4.192806630E1
8.225929996E0	3.612900255E2	-4.178474159E1
8.242581676E0	3.613228409E2	-4.085137463E1
8.259233357E0	3.613840773E2	-3.956370852E1
8.275885037E0	3.613084148E2	-3.718906053E1
8.292536717E0	3.614927114E2	-3.391818340E1
8.309188397E0	3.616033388E2	-2.883969339E1
8.325840077E0	3.614054752E2	-2.319101497E1
8.342491757E0	3.614432629E2	-1.845750152E1
8.359143438E0	3.615882615E2	-1.315629989E1
8.375795118E0	3.616177883E2	-7.754614914E0
8.392446798E0	3.615637546E2	-2.809717480E0
8.409098478E0	3.615292674E2	3.015219155E0
8.425750158E0	3.615802101E2	9.421995891E0
8.442401838E0	3.617012486E2	1.610364634E1
8.459053519E0	3.616434191E2	2.108983161E1
8.475705199E0	3.616185890E2	2.461789355E1
8.492356879E0	3.615599803E2	2.783793377E1
8.509008559E0	3.614958786E2	3.107415241E1
8.525660239E0	3.616584394E2	3.469238624E1
8.542311919E0	3.617468898E2	3.821243146E1
8.558963599E0	3.615388869E2	4.028170997E1
8.575615280E0	3.614068109E2	4.191315621E1
8.592266960E0	3.614725509E2	4.290767809E1
8.608918640E0	3.615087964E2	4.416807542E1
8.625570320E0	3.618311619E2	4.497323770E1
8.642222000E0	3.614450402E2	4.591649392E1
8.658873680E0	3.618330576E2	4.705563990E1
8.675525361E0	3.619595484E2	4.804638253E1
8.692177041E0	3.618340467E2	4.896534035E1
8.708828721E0	3.621473412E2	4.951067575E1
8.725480401E0	3.620530357E2	5.017284898E1
8.742132081E0	3.621133137E2	5.069346505E1
8.758783761E0	3.621755496E2	5.109419160E1
8.775435441E0	3.620364964E2	5.183539817E1
8.792087122E0	3.622180791E2	5.272577145E1
8.808738802E0	3.621548677E2	5.357935301E1
8.825390482E0	3.621807514E2	5.506411690E1
8.842042162E0	3.621336612E2	5.643485171E1
8.858693842E0	3.620472408E2	5.745544180E1
8.875345522E0	3.621921559E2	5.929451449E1
8.891997203E0	3.622196922E2	6.125916112E1
8.908648883E0	3.622133043E2	6.297222054E1
8.925300563E0	3.621159729E2	6.500873317E1
8.941952243E0	3.621519318E2	6.713926155E1
8.958603923E0	3.626442163E2	6.963884115E1
8.975255603E0	3.625161749E2	7.195837327E1
8.991907283E0	3.626782344E2	7.507160904E1
9.008558964E0	3.627650118E2	7.776885872E1
9.025210644E0	3.628131278E2	8.001823220E1
9.041862324E0	3.626870520E2	8.214989906E1
9.058514004E0	3.628885474E2	8.482446701E1
9.075165684E0	3.629739008E2	8.741138076E1
9.091817364E0	3.629365006E2	9.116592603E1
9.108469045E0	3.630649160E2	9.467218384E1
9.125120725E0	3.629603882E2	9.828831068E1
9.141772405E0	3.630843008E2	1.007549013E2
9.158424085E0	3.632061484E2	1.037132074E2
9.175075765E0	3.632313374E2	1.066436827E2
9.191727445E0	3.630404500E2	1.097577315E2
9.208379125E0	3.630602285E2	1.132041597E2
9.225030806E0	3.634978629E2	1.169081435E2
9.241682486E0	3.632465384E2	1.208389679E2
9.258334166E0	3.635990047E2	1.243818634E2
9.274985846E0	3.635747294E2	1.276646671E2
9.291637526E0	3.636557349E2	1.303176309E2
9.308289206E0	3.636172490E2	1.331600835E2
9.324940887E0	3.637313527E2	1.348047327E2
9.341592567E0	3.637721203E2	1.364622845E2
9.358244247E0	3.637626149E2	1.381705536E2
9.374895927E0	3.638896552E2	1.395500500E2
9.391547607E0	3.637683734E2	1.411019199E2
9.408199287E0	3.637276140E2	1.431367119E2
9.424850967E0	3.641844878E2	1.443473604E2
9.441502648E0	3.642294637E2	1.457283433E2
9.458154328E0	3.641860864E2	1.471225546E2
9.474806008E0	3.640823457E2	1.486536066E2
9.491457688E0	3.639596166E2	1.499962925E2
9.508109368E0	3.637653912E2	1.516955604E2
9.524761048E0	3.638188947E2	1.531013577E2
9.541412729E0	3.637396759E2	1.548565902E2
9.558064409E0	3.637449572E2	1.565136525E2
9.574716089E0	3.639941133E2	1.585790721E2
9.591367769E0	3.641726817E2	1.601534315E2
9.608019449E0	3.641551680E2	1.617955795E2
9.624671129E0	3.639970956E2	1.633755374E2
9.641322809E0	3.642495873E2	1.649107670E2
9.657974490E0	3.643183544E2	1.664857663E2
9.674626170E0	3.644128705E2	1.681515131E2
9.691277850E0	3.646207480E2	1.698941789E2
9.707929530E0	3.644669459E2	1.720881090E2
9.724581210E0	3.644947263E2	1.741526234E2
9.741232890E0	3.645659988E2	1.760240949E2
9.757884571E0	3.645263826E2	1.774903030E2
9.774536251E0	3.645625292E2	1.789818324E2
9.791187931E0	3.645193126E2	1.804041293E2
9.807839611E0	3.644747061E2	1.816813347E2
9.824491291E0	3.645413014E2	1.836062904E2
9.841142971E0	3.647233792E2	1.851961529E2
9.857794651E0	3.648981749E2	1.868833010E2
9.874446332E0	3.650260494E2	1.885815797E2
9.891098012E0	3.649048401E2	1.898012389E2
9.907749692E0	3.652450038E2	1.912223755E2
9.924401372E0	3.652121651E2	1.928023295E2
9.941053052E0	3.652452151E2	1.944447674E2
9.957704732E0	3.652461537E2	1.960003507E2
