188-U_row-8_post-6_wire
t	x	y
2.191405008E0	1.625581041E1	-1.937692601E1
2.208133291E0	1.573041925E1	-1.668269398E1
2.224861573E0	1.568599224E1	-1.424710894E1
2.241589856E0	1.622913728E1	-1.190269408E1
2.258318138E0	1.640937500E1	-1.010294237E1
2.275046421E0	1.619584845E1	-8.641118750E0
2.291774703E0	1.601267536E1	-7.803863348E0
2.308502986E0	1.667957252E1	-7.304244197E0
2.325231269E0	1.671048643E1	-7.100509088E0
2.341959551E0	1.673284855E1	-7.025199029E0
2.358687834E0	1.649830043E1	-6.267722087E0
2.375416116E0	1.614581436E1	-5.939552608E0
2.392144399E0	1.635491277E1	-6.131076234E0
2.408872681E0	1.672116692E1	-5.645670355E0
2.425600964E0	1.684988543E1	-5.496018929E0
2.442329246E0	1.685129033E1	-5.397608088E0
2.459057529E0	1.750127287E1	-4.809565298E0
2.475785811E0	1.744946997E1	-3.755084460E0
2.492514094E0	1.690762202E1	-2.636302840E0
2.509242376E0	1.665017790E1	-6.080355516E-1
2.525970659E0	1.640540638E1	1.547037701E0
2.542698941E0	1.656127125E1	3.747175685E0
2.559427224E0	1.703805003E1	6.097141227E0
2.576155506E0	1.694230298E1	7.647699611E0
2.592883789E0	1.666359239E1	9.439773985E0
2.609612071E0	1.623539160E1	1.130546857E1
2.626340354E0	1.696153178E1	1.356048093E1
2.643068636E0	1.709275923E1	1.529198348E1
2.659796919E0	1.661188353E1	1.702392027E1
2.676525201E0	1.616952416E1	1.939400626E1
2.693253484E0	1.628876447E1	2.032211315E1
2.709981766E0	1.641945737E1	2.133499902E1
2.726710049E0	1.625345178E1	2.226568088E1
2.743438331E0	1.634489999E1	2.441385926E1
2.760166614E0	1.610389936E1	2.758775034E1
2.776894896E0	1.651617981E1	3.068578314E1
2.793623179E0	1.659618454E1	3.409250993E1
2.810351461E0	1.623248212E1	3.682858887E1
2.827079744E0	1.626525930E1	3.929552360E1
2.843808026E0	1.613793258E1	4.168895680E1
2.860536309E0	1.555969402E1	4.425275433E1
2.877264591E0	1.571176749E1	4.833322630E1
2.893992874E0	1.566743868E1	5.335023746E1
2.910721156E0	1.565381375E1	5.737810652E1
2.927449439E0	1.529543917E1	5.982237830E1
2.944177721E0	1.476889385E1	6.162331022E1
2.960906004E0	1.436645799E1	6.354646866E1
2.977634286E0	1.455068303E1	6.666720376E1
2.994362569E0	1.474622039E1	7.146191620E1
3.011090851E0	1.471376430E1	7.718166962E1
3.027819134E0	1.412328659E1	8.301709669E1
3.044547416E0	1.445422537E1	8.788845088E1
3.061275699E0	1.450007481E1	9.111648679E1
3.078003981E0	1.440484735E1	9.363094862E1
3.094732264E0	1.452768770E1	9.611318253E1
3.111460546E0	1.418757414E1	9.862775980E1
3.128188829E0	1.460443662E1	1.010326115E2
3.144917111E0	1.376646111E1	1.020441103E2
3.161645394E0	1.368544624E1	1.029538120E2
3.178373676E0	1.389548647E1	1.036304914E2
3.195101959E0	1.405054478E1	1.043836529E2
3.211830241E0	1.400754671E1	1.052436096E2
3.228558524E0	1.298306552E1	1.072010707E2
3.245286806E0	1.368608380E1	1.094228691E2
3.262015089E0	1.354136463E1	1.111043438E2
3.278743371E0	1.270356948E1	1.129537763E2
3.295471654E0	1.309952959E1	1.152359076E2
3.312199936E0	1.293499583E1	1.168598926E2
3.328928219E0	1.283854385E1	1.185243257E2
3.345656501E0	1.278025234E1	1.193696940E2
3.362384784E0	1.325209973E1	1.207808392E2
3.379113066E0	1.324297544E1	1.216703241E2
3.395841349E0	1.323292091E1	1.225382785E2
3.412569631E0	1.229576279E1	1.243627860E2
3.429297914E0	1.326178307E1	1.264899159E2
3.446026196E0	1.204259832E1	1.277064483E2
3.462754479E0	1.279422089E1	1.283814543E2
3.479482762E0	1.270329595E1	1.292144290E2
3.496211044E0	1.295913931E1	1.308481595E2
3.512939327E0	1.269101534E1	1.325822782E2
3.529667609E0	1.266514228E1	1.350065853E2
3.546395892E0	1.244579551E1	1.374494940E2
3.563124174E0	1.128945644E1	1.400553992E2
3.579852457E0	1.132288892E1	1.433271676E2
3.596580739E0	1.253658552E1	1.471844257E2
3.613309022E0	1.099345890E1	1.508365386E2
3.630037304E0	1.054525090E1	1.541004319E2
3.646765587E0	9.537922507E0	1.591867205E2
3.663493869E0	9.029981599E0	1.649066273E2
3.680222152E0	9.772095657E0	1.704665457E2
3.696950434E0	8.494181322E0	1.757017957E2
3.713678717E0	8.593434904E0	1.795830499E2
3.730406999E0	8.024749179E0	1.821621660E2
3.747135282E0	7.524712989E0	1.838160763E2
3.763863564E0	7.939644745E0	1.853856368E2
3.780591847E0	8.136339747E0	1.869829682E2
3.797320129E0	7.392171661E0	1.879175370E2
3.814048412E0	7.971040438E0	1.885710089E2
3.830776694E0	7.934070237E0	1.894821839E2
3.847504977E0	7.581566151E0	1.911071794E2
3.864233259E0	7.903309530E0	1.927364103E2
3.880961542E0	7.127041044E0	1.936731252E2
3.897689824E0	7.091071037E0	1.945229959E2
3.914418107E0	7.936116507E0	1.952471845E2
3.931146389E0	6.438992011E0	1.953698291E2
3.947874672E0	6.454618185E0	1.961792962E2
3.964602954E0	7.673117519E0	1.984964530E2
3.981331237E0	6.359543638E0	2.003188494E2
3.998059519E0	6.483280503E0	2.019053258E2
4.014787802E0	7.165695285E0	2.034716978E2
4.031516084E0	6.864095772E0	2.051685403E2
4.048244367E0	6.375545809E0	2.068551326E2
4.064972649E0	6.528812363E0	2.084525213E2
4.081700932E0	6.119202807E0	2.101671647E2
4.098429214E0	5.645440761E0	2.127029389E2
4.115157497E0	6.169271363E0	2.166290595E2
4.131885779E0	5.414266295E0	2.192615614E2
4.148614062E0	4.718135637E0	2.217896262E2
4.165342344E0	4.077437421E0	2.250414509E2
4.182070627E0	3.586666413E0	2.276379247E2
4.198798909E0	3.907982211E0	2.307864133E2
4.215527192E0	4.497967330E0	2.331706562E2
