188-U_row-2_post-12_ref
t	x	y
1.918273554E1	4.159185841E2	2.177512508E1
1.919938722E1	4.160777531E2	2.625353200E1
1.921603890E1	4.161196623E2	3.012114044E1
1.923269058E1	4.159077398E2	3.341718649E1
1.924934226E1	4.158488218E2	3.578122092E1
1.926599394E1	4.160210903E2	3.796206074E1
1.928264562E1	4.160141581E2	4.030577250E1
1.929929730E1	4.159164520E2	4.195580448E1
1.931594898E1	4.166145580E2	4.501065985E1
1.933260066E1	4.158968285E2	4.661688518E1
1.934925234E1	4.167143493E2	4.882396779E1
1.936590402E1	4.161274455E2	5.035217020E1
1.938255570E1	4.166548534E2	5.354197262E1
1.939920738E1	4.165442709E2	5.518739226E1
1.941585906E1	4.166912375E2	5.739166186E1
1.943251074E1	4.166295031E2	5.975873178E1
1.944916242E1	4.166026815E2	6.209790960E1
1.946581410E1	4.167460523E2	6.433175634E1
1.948246578E1	4.168656382E2	6.734301200E1
1.949911746E1	4.165525535E2	7.076554144E1
1.951576914E1	4.169295988E2	7.417110855E1
1.953242082E1	4.167435517E2	7.676441036E1
1.954907250E1	4.165934273E2	8.002109608E1
1.956572418E1	4.170253519E2	8.337871283E1
1.958237586E1	4.173431347E2	8.688353939E1
1.959902754E1	4.172670720E2	9.006432642E1
1.961567922E1	4.174630744E2	9.302951442E1
1.963233090E1	4.174766569E2	9.614850250E1
1.964898258E1	4.172287615E2	9.936859163E1
1.966563426E1	4.176770243E2	1.021444076E2
1.968228594E1	4.173497053E2	1.048153861E2
1.969893762E1	4.178090855E2	1.074190035E2
1.971558930E1	4.173825358E2	1.101814993E2
1.973224098E1	4.174500294E2	1.132147357E2
1.974889266E1	4.174574140E2	1.155606154E2
1.976554434E1	4.174119377E2	1.178723453E2
1.978219602E1	4.176292958E2	1.193210019E2
1.979884770E1	4.173587843E2	1.211265353E2
1.981549938E1	4.174743819E2	1.225087798E2
1.983215106E1	4.173937511E2	1.241740432E2
1.984880274E1	4.173569758E2	1.257331814E2
1.986545442E1	4.181381646E2	1.271701277E2
1.988210610E1	4.174967345E2	1.279015956E2
1.989875778E1	4.178609698E2	1.296109831E2
1.991540946E1	4.181999940E2	1.309881952E2
1.993206114E1	4.181515894E2	1.318004830E2
1.994871283E1	4.181506276E2	1.326131864E2
1.996536451E1	4.181905633E2	1.341583935E2
1.998201619E1	4.182210270E2	1.356546043E2
1.999866787E1	4.181309714E2	1.373314979E2
2.001531955E1	4.181653644E2	1.387992687E2
2.003197123E1	4.183647429E2	1.402047376E2
2.004862291E1	4.182531274E2	1.410759598E2
2.006527459E1	4.181879735E2	1.427025777E2
2.008192627E1	4.185615046E2	1.439786996E2
2.009857795E1	4.181218982E2	1.459044093E2
2.011522963E1	4.183961290E2	1.478845465E2
2.013188131E1	4.183855638E2	1.502593615E2
2.014853299E1	4.183176049E2	1.534718248E2
2.016518467E1	4.185126651E2	1.571708937E2
2.018183635E1	4.186451200E2	1.614019267E2
2.019848803E1	4.190597985E2	1.658018339E2
2.021513971E1	4.190515835E2	1.689153453E2
2.023179139E1	4.191508729E2	1.719396354E2
2.024844307E1	4.193242338E2	1.748274184E2
2.026509475E1	4.190812232E2	1.774485974E2
2.028174643E1	4.194491416E2	1.799091242E2
2.029839811E1	4.191181216E2	1.813093125E2
2.031504979E1	4.195388698E2	1.837785015E2
2.033170147E1	4.189929748E2	1.845381292E2
2.034835315E1	4.189390671E2	1.861235853E2
2.036500483E1	4.193359340E2	1.881001411E2
2.038165651E1	4.191647814E2	1.905570810E2
2.039830819E1	4.190545703E2	1.930000418E2
2.041495987E1	4.197525313E2	1.952787672E2
2.043161155E1	4.195497479E2	1.970058945E2
2.044826323E1	4.197959480E2	1.991298716E2
2.046491491E1	4.197669755E2	2.007424620E2
2.048156659E1	4.192896447E2	2.021950535E2
2.049821827E1	4.199258349E2	2.044319108E2
2.051486995E1	4.199147028E2	2.052360358E2
2.053152163E1	4.197871790E2	2.061297029E2
2.054817331E1	4.197550700E2	2.069544364E2
2.056482499E1	4.197674323E2	2.076860506E2
2.058147667E1	4.197609749E2	2.085010134E2
2.059812835E1	4.200975578E2	2.090932646E2
2.061478003E1	4.199933667E2	2.106321496E2
2.063143171E1	4.197629960E2	2.116044476E2
2.064808339E1	4.198354317E2	2.130824768E2
2.066473507E1	4.198420603E2	2.154083797E2
2.068138675E1	4.203846490E2	2.185782307E2
2.069803843E1	4.203413529E2	2.210144437E2
2.071469011E1	4.205927802E2	2.239079028E2
2.073134179E1	4.204426609E2	2.263718897E2
2.074799347E1	4.206292864E2	2.285647322E2
2.076464515E1	4.203444557E2	2.311992575E2
2.078129683E1	4.204465307E2	2.333501409E2
2.079794851E1	4.206703062E2	2.354736422E2
2.081460019E1	4.206568369E2	2.378376767E2
2.083125187E1	4.206074641E2	2.410003656E2
2.084790355E1	4.208047453E2	2.440114539E2
2.086455523E1	4.205572521E2	2.472722189E2
2.088120691E1	4.213083195E2	2.502690094E2
2.089785859E1	4.213440429E2	2.525969866E2
2.091451027E1	4.213824191E2	2.548578368E2
2.093116195E1	4.213558386E2	2.580189377E2
2.094781363E1	4.212020309E2	2.612783355E2
2.096446531E1	4.214500319E2	2.648664425E2
2.098111699E1	4.213442368E2	2.673389221E2
2.099776867E1	4.214201691E2	2.696365446E2
2.101442036E1	4.218984351E2	2.728236477E2
2.103107204E1	4.220833022E2	2.750587773E2
2.104772372E1	4.214457548E2	2.766260926E2
2.106437540E1	4.216674006E2	2.787834453E2
2.108102708E1	4.214869635E2	2.804533087E2
