190-I_row-10_post-11_ref
t	x	y
5.027205661E1	1.461932177E2	-4.162287399E1
5.028874720E1	1.460117194E2	-3.492915789E1
5.030543779E1	1.456388172E2	-2.869650013E1
5.032212838E1	1.452426849E2	-2.321213374E1
5.033881897E1	1.448192677E2	-1.816377928E1
5.035550956E1	1.445983228E2	-1.224021854E1
5.037220015E1	1.441872097E2	-5.193330942E0
5.038889074E1	1.439961825E2	1.693472570E0
5.040558133E1	1.437397737E2	7.873826425E0
5.042227192E1	1.435820284E2	1.350169229E1
5.043896251E1	1.431265263E2	1.773994376E1
5.045565310E1	1.429289563E2	2.056422778E1
5.047234369E1	1.429819108E2	2.353049924E1
5.048903428E1	1.424096942E2	2.816147088E1
5.050572487E1	1.422342552E2	3.226470300E1
5.052241546E1	1.420759991E2	3.473905779E1
5.053910605E1	1.420632018E2	3.616193115E1
5.055579664E1	1.420609019E2	3.723211649E1
5.057248723E1	1.421003211E2	3.873072677E1
5.058917782E1	1.421059332E2	4.051498035E1
5.060586841E1	1.420364005E2	4.309274640E1
5.062255900E1	1.417418331E2	4.601046732E1
5.063924959E1	1.413843236E2	4.830030560E1
5.065594018E1	1.414505755E2	5.029665823E1
5.067263077E1	1.413267613E2	5.184613830E1
5.068932136E1	1.411079193E2	5.349141561E1
5.070601195E1	1.412805753E2	5.614623420E1
5.072270254E1	1.410244913E2	5.956058109E1
5.073939313E1	1.407531864E2	6.470654270E1
5.075608372E1	1.406561937E2	7.079959322E1
5.077277431E1	1.401390770E2	7.779860168E1
5.078946490E1	1.398310421E2	8.390631245E1
5.080615549E1	1.397047027E2	8.757999447E1
5.082284608E1	1.396819505E2	9.053934995E1
5.083953667E1	1.395906860E2	9.319255353E1
5.085622726E1	1.391184079E2	9.563193203E1
5.087291785E1	1.390365425E2	9.742466199E1
5.088960844E1	1.388722594E2	1.004024008E2
5.090629903E1	1.389555369E2	1.056946564E2
5.092298962E1	1.383788303E2	1.120273399E2
5.093968021E1	1.381238380E2	1.169448174E2
5.095637080E1	1.380245024E2	1.211200225E2
5.097306139E1	1.373747987E2	1.247564716E2
5.098975198E1	1.372573043E2	1.280945937E2
5.100644257E1	1.372699043E2	1.313758040E2
5.102313316E1	1.366401953E2	1.347426981E2
5.103982375E1	1.365516339E2	1.377392224E2
5.105651434E1	1.365094726E2	1.402184527E2
5.107320493E1	1.363804968E2	1.435124893E2
5.108989552E1	1.362950345E2	1.477023227E2
5.110658611E1	1.360303975E2	1.526989935E2
5.112327670E1	1.355673511E2	1.585063109E2
5.113996729E1	1.353249424E2	1.636840240E2
5.115665788E1	1.354463090E2	1.683342069E2
5.117334847E1	1.350035250E2	1.723235269E2
5.119003906E1	1.347267524E2	1.763339268E2
5.120672965E1	1.347660347E2	1.802915182E2
5.122342024E1	1.344720689E2	1.840294414E2
5.124011083E1	1.341970590E2	1.872392216E2
5.125680142E1	1.340372126E2	1.899225847E2
5.127349201E1	1.339316273E2	1.921697047E2
5.129018260E1	1.340001511E2	1.940880834E2
5.130687318E1	1.339872145E2	1.965573781E2
5.132356377E1	1.339000683E2	1.988302904E2
5.134025436E1	1.338509561E2	2.015678575E2
5.135694495E1	1.337110219E2	2.038984028E2
5.137363554E1	1.333408227E2	2.069311971E2
5.139032613E1	1.332733429E2	2.086895847E2
5.140701672E1	1.331966786E2	2.104187594E2
5.142370731E1	1.332500598E2	2.120231494E2
5.144039790E1	1.332019230E2	2.143537513E2
5.145708849E1	1.328846954E2	2.174444083E2
5.147377908E1	1.330324337E2	2.203259468E2
5.149046967E1	1.329781341E2	2.231252267E2
5.150716026E1	1.324645933E2	2.255956325E2
5.152385085E1	1.325874017E2	2.276205682E2
5.154054144E1	1.323944772E2	2.296957531E2
5.155723203E1	1.323459053E2	2.320627960E2
5.157392262E1	1.323099770E2	2.341946478E2
5.159061321E1	1.323653521E2	2.371958593E2
5.160730380E1	1.321549337E2	2.398066214E2
5.162399439E1	1.318386902E2	2.434888274E2
5.164068498E1	1.317514278E2	2.465915914E2
5.165737557E1	1.316815803E2	2.495895361E2
5.167406616E1	1.314796643E2	2.540066793E2
5.169075675E1	1.314929446E2	2.582022170E2
5.170744734E1	1.313933133E2	2.623484542E2
5.172413793E1	1.310137448E2	2.657336860E2
5.174082852E1	1.308402089E2	2.690027166E2
5.175751911E1	1.306704060E2	2.720632127E2
5.177420970E1	1.306834447E2	2.746488784E2
5.179090029E1	1.305812625E2	2.768491087E2
5.180759088E1	1.304731944E2	2.787593434E2
5.182428147E1	1.305677500E2	2.810410030E2
5.184097206E1	1.302143850E2	2.841115765E2
5.185766265E1	1.301802909E2	2.867016010E2
5.187435324E1	1.301672815E2	2.896490588E2
5.189104383E1	1.298835085E2	2.921734831E2
5.190773442E1	1.298026189E2	2.958790550E2
5.192442501E1	1.294302054E2	2.996369290E2
5.194111560E1	1.291629888E2	3.027346887E2
5.195780619E1	1.290567128E2	3.059621957E2
5.197449678E1	1.291322987E2	3.086483575E2
5.199118737E1	1.289151590E2	3.111833264E2
5.200787796E1	1.290068398E2	3.136188035E2
5.202456855E1	1.285434625E2	3.159756456E2
5.204125914E1	1.284320208E2	3.183744809E2
5.205794973E1	1.284958712E2	3.203279716E2
5.207464032E1	1.284090077E2	3.216846581E2
5.209133091E1	1.282662807E2	3.229799656E2
5.210802150E1	1.283463598E2	3.251256331E2
5.212471209E1	1.282670156E2	3.276330945E2
5.214140268E1	1.281837943E2	3.302753463E2
5.215809327E1	1.281267951E2	3.324467259E2
5.217478386E1	1.281136985E2	3.354744349E2
5.219147445E1	1.280157386E2	3.385604876E2
5.220816504E1	1.281492005E2	3.414074237E2
5.222485563E1	1.275574376E2	3.448805137E2
5.224154622E1	1.274720295E2	3.482479544E2
5.225823681E1	1.274464740E2	3.512987333E2
5.227492740E1	1.274068082E2	3.537139265E2
5.229161799E1	1.274064789E2	3.556994830E2
5.230830858E1	1.274173550E2	3.573704933E2
5.232499917E1	1.269993199E2	3.599207385E2
5.234168976E1	1.268890452E2	3.639707314E2
5.235838035E1	1.265752333E2	3.701544152E2
5.237507094E1	1.262358654E2	3.769526015E2
5.239176152E1	1.258762741E2	3.832099742E2
5.240845211E1	1.259743401E2	3.873827881E2
5.242514270E1	1.258681380E2	3.907878408E2
5.244183329E1	1.256558454E2	3.939178266E2
5.245852388E1	1.256156533E2	3.962989823E2
5.247521447E1	1.252500094E2	3.994545480E2
5.249190506E1	1.252645954E2	4.022325598E2
5.250859565E1	1.250216833E2	4.044660559E2
5.252528624E1	1.250914579E2	4.063134249E2
5.254197683E1	1.250314874E2	4.084460452E2
5.255866742E1	1.249276971E2	4.108368319E2
