190-I_row-10_post-8_wire
t	x	y
2.770637914E1	-2.474709513E2	-4.896592714E1
2.772306973E1	-2.474848026E2	-4.639309613E1
2.773976032E1	-2.476205745E2	-4.301994028E1
2.775645091E1	-2.467795478E2	-3.857589293E1
2.777314150E1	-2.476102813E2	-3.586586952E1
2.778983209E1	-2.475950830E2	-3.291959002E1
2.780652268E1	-2.490376059E2	-3.026396923E1
2.782321327E1	-2.487274786E2	-2.627469427E1
2.783990386E1	-2.487458589E2	-2.278209450E1
2.785659445E1	-2.476919810E2	-1.806355364E1
2.787328504E1	-2.473839902E2	-1.343839176E1
2.788997563E1	-2.497596599E2	-9.766631918E0
2.790666622E1	-2.504594660E2	-6.621358727E0
2.792335681E1	-2.509848302E2	-4.064075872E0
2.794004740E1	-2.495960158E2	-1.814284647E0
2.795673799E1	-2.484072946E2	5.339673365E-1
2.797342858E1	-2.486964165E2	2.971400899E0
2.799011917E1	-2.491970709E2	5.293324417E0
2.800680976E1	-2.498555766E2	7.848010715E0
2.802350035E1	-2.490586435E2	9.341581718E0
2.804019094E1	-2.493395345E2	1.037768962E1
2.805688153E1	-2.489338283E2	1.198481440E1
2.807357212E1	-2.500391539E2	1.284411943E1
2.809026271E1	-2.498675339E2	1.359367005E1
2.810695330E1	-2.501155072E2	1.522824846E1
2.812364389E1	-2.506508274E2	1.784535749E1
2.814033448E1	-2.503164633E2	2.099657071E1
2.815702507E1	-2.496142623E2	2.412294758E1
2.817371566E1	-2.498702667E2	2.723586368E1
2.819040625E1	-2.517740143E2	3.003132805E1
2.820709684E1	-2.509954864E2	3.234379502E1
2.822378743E1	-2.512074987E2	3.409643865E1
2.824047802E1	-2.506641419E2	3.721707077E1
2.825716861E1	-2.520162158E2	4.210062725E1
2.827385920E1	-2.525754571E2	4.690096361E1
2.829054979E1	-2.523096280E2	5.088101504E1
2.830724038E1	-2.525391661E2	5.507035315E1
2.832393097E1	-2.500865318E2	5.977258615E1
2.834062156E1	-2.511159144E2	6.481368565E1
2.835731215E1	-2.506302769E2	6.952009952E1
2.837400274E1	-2.547322457E2	7.304421001E1
2.839069333E1	-2.540447563E2	7.537037686E1
2.840738392E1	-2.522856614E2	7.769969060E1
2.842407451E1	-2.541425000E2	7.958486329E1
2.844076510E1	-2.527380261E2	8.270545088E1
2.845745569E1	-2.538813487E2	8.595489252E1
2.847414628E1	-2.527301389E2	8.908447402E1
2.849083687E1	-2.544661385E2	9.160841461E1
2.850752746E1	-2.526340645E2	9.478460156E1
2.852421805E1	-2.538945385E2	9.732826109E1
2.854090864E1	-2.537990431E2	9.975212769E1
2.855759923E1	-2.561580191E2	1.014597023E2
2.857428982E1	-2.553781715E2	1.037967243E2
2.859098041E1	-2.550664291E2	1.070571311E2
2.860767100E1	-2.533271194E2	1.094197549E2
2.862436158E1	-2.530962131E2	1.118459867E2
2.864105217E1	-2.566023057E2	1.144813216E2
2.865774276E1	-2.570558897E2	1.176675976E2
2.867443335E1	-2.550588074E2	1.224597404E2
2.869112394E1	-2.547394905E2	1.281564348E2
2.870781453E1	-2.561993998E2	1.339003121E2
2.872450512E1	-2.547880282E2	1.386931345E2
2.874119571E1	-2.578091243E2	1.412056852E2
2.875788630E1	-2.571170061E2	1.444104815E2
2.877457689E1	-2.591867160E2	1.477792337E2
2.879126748E1	-2.570712312E2	1.517476150E2
2.880795807E1	-2.576755149E2	1.558175376E2
2.882464866E1	-2.580592410E2	1.614816385E2
2.884133925E1	-2.607650566E2	1.656327692E2
2.885802984E1	-2.612580489E2	1.696669068E2
2.887472043E1	-2.590879937E2	1.736797686E2
2.889141102E1	-2.604314915E2	1.769939379E2
2.890810161E1	-2.604066887E2	1.802187076E2
2.892479220E1	-2.612494900E2	1.826535236E2
2.894148279E1	-2.634069359E2	1.851009585E2
2.895817338E1	-2.622370573E2	1.883325083E2
2.897486397E1	-2.628627795E2	1.915959225E2
2.899155456E1	-2.637627756E2	1.940822044E2
2.900824515E1	-2.633836885E2	1.972659308E2
2.902493574E1	-2.634625275E2	2.005001860E2
2.904162633E1	-2.660978474E2	2.022059787E2
2.905831692E1	-2.657321144E2	2.046768761E2
2.907500751E1	-2.656921925E2	2.062801622E2
2.909169810E1	-2.643476897E2	2.078004331E2
2.910838869E1	-2.662138885E2	2.086902551E2
2.912507928E1	-2.665140616E2	2.095170538E2
2.914176987E1	-2.664170943E2	2.103263120E2
2.915846046E1	-2.656744282E2	2.119237283E2
2.917515105E1	-2.655182429E2	2.135382185E2
2.919184164E1	-2.670529846E2	2.151961692E2
2.920853223E1	-2.657193338E2	2.175992210E2
2.922522282E1	-2.669177637E2	2.184184160E2
2.924191341E1	-2.671817816E2	2.192727100E2
2.925860400E1	-2.654288589E2	2.208017438E2
2.927529459E1	-2.685044981E2	2.209008586E2
2.929198518E1	-2.680104490E2	2.224996997E2
2.930867577E1	-2.697072976E2	2.241855509E2
2.932536636E1	-2.679667644E2	2.257383922E2
2.934205695E1	-2.664937114E2	2.273364690E2
2.935874754E1	-2.676038411E2	2.289587374E2
2.937543813E1	-2.674256614E2	2.313482955E2
2.939212872E1	-2.684820229E2	2.322268021E2
2.940881931E1	-2.703117062E2	2.322952051E2
2.942550990E1	-2.686015394E2	2.338413772E2
2.944220049E1	-2.678598515E2	2.354528238E2
2.945889108E1	-2.671921376E2	2.370747314E2
2.947558167E1	-2.686986392E2	2.379324947E2
2.949227226E1	-2.684594892E2	2.395116275E2
2.950896285E1	-2.682763545E2	2.411103870E2
2.952565344E1	-2.681160329E2	2.435962764E2
2.954234403E1	-2.700243006E2	2.476716962E2
2.955903462E1	-2.713100066E2	2.526114121E2
2.957572521E1	-2.695732819E2	2.565844416E2
2.959241580E1	-2.701210299E2	2.589984132E2
2.960910639E1	-2.719199397E2	2.606847767E2
2.962579698E1	-2.709697999E2	2.630789342E2
2.964248757E1	-2.714076003E2	2.647562483E2
2.965917816E1	-2.707277990E2	2.671234076E2
2.967586875E1	-2.718972166E2	2.688085137E2
2.969255934E1	-2.725875905E2	2.712310026E2
2.970924992E1	-2.692836692E2	2.524730952E2
2.972594051E1	-2.710996436E2	2.542163276E2
2.974263110E1	-2.711014893E2	2.558412138E2
2.975932169E1	-2.703777334E2	2.566314488E2
2.977601228E1	-2.708875170E2	2.574286710E2
2.979270287E1	-2.722185311E2	2.583158595E2
2.980939346E1	-2.726793979E2	2.590924559E2
2.982608405E1	-2.711106643E2	2.606449801E2
2.984277464E1	-2.725635627E2	2.614923250E2
2.985946523E1	-2.710283202E2	2.630738649E2
2.987615582E1	-2.717850391E2	2.639180414E2
2.989284641E1	-2.712660408E2	2.647494408E2
2.990953700E1	-2.728359432E2	2.648025569E2
2.992622759E1	-2.732667369E2	2.655692327E2
2.994291818E1	-2.730108292E2	2.672109133E2
2.995960877E1	-2.741174186E2	2.688055150E2
2.997629936E1	-2.744278281E2	2.696495949E2
2.999298995E1	-2.734096794E2	2.704016108E2
3.000968054E1	-2.728817712E2	2.712487422E2
