190-I_row-10_post-8_ref
t	x	y
2.770637914E1	1.436469315E2	-3.982291170E1
2.772306973E1	1.436967796E2	-3.690947915E1
2.773976032E1	1.435028755E2	-3.321349355E1
2.775645091E1	1.434542774E2	-2.852688810E1
2.777314150E1	1.429252032E2	-2.526515339E1
2.778983209E1	1.428932388E2	-2.209212732E1
2.780652268E1	1.426935761E2	-1.913560889E1
2.782321327E1	1.423893491E2	-1.514632316E1
2.783990386E1	1.420583343E2	-1.131672765E1
2.785659445E1	1.419134759E2	-6.321838085E0
2.787328504E1	1.415412140E2	-1.302281531E0
2.788997563E1	1.412033747E2	2.965818060E0
2.790666622E1	1.412126463E2	6.490109065E0
2.792335681E1	1.410601853E2	9.079273496E0
2.794004740E1	1.408368040E2	1.137541181E1
2.795673799E1	1.410886326E2	1.378594393E1
2.797342858E1	1.408905023E2	1.629035864E1
2.799011917E1	1.408605302E2	1.881233068E1
2.800680976E1	1.406723239E2	2.173883902E1
2.802350035E1	1.403545273E2	2.323465311E1
2.804019094E1	1.403602553E2	2.437651981E1
2.805688153E1	1.403727228E2	2.600906990E1
2.807357212E1	1.403193852E2	2.708182978E1
2.809026271E1	1.404210583E2	2.785563402E1
2.810695330E1	1.403147053E2	2.938213989E1
2.812364389E1	1.402186224E2	3.238724859E1
2.814033448E1	1.401400032E2	3.579440554E1
2.815702507E1	1.399864027E2	3.905232632E1
2.817371566E1	1.396138785E2	4.238394617E1
2.819040625E1	1.397134235E2	4.576194935E1
2.820709684E1	1.395818885E2	4.807717917E1
2.822378743E1	1.394135314E2	5.009934275E1
2.824047802E1	1.392552533E2	5.343981796E1
2.825716861E1	1.389986590E2	5.902848900E1
2.827385920E1	1.386233955E2	6.408289289E1
2.829054979E1	1.386321850E2	6.828856432E1
2.830724038E1	1.382012747E2	7.281047504E1
2.832393097E1	1.379629150E2	7.737700125E1
2.834062156E1	1.377989045E2	8.296747459E1
2.835731215E1	1.376211656E2	8.793683548E1
2.837400274E1	1.374372427E2	9.244770640E1
2.839069333E1	1.372109975E2	9.485115832E1
2.840738392E1	1.371223507E2	9.680728192E1
2.842407451E1	1.370923247E2	9.917122232E1
2.844076510E1	1.370522650E2	1.024253719E2
2.845745569E1	1.370221030E2	1.062851301E2
2.847414628E1	1.364923472E2	1.093470576E2
2.849083687E1	1.363873834E2	1.122382725E2
2.850752746E1	1.363281368E2	1.153988970E2
2.852421805E1	1.358546191E2	1.184830917E2
2.854090864E1	1.357459568E2	1.211086275E2
2.855759923E1	1.356433506E2	1.233941458E2
2.857428982E1	1.355063690E2	1.257702435E2
2.859098041E1	1.354107157E2	1.290810103E2
2.860767100E1	1.354829443E2	1.312181335E2
2.862436158E1	1.352229932E2	1.337339987E2
2.864105217E1	1.349586426E2	1.372833112E2
2.865774276E1	1.347746900E2	1.408858508E2
2.867443335E1	1.346605382E2	1.455114791E2
2.869112394E1	1.344886042E2	1.517251105E2
2.870781453E1	1.338682992E2	1.583698549E2
2.872450512E1	1.338559541E2	1.632678908E2
2.874119571E1	1.333659986E2	1.665078709E2
2.875788630E1	1.332970206E2	1.698244598E2
2.877457689E1	1.331339895E2	1.738160635E2
2.879126748E1	1.330075346E2	1.777529607E2
2.880795807E1	1.329920882E2	1.821361909E2
2.882464866E1	1.322965592E2	1.883549831E2
2.884133925E1	1.322683420E2	1.934141916E2
2.885802984E1	1.321040380E2	1.980131214E2
2.887472043E1	1.320488304E2	2.018271022E2
2.889141102E1	1.318122315E2	2.057298808E2
2.890810161E1	1.314528453E2	2.089752520E2
2.892479220E1	1.314582033E2	2.117610666E2
2.894148279E1	1.314040838E2	2.147623916E2
2.895817338E1	1.313736730E2	2.179275809E2
2.897486397E1	1.308344099E2	2.217628105E2
2.899155456E1	1.307459119E2	2.247318878E2
2.900824515E1	1.304833545E2	2.281798801E2
2.902493574E1	1.305278385E2	2.316522902E2
2.904162633E1	1.302981346E2	2.341586005E2
2.905831692E1	1.304867145E2	2.368753356E2
2.907500751E1	1.301315368E2	2.386277207E2
2.909169810E1	1.300240300E2	2.398357951E2
2.910838869E1	1.300167514E2	2.412282030E2
2.912507928E1	1.299791487E2	2.422140055E2
2.914176987E1	1.298672457E2	2.431344207E2
2.915846046E1	1.298592191E2	2.446832985E2
2.917515105E1	1.298147060E2	2.463120339E2
2.919184164E1	1.297841667E2	2.485647666E2
2.920853223E1	1.297695654E2	2.509054577E2
2.922522282E1	1.296990616E2	2.520461852E2
2.924191341E1	1.296169123E2	2.530569722E2
2.925860400E1	1.295934057E2	2.542947644E2
2.927529459E1	1.297498852E2	2.550205547E2
2.929198518E1	1.296412773E2	2.562488400E2
2.930867577E1	1.296553144E2	2.585753004E2
2.932536636E1	1.295147994E2	2.600779210E2
2.934205695E1	1.297006247E2	2.616669281E2
2.935874754E1	1.295316042E2	2.635489495E2
2.937543813E1	1.295117493E2	2.660163284E2
2.939212872E1	1.295622928E2	2.672548463E2
2.940881931E1	1.297375784E2	2.678965721E2
2.942550990E1	1.294125292E2	2.691730301E2
2.944220049E1	1.292967412E2	2.706524863E2
2.945889108E1	1.290148231E2	2.721798388E2
2.947558167E1	1.291181852E2	2.734198594E2
2.949227226E1	1.289629483E2	2.748509904E2
2.950896285E1	1.289724664E2	2.766880953E2
2.952565344E1	1.289957684E2	2.793799463E2
2.954234403E1	1.286644521E2	2.844116464E2
2.955903462E1	1.284359517E2	2.901482674E2
2.957572521E1	1.282863439E2	2.941047219E2
2.959241580E1	1.281074443E2	2.966768760E2
2.960910639E1	1.280700238E2	2.990593115E2
2.962579698E1	1.280244219E2	3.014761234E2
2.964248757E1	1.278499618E2	3.032272283E2
2.965917816E1	1.277183633E2	3.057403102E2
2.967586875E1	1.275501820E2	3.078994306E2
2.969255934E1	1.274477537E2	3.107142870E2
2.970924992E1	1.273768109E2	3.147718153E2
2.972594051E1	1.272711716E2	3.176133352E2
2.974263110E1	1.273139111E2	3.193827420E2
2.975932169E1	1.272938371E2	3.201491861E2
2.977601228E1	1.271703377E2	3.210313122E2
2.979270287E1	1.267918110E2	3.224490168E2
2.980939346E1	1.269090225E2	3.235907134E2
2.982608405E1	1.266304732E2	3.249463624E2
2.984277464E1	1.266775813E2	3.264475315E2
2.985946523E1	1.267500525E2	3.279082318E2
2.987615582E1	1.265300615E2	3.291396329E2
2.989284641E1	1.265600957E2	3.301764515E2
2.990953700E1	1.265583739E2	3.308908947E2
2.992622759E1	1.264874767E2	3.318361152E2
2.994291818E1	1.265057044E2	3.335774698E2
2.995960877E1	1.264303805E2	3.358328941E2
2.997629936E1	1.264665210E2	3.372612129E2
2.999298995E1	1.263364722E2	3.383548134E2
3.000968054E1	1.264555059E2	3.396854276E2
3.002637113E1	1.264725726E2	3.422056314E2
3.004306172E1	1.262728362E2	3.452391309E2
