190-I_row-10_post-9_ref
t	x	y
3.541743165E1	1.452723565E2	-4.835639278E1
3.543412224E1	1.452908809E2	-4.699972574E1
3.545081283E1	1.452470454E2	-4.510648207E1
3.546750342E1	1.448343040E2	-4.018945888E1
3.548419401E1	1.444939325E2	-3.403834852E1
3.550088460E1	1.442546363E2	-2.906521142E1
3.551757519E1	1.442312843E2	-2.500953699E1
3.553426578E1	1.439605712E2	-2.101291640E1
3.555095637E1	1.436631861E2	-1.675140003E1
3.556764696E1	1.435147930E2	-1.213671941E1
3.558433755E1	1.429095793E2	-7.419826162E0
3.560102814E1	1.428357444E2	-1.433228791E0
3.561771873E1	1.428167103E2	4.321790923E0
3.563440932E1	1.423604523E2	1.017828552E1
3.565109991E1	1.419301824E2	1.823045326E1
3.566779050E1	1.414725759E2	2.709564391E1
3.568448109E1	1.410838557E2	3.603475596E1
3.570117168E1	1.404849152E2	4.508824895E1
3.571786227E1	1.401493437E2	5.267817328E1
3.573455286E1	1.397427046E2	5.829827070E1
3.575124345E1	1.395984366E2	6.286265677E1
3.576793404E1	1.395172327E2	6.710038616E1
3.578462463E1	1.390524998E2	7.122259911E1
3.580131522E1	1.387300488E2	7.532428858E1
3.581800581E1	1.387969463E2	7.874592415E1
3.583469640E1	1.386840823E2	8.092484318E1
3.585138699E1	1.386384818E2	8.243077450E1
3.586807758E1	1.386364018E2	8.356111729E1
3.588476817E1	1.386657096E2	8.486772187E1
3.590145876E1	1.386410127E2	8.664940857E1
3.591814935E1	1.382070040E2	8.841958733E1
3.593483994E1	1.380153250E2	8.994598698E1
3.595153053E1	1.380330371E2	9.145983948E1
3.596822112E1	1.380326245E2	9.330223609E1
3.598491171E1	1.379525822E2	9.674418940E1
3.600160230E1	1.374263472E2	1.004986113E2
3.601829289E1	1.372771138E2	1.044864216E2
3.603498348E1	1.372163401E2	1.069670838E2
3.605167407E1	1.371560341E2	1.091208776E2
3.606836466E1	1.370402126E2	1.118403004E2
3.608505525E1	1.370802193E2	1.158054924E2
3.610174584E1	1.366602730E2	1.204051815E2
3.611843643E1	1.364400876E2	1.246585621E2
3.613512702E1	1.363436735E2	1.279961078E2
3.615181761E1	1.361809117E2	1.306918279E2
3.616850820E1	1.359245666E2	1.328991359E2
3.618519878E1	1.361359785E2	1.349797525E2
3.620188937E1	1.355492829E2	1.386825920E2
3.621857996E1	1.354617737E2	1.428601909E2
3.623527055E1	1.354353906E2	1.473900692E2
3.625196114E1	1.352967347E2	1.517154380E2
3.626865173E1	1.350452851E2	1.548458594E2
3.628534232E1	1.346082787E2	1.568832582E2
3.630203291E1	1.347444027E2	1.588406161E2
3.631872350E1	1.348199473E2	1.603284869E2
3.633541409E1	1.346600672E2	1.614715001E2
3.635210468E1	1.346417929E2	1.630078590E2
3.636879527E1	1.346863527E2	1.646493468E2
3.638548586E1	1.345067897E2	1.671019957E2
3.640217645E1	1.344011533E2	1.709907935E2
3.641886704E1	1.340887166E2	1.750657283E2
3.643555763E1	1.339620873E2	1.791928788E2
3.645224822E1	1.338064242E2	1.823899502E2
3.646893881E1	1.335649412E2	1.852283781E2
3.648562940E1	1.338497689E2	1.881821460E2
3.650231999E1	1.333390910E2	1.912746094E2
3.651901058E1	1.331501424E2	1.947754186E2
3.653570117E1	1.330044015E2	1.986059614E2
3.655239176E1	1.329484479E2	2.038173331E2
3.656908235E1	1.326406783E2	2.069656243E2
3.658577294E1	1.323015889E2	2.086462862E2
3.660246353E1	1.324605607E2	2.107129534E2
3.661915412E1	1.322988796E2	2.122905881E2
3.663584471E1	1.321379293E2	2.151543425E2
3.665253530E1	1.321485713E2	2.189172737E2
3.666922589E1	1.320033649E2	2.231466529E2
3.668591648E1	1.321045172E2	2.271156488E2
3.670260707E1	1.319919469E2	2.320655504E2
3.671929766E1	1.315000871E2	2.372821060E2
3.673598825E1	1.312230212E2	2.418288558E2
3.675267884E1	1.312800104E2	2.473718788E2
3.676936943E1	1.306844068E2	2.527015617E2
3.678606002E1	1.306310164E2	2.577170244E2
3.680275061E1	1.302773989E2	2.622175884E2
3.681944120E1	1.304233117E2	2.656367787E2
3.683613179E1	1.304617887E2	2.686723984E2
3.685282238E1	1.300906801E2	2.726899511E2
3.686951297E1	1.297950902E2	2.761098971E2
3.688620356E1	1.298785780E2	2.781985795E2
3.690289415E1	1.298287356E2	2.800006075E2
3.691958474E1	1.297351117E2	2.820487956E2
3.693627533E1	1.295218502E2	2.848698155E2
3.695296592E1	1.296479076E2	2.865441186E2
3.696965651E1	1.297252762E2	2.877566871E2
3.698634710E1	1.297809288E2	2.889610713E2
3.700303769E1	1.296316504E2	2.897533893E2
3.701972828E1	1.296519395E2	2.905454509E2
3.703641887E1	1.296933871E2	2.910824115E2
3.705310946E1	1.296164305E2	2.917091581E2
3.706980005E1	1.297569956E2	2.927976339E2
3.708649064E1	1.296448135E2	2.941074379E2
3.710318123E1	1.297007551E2	2.953685525E2
3.711987182E1	1.292149247E2	2.964350426E2
3.713656241E1	1.294578833E2	2.979225540E2
3.715325300E1	1.295234788E2	2.986116144E2
3.716994359E1	1.292223062E2	2.988950381E2
3.718663418E1	1.292398426E2	2.995437146E2
3.720332477E1	1.290607979E2	3.005065189E2
3.722001536E1	1.292060704E2	3.018752306E2
3.723670595E1	1.290554166E2	3.021926814E2
3.725339654E1	1.290783205E2	3.029337446E2
3.727008712E1	1.290356119E2	3.036632216E2
3.728677771E1	1.290496865E2	3.044109631E2
3.730346830E1	1.288999046E2	3.059789587E2
3.732015889E1	1.287968084E2	3.077814936E2
3.733684948E1	1.284778931E2	3.109077500E2
3.735354007E1	1.286012744E2	3.155918442E2
3.737023066E1	1.283076072E2	3.204508788E2
3.738692125E1	1.277802038E2	3.240203440E2
3.740361184E1	1.278914907E2	3.278353752E2
3.742030243E1	1.277074573E2	3.304718220E2
3.743699302E1	1.276922560E2	3.336620255E2
3.745368361E1	1.274328146E2	3.362915353E2
3.747037420E1	1.272854885E2	3.377357208E2
3.748706479E1	1.278598687E2	3.391583826E2
3.750375538E1	1.275553232E2	3.400042635E2
3.752044597E1	1.274357491E2	3.416709968E2
3.753713656E1	1.274248128E2	3.441555335E2
3.755382715E1	1.272806373E2	3.481289505E2
3.757051774E1	1.268279001E2	3.518727183E2
3.758720833E1	1.266794110E2	3.547873587E2
3.760389892E1	1.265346658E2	3.578276424E2
3.762058951E1	1.264937146E2	3.613682600E2
3.763728010E1	1.264157973E2	3.658612484E2
3.765397069E1	1.262473230E2	3.698982743E2
3.767066128E1	1.260918221E2	3.735332589E2
3.768735187E1	1.259097243E2	3.774456227E2
