190-I_row-10_post-11_wire
t	x	y
5.027205661E1	-2.483852528E2	-4.551189909E1
5.028874720E1	-2.491951245E2	-3.904449085E1
5.030543779E1	-2.495341070E2	-3.355806521E1
5.032212838E1	-2.498305568E2	-2.838443805E1
5.033881897E1	-2.487400617E2	-2.358971013E1
5.035550956E1	-2.480958069E2	-1.794477165E1
5.037220015E1	-2.489768006E2	-1.138656686E1
5.038889074E1	-2.497854863E2	-4.970236704E0
5.040558133E1	-2.502127713E2	7.427285926E-1
5.042227192E1	-2.503483693E2	5.839191490E0
5.043896251E1	-2.497345689E2	9.774144014E0
5.045565310E1	-2.501591322E2	1.236039249E1
5.047234369E1	-2.499028719E2	1.537150062E1
5.048903428E1	-2.508220541E2	1.950250885E1
5.050572487E1	-2.504562746E2	2.341727559E1
5.052241546E1	-2.507843222E2	2.591288047E1
5.053910605E1	-2.517397996E2	2.699691502E1
5.055579664E1	-2.508722045E2	2.826796822E1
5.057248723E1	-2.514922375E2	2.934338484E1
5.058917782E1	-2.513269152E2	3.108249191E1
5.060586841E1	-2.511487822E2	3.348063187E1
5.062255900E1	-2.506875355E2	3.643333218E1
5.063924959E1	-2.523540038E2	3.820187108E1
5.065594018E1	-2.534986258E2	4.000491643E1
5.067263077E1	-2.529970980E2	4.146871748E1
5.068932136E1	-2.526127023E2	4.312428534E1
5.070601195E1	-2.520277769E2	4.560424226E1
5.072270254E1	-2.524314721E2	4.878588914E1
5.073939313E1	-2.524990467E2	5.340829128E1
5.075608372E1	-2.529964131E2	5.921034501E1
5.077277431E1	-2.534044499E2	6.583327506E1
5.078946490E1	-2.530440280E2	7.150048917E1
5.080615549E1	-2.538290299E2	7.480547223E1
5.082284608E1	-2.550947626E2	7.737826825E1
5.083953667E1	-2.562724222E2	7.979334310E1
5.085622726E1	-2.556038638E2	8.207096695E1
5.087291785E1	-2.551960933E2	8.374375645E1
5.088960844E1	-2.559374939E2	8.631490217E1
5.090629903E1	-2.561089922E2	9.111876908E1
5.092298962E1	-2.573336856E2	9.682168899E1
5.093968021E1	-2.570861265E2	1.015951687E2
5.095637080E1	-2.570158075E2	1.056442332E2
5.097306139E1	-2.574647769E2	1.089113858E2
5.098975198E1	-2.573970453E2	1.120270093E2
5.100644257E1	-2.594316946E2	1.146468297E2
5.102313316E1	-2.598857664E2	1.178610396E2
5.103982375E1	-2.581753894E2	1.209163885E2
5.105651434E1	-2.592457990E2	1.228744453E2
5.107320493E1	-2.588664331E2	1.259871947E2
5.108989552E1	-2.588619030E2	1.299185249E2
5.110658611E1	-2.608310205E2	1.341568899E2
5.112327670E1	-2.610540461E2	1.397384129E2
5.113996729E1	-2.612910887E2	1.446402683E2
5.115665788E1	-2.620452251E2	1.487692416E2
5.117334847E1	-2.615117304E2	1.527266431E2
5.119003906E1	-2.634743933E2	1.561203429E2
5.120672965E1	-2.627107856E2	1.600311299E2
5.122342024E1	-2.636483629E2	1.633615024E2
5.124011083E1	-2.627176097E2	1.664178237E2
5.125680142E1	-2.654324079E2	1.683631102E2
5.127349201E1	-2.647429176E2	1.706318566E2
5.129018260E1	-2.650024663E2	1.723207681E2
5.130687318E1	-2.645467594E2	1.747383826E2
5.132356377E1	-2.635351873E2	1.770914342E2
5.134025436E1	-2.645513435E2	1.795884982E2
5.135694495E1	-2.665699464E2	1.813341940E2
5.137363554E1	-2.675734991E2	1.837231466E2
5.139032613E1	-2.676193679E2	1.853230598E2
5.140701672E1	-2.676538463E2	1.869979066E2
5.142370731E1	-2.670230455E2	1.885983881E2
5.144039790E1	-2.664219569E2	1.909730608E2
5.145708849E1	-2.683335965E2	1.934374539E2
5.147377908E1	-2.694927116E2	1.959348163E2
5.149046967E1	-2.696633226E2	1.983611946E2
5.150716026E1	-2.693381867E2	2.007073046E2
5.152385085E1	-2.699174889E2	2.024543071E2
5.154054144E1	-2.685354030E2	2.046820046E2
5.155723203E1	-2.698457988E2	2.064920145E2
5.157392262E1	-2.709768269E2	2.081569587E2
5.159061321E1	-2.702206879E2	2.112538059E2
5.160730380E1	-2.711940543E2	2.137394033E2
5.162399439E1	-2.712285083E2	2.169808365E2
5.164068498E1	-2.720477902E2	2.194873516E2
5.165737557E1	-2.711700463E2	2.226214849E2
5.167406616E1	-2.711674350E2	2.266238164E2
5.169075675E1	-2.729800757E2	2.300815142E2
5.170744734E1	-2.731498894E2	2.340955166E2
5.172413793E1	-2.731036382E2	2.372746110E2
5.174082852E1	-2.748329986E2	2.397846077E2
5.175751911E1	-2.739267220E2	2.429522841E2
5.177420970E1	-2.739588770E2	2.454141645E2
5.179090029E1	-2.751302707E2	2.471046777E2
5.180759088E1	-2.761297829E2	2.488005937E2
5.182428147E1	-2.752180053E2	2.510726005E2
5.184097206E1	-2.759751373E2	2.535454764E2
5.185766265E1	-2.758692549E2	2.559120450E2
5.187435324E1	-2.763422316E2	2.584636745E2
5.189104383E1	-2.764428462E2	2.608225119E2
5.190773442E1	-2.770838741E2	2.641709982E2
5.192442501E1	-2.771456506E2	2.673933592E2
5.194111560E1	-2.784707728E2	2.698595837E2
5.195780619E1	-2.781651453E2	2.729272795E2
5.197449678E1	-2.783566061E2	2.754077874E2
5.199118737E1	-2.790487232E2	2.779079478E2
5.200787796E1	-2.781725866E2	2.802332380E2
5.202456855E1	-2.795697740E2	2.820127973E2
5.204125914E1	-2.807809987E2	2.836871435E2
5.205794973E1	-2.814684797E2	2.852970109E2
5.207464032E1	-2.805242935E2	2.868451001E2
5.209133091E1	-2.816606594E2	2.877775182E2
5.210802150E1	-2.808339435E2	2.900965694E2
5.212471209E1	-2.825898329E2	2.918190730E2
5.214140268E1	-2.826712697E2	2.942455386E2
5.215809327E1	-2.820382347E2	2.966042432E2
5.217478386E1	-2.827620946E2	2.991074283E2
5.219147445E1	-2.799575096E2	2.868046841E2
5.220816504E1	-2.801999686E2	2.892569312E2
5.222485563E1	-2.817925001E2	2.917632038E2
5.224154622E1	-2.829560733E2	2.942254094E2
5.225823681E1	-2.835499369E2	2.967458253E2
5.227492740E1	-2.825123484E2	2.990585603E2
5.229161799E1	-2.840257976E2	2.999527779E2
5.230830858E1	-2.850107535E2	3.007914615E2
5.232499917E1	-2.859161279E2	3.024024129E2
5.234168976E1	-2.849265138E2	3.055494504E2
5.235838035E1	-2.849413598E2	3.095964095E2
