190-I_row-10_post-7_wire
t	x	y
1.558901092E1	-2.280612804E2	-5.161217096E1
1.560570151E1	-2.283163244E2	-5.055624799E1
1.562239210E1	-2.283951251E2	-4.978248868E1
1.563908269E1	-2.283069597E2	-4.903412064E1
1.565577328E1	-2.281806787E2	-4.835052276E1
1.567246386E1	-2.287848028E2	-4.807510059E1
1.568915445E1	-2.279182154E2	-4.766398337E1
1.570584504E1	-2.282492355E2	-4.755985312E1
1.572253563E1	-2.282871249E2	-4.750949815E1
1.573922622E1	-2.283817616E2	-4.745813607E1
1.575591681E1	-2.277428178E2	-4.695171675E1
1.577260740E1	-2.283540739E2	-4.672930385E1
1.578929799E1	-2.285474630E2	-4.670192933E1
1.580598858E1	-2.292674506E2	-4.645983109E1
1.582267917E1	-2.283513028E2	-4.599205317E1
1.583936976E1	-2.281976377E2	-4.592549265E1
1.585606035E1	-2.278186445E2	-4.517897767E1
1.587275094E1	-2.285740247E2	-4.503223729E1
1.588944153E1	-2.280440684E2	-4.434981141E1
1.590613212E1	-2.281076564E2	-4.368851992E1
1.592282271E1	-2.286148501E2	-4.348537450E1
1.593951330E1	-2.280427819E2	-4.292266676E1
1.595620389E1	-2.288792125E2	-4.244460598E1
1.597289448E1	-2.286901713E2	-4.179924794E1
1.598958507E1	-2.291660293E2	-4.096901220E1
1.600627566E1	-2.287444666E2	-4.027464709E1
1.602296625E1	-2.287252727E2	-3.938710032E1
1.603965684E1	-2.286530913E2	-3.860268379E1
1.605634743E1	-2.289916868E2	-3.838170479E1
1.607303802E1	-2.288498518E2	-3.782482250E1
1.608972861E1	-2.295114358E2	-3.764718262E1
1.610641920E1	-2.288714944E2	-3.708999645E1
1.612310979E1	-2.292029290E2	-3.677243203E1
1.613980038E1	-2.285507756E2	-3.626597347E1
1.615649097E1	-2.287650207E2	-3.551385824E1
1.617318156E1	-2.291927860E2	-3.466768346E1
1.618987215E1	-2.291203693E2	-3.380572626E1
1.620656274E1	-2.282863968E2	-3.320054432E1
1.622325333E1	-2.287778901E2	-3.267423041E1
1.623994392E1	-2.280155890E2	-3.149237762E1
1.625663451E1	-2.294924770E2	-3.118737027E1
1.627332510E1	-2.300227408E2	-3.045512736E1
1.629001569E1	-2.287645784E2	-2.993669598E1
1.630670628E1	-2.298413887E2	-2.937249682E1
1.632339687E1	-2.283921673E2	-2.811088114E1
1.634008746E1	-2.290377894E2	-2.638416522E1
1.635677805E1	-2.296739056E2	-2.462549399E1
1.637346864E1	-2.305401323E2	-2.295219248E1
1.639015923E1	-2.298085471E2	-2.150121271E1
1.640684982E1	-2.291644924E2	-1.991532896E1
1.642354041E1	-2.283729693E2	-1.843328621E1
1.644023100E1	-2.290572090E2	-1.747973039E1
1.645692159E1	-2.290828377E2	-1.677515106E1
1.647361218E1	-2.298540389E2	-1.584561590E1
1.649030277E1	-2.304325112E2	-1.476237971E1
1.650699336E1	-2.296753105E2	-1.410382373E1
1.652368395E1	-2.287570996E2	-1.345571967E1
1.654037454E1	-2.300076273E2	-1.234867510E1
1.655706513E1	-2.299301147E2	-1.098240384E1
1.657375572E1	-2.289342492E2	-8.693063181E0
1.659044631E1	-2.293091879E2	-6.927892839E0
1.660713690E1	-2.303095421E2	-5.917139256E0
1.662382749E1	-2.289842519E2	-4.589243594E0
1.664051808E1	-2.299409781E2	-4.455340004E0
1.665720867E1	-2.295623374E2	-3.711260842E0
1.667389926E1	-2.300009730E2	-2.799677029E0
1.669058985E1	-2.298886613E2	-1.919599040E0
1.670728044E1	-2.299085147E2	-1.143507601E0
1.672397103E1	-2.299182530E2	-3.898067011E-1
1.674066161E1	-2.298431576E2	3.689214671E-1
1.675735220E1	-2.309918629E2	4.825236359E-1
1.677404279E1	-2.298417304E2	1.190618640E0
1.679073338E1	-2.297611179E2	2.026317674E0
1.680742397E1	-2.292415320E2	2.808563357E0
1.682411456E1	-2.287506980E2	3.492224083E0
1.684080515E1	-2.288385040E2	4.322570718E0
1.685749574E1	-2.303466618E2	4.559312914E0
1.687418633E1	-2.294678229E2	5.269873236E0
1.689087692E1	-2.293365800E2	6.083450092E0
1.690756751E1	-2.310426660E2	6.271299510E0
1.692425810E1	-2.311547785E2	6.203838763E0
1.694094869E1	-2.310231863E2	6.950440140E0
1.695763928E1	-2.314347062E2	6.973974306E0
1.697432987E1	-2.305306210E2	7.692292959E0
1.699102046E1	-2.310897951E2	8.569696940E0
1.700771105E1	-2.311296450E2	9.375969118E0
1.702440164E1	-2.311863076E2	1.018849736E1
1.704109223E1	-2.316983844E2	1.103745622E1
1.705778282E1	-2.322118617E2	1.190825670E1
1.707447341E1	-2.327323246E2	1.267796757E1
1.709116400E1	-2.309379323E2	1.322299328E1
1.710785459E1	-2.310538746E2	1.414194076E1
1.712454518E1	-2.326834316E2	1.441828152E1
1.714123577E1	-2.306591288E2	1.491894456E1
1.715792636E1	-2.307526724E2	1.577051958E1
1.717461695E1	-2.309397790E2	1.656359261E1
1.719130754E1	-2.326921187E2	1.763379645E1
1.720799813E1	-2.311090540E2	1.901069097E1
1.722468872E1	-2.308497071E2	1.978216914E1
1.724137931E1	-2.320758004E2	1.992785458E1
1.725806990E1	-2.314303944E2	2.068760672E1
1.727476049E1	-2.319900180E2	2.156056564E1
1.729145108E1	-2.313438447E2	2.234358993E1
1.730814167E1	-2.302210119E2	2.300624835E1
1.732483226E1	-2.318044226E2	2.317160018E1
1.734152285E1	-2.314511013E2	2.393587963E1
1.735821344E1	-2.306066352E2	2.464021564E1
1.737490403E1	-2.321611603E2	2.489271881E1
1.739159462E1	-2.311748110E2	2.559932116E1
1.740828521E1	-2.312321767E2	2.559075353E1
1.742497580E1	-2.327768969E2	2.566524048E1
1.744166639E1	-2.321246863E2	2.559965033E1
1.745835698E1	-2.311182812E2	2.631779691E1
1.747504757E1	-2.306146996E2	2.716471350E1
1.749173816E1	-2.313066299E2	2.803094218E1
1.750842875E1	-2.305629381E2	2.948716079E1
1.752511934E1	-2.322534742E2	3.049692347E1
1.754180993E1	-2.331809476E2	3.138932522E1
1.755850052E1	-2.303882679E2	3.280791874E1
1.757519111E1	-2.295987664E2	3.438921520E1
1.759188170E1	-2.313301563E2	3.538292998E1
1.760857229E1	-2.303996649E2	3.765032431E1
1.762526288E1	-2.336646745E2	3.873291125E1
1.764195347E1	-2.322870919E2	4.103408356E1
1.765864406E1	-2.320577966E2	4.347522601E1
1.767533465E1	-2.317030332E2	4.672948166E1
1.769202524E1	-2.333841246E2	5.006654556E1
1.770871583E1	-2.327517494E2	5.403163112E1
1.772540642E1	-2.323036050E2	5.720040500E1
1.774209701E1	-2.330344300E2	5.973567510E1
1.775878760E1	-2.312576813E2	6.206246299E1
1.777547819E1	-2.316340962E2	6.374222069E1
1.779216878E1	-2.335436291E2	6.466272621E1
1.780885937E1	-2.326083969E2	6.536488318E1
1.782554995E1	-2.341560211E2	6.547846193E1
1.784224054E1	-2.321345961E2	6.617830428E1
1.785893113E1	-2.328289460E2	6.623474337E1
1.787562172E1	-2.313861716E2	6.691453484E1
1.789231231E1	-2.344688176E2	6.715166379E1
1.790900290E1	-2.318877900E2	6.775682438E1
1.792569349E1	-2.330252430E2	6.787832504E1
1.794238408E1	-2.330613641E2	6.787153814E1
1.795907467E1	-2.350231352E2	6.796571784E1
1.797576526E1	-2.347505126E2	6.790492288E1
1.799245585E1	-2.353660455E2	6.793550720E1
1.800914644E1	-2.336982951E2	6.784959398E1
1.802583703E1	-2.352457081E2	6.792081606E1
1.804252762E1	-2.349309348E2	6.790028765E1
1.805921821E1	-2.355623193E2	6.789951432E1
1.807590880E1	-2.374970713E2	6.797325450E1
1.809259939E1	-2.365189443E2	6.880448118E1
1.810928998E1	-2.346430846E2	6.944818238E1
1.812598057E1	-2.345766898E2	7.027277634E1
1.814267116E1	-2.354188859E2	7.111380452E1
1.815936175E1	-2.341592333E2	7.265831932E1
1.817605234E1	-2.365310172E2	7.443796042E1
1.819274293E1	-2.345669111E2	7.755964659E1
1.820943352E1	-2.358259320E2	8.005682203E1
1.822612411E1	-2.360583050E2	8.247080752E1
1.824281470E1	-2.375385525E2	8.498688105E1
1.825950529E1	-2.358557818E2	8.728988996E1
1.827619588E1	-2.363901350E2	8.897560965E1
1.829288647E1	-2.360648684E2	9.058928422E1
1.830957706E1	-2.345538279E2	9.212767342E1
1.832626765E1	-2.375954199E2	9.310589851E1
1.834295824E1	-2.378835384E2	9.390389579E1
1.835964883E1	-2.389622962E2	9.397757288E1
1.837633942E1	-2.376174003E2	9.467004826E1
1.839303001E1	-2.363987195E2	9.544435817E1
1.840972060E1	-2.373177498E2	9.549572034E1
1.842641119E1	-2.387793612E2	9.556403735E1
1.844310178E1	-2.370105421E2	9.626534943E1
1.845979237E1	-2.358169358E2	9.699878981E1
1.847648296E1	-2.364103340E2	9.709268194E1
1.849317355E1	-2.378689121E2	9.715628799E1
1.850986414E1	-2.357032220E2	9.784700967E1
1.852655473E1	-2.378223291E2	9.796278595E1
1.854324532E1	-2.389009111E2	9.801390005E1
1.855993591E1	-2.386056776E2	9.795909661E1
1.857662650E1	-2.368334938E2	9.870441267E1
1.859331709E1	-2.366847517E2	9.869672038E1
1.861000768E1	-2.388236006E2	9.880727035E1
1.862669827E1	-2.360943016E2	9.946283109E1
1.864338886E1	-2.368237041E2	9.951683967E1
1.866007945E1	-2.372491378E2	9.954890670E1
1.867677004E1	-2.391525105E2	9.959299286E1
1.869346063E1	-2.379816229E2	1.003571851E2
1.871015122E1	-2.377409666E2	1.011679561E2
1.872684181E1	-2.382185043E2	1.020303097E2
1.874353240E1	-2.389298186E2	1.036846569E2
1.876022299E1	-2.389954999E2	1.052841854E2
1.877691358E1	-2.386796936E2	1.076805501E2
1.879360417E1	-2.388879418E2	1.109390400E2
1.881029476E1	-2.378938585E2	1.141444681E2
1.882698535E1	-2.404363351E2	1.159072037E2
1.884367594E1	-2.392397432E2	1.182308953E2
1.886036653E1	-2.394376428E2	1.198566280E2
1.887705712E1	-2.411122842E2	1.215477665E2
1.889374771E1	-2.422528940E2	1.232327635E2
1.891043829E1	-2.416773169E2	1.239897511E2
1.892712888E1	-2.420399439E2	1.248079256E2
1.894381947E1	-2.418949653E2	1.255972166E2
1.896051006E1	-2.412632198E2	1.263817344E2
1.897720065E1	-2.411858819E2	1.271900257E2
1.899389124E1	-2.420594141E2	1.280319583E2
1.901058183E1	-2.420282360E2	1.288369421E2
1.902727242E1	-2.438283387E2	1.297299461E2
1.904396301E1	-2.419874992E2	1.312167169E2
1.906065360E1	-2.437965640E2	1.321380331E2
1.907734419E1	-2.408080628E2	1.335874333E2
1.909403478E1	-2.413280070E2	1.344917013E2
1.911072537E1	-2.423861220E2	1.353270981E2
1.912741596E1	-2.427789380E2	1.361532490E2
1.914410655E1	-2.412520624E2	1.376930636E2
1.916079714E1	-2.446424133E2	1.378224707E2
1.917748773E1	-2.447376448E2	1.386011411E2
1.919417832E1	-2.447132534E2	1.394452146E2
1.921086891E1	-2.421004686E2	1.409677162E2
1.922755950E1	-2.452146139E2	1.410763765E2
1.924425009E1	-2.435070158E2	1.418162611E2
1.926094068E1	-2.451845678E2	1.426832554E2
1.927763127E1	-2.443305757E2	1.442560111E2
1.929432186E1	-2.430422290E2	1.466537562E2
1.931101245E1	-2.447373138E2	1.483064077E2
1.932770304E1	-2.454316175E2	1.499695997E2
1.934439363E1	-2.450855621E2	1.515706001E2
1.936108422E1	-2.453021667E2	1.532088537E2
1.937777481E1	-2.472491876E2	1.548610726E2
1.939446540E1	-2.451154350E2	1.572246918E2
1.941115599E1	-2.458000110E2	1.596810856E2
1.942784658E1	-2.471186142E2	1.622010664E2
1.944453717E1	-2.479247825E2	1.646483354E2
1.946122776E1	-2.481698982E2	1.670174754E2
1.947791835E1	-2.489849042E2	1.694593762E2
1.949460894E1	-2.485511750E2	1.718848274E2
1.951129953E1	-2.467823500E2	1.742561295E2
1.952799012E1	-2.468869571E2	1.759191692E2
1.954468071E1	-2.492385219E2	1.776099779E2
1.956137130E1	-2.476026267E2	1.799791275E2
1.957806189E1	-2.484905836E2	1.824489073E2
1.959475248E1	-2.489767761E2	1.848760494E2
1.961144307E1	-2.480833945E2	1.872649646E2
1.962813366E1	-2.501984737E2	1.881767844E2
1.964482425E1	-2.484108596E2	1.888921277E2
1.966151484E1	-2.497586399E2	1.889329181E2
1.967820543E1	-2.506413687E2	1.889701740E2
1.969489602E1	-2.501412621E2	1.897881901E2
1.971158661E1	-2.496995909E2	1.905651907E2
1.972827720E1	-2.506095434E2	1.914004167E2
1.974496779E1	-2.513172080E2	1.922090822E2
1.976165838E1	-2.500361625E2	1.937998973E2
1.977834897E1	-2.506360026E2	1.954277396E2
1.979503956E1	-2.515956393E2	1.970822942E2
1.981173015E1	-2.524218807E2	1.987262617E2
1.982842074E1	-2.525613766E2	2.003666608E2
1.984511133E1	-2.509394264E2	2.019441555E2
1.986180192E1	-2.511627673E2	2.027822450E2
1.987849251E1	-2.520331057E2	2.044341331E2
1.989518310E1	-2.521718798E2	2.068117972E2
1.991187369E1	-2.515836191E2	2.084162466E2
1.992856428E1	-2.522428578E2	2.100476776E2
1.994525487E1	-2.510701480E2	2.116605621E2
1.996194546E1	-2.515498286E2	2.132929919E2
1.997863604E1	-2.518141616E2	2.149437027E2
1.999532663E1	-2.530362845E2	2.165768403E2
2.001201722E1	-2.532246349E2	2.182115868E2
2.002870781E1	-2.543055879E2	2.198926692E2
2.004539840E1	-2.539561833E2	2.214731349E2
2.006208899E1	-2.558742600E2	2.231592173E2
2.007877958E1	-2.561078625E2	2.255218561E2
2.009547017E1	-2.566049412E2	2.279882827E2
2.011216076E1	-2.560659859E2	2.304120626E2
2.012885135E1	-2.564718023E2	2.328439620E2
2.014554194E1	-2.554826294E2	2.352207069E2
2.016223253E1	-2.574707160E2	2.369511291E2
2.017892312E1	-2.570349127E2	2.393091476E2
2.019561371E1	-2.590136008E2	2.410198619E2
2.021230430E1	-2.576100628E2	2.434068906E2
2.022899489E1	-2.591238321E2	2.450721280E2
2.024568548E1	-2.596383258E2	2.466775182E2
2.026237607E1	-2.584411589E2	2.482824161E2
2.027906666E1	-2.596592250E2	2.490944149E2
2.029575725E1	-2.596934590E2	2.499050402E2
2.031244784E1	-2.606193966E2	2.515653896E2
2.032913843E1	-2.597067057E2	2.531448762E2
2.034582902E1	-2.610605645E2	2.539733857E2
2.036251961E1	-2.592193752E2	2.555846368E2
2.037921020E1	-2.587187962E2	2.571527593E2
2.039590079E1	-2.588954558E2	2.588037129E2
2.041259138E1	-2.613106484E2	2.596806540E2
2.042928197E1	-2.598978008E2	2.612555537E2
2.044597256E1	-2.622480286E2	2.621213951E2
2.046266315E1	-2.620356176E2	2.629073964E2
2.047935374E1	-2.622419010E2	2.637558534E2
2.049604433E1	-2.597883231E2	2.653072081E2
2.051273492E1	-2.610128017E2	2.661214392E2
2.052942551E1	-2.625847622E2	2.670339632E2
2.054611610E1	-2.620288011E2	2.677558720E2
2.056280669E1	-2.639151902E2	2.686494630E2
2.057949728E1	-2.615575593E2	2.701960894E2
2.059618787E1	-2.614972556E2	2.629149591E2
2.061287846E1	-2.626013997E2	2.637961128E2
2.062956905E1	-2.616914445E2	2.653741963E2
2.064625964E1	-2.602047499E2	2.669048108E2
2.066295023E1	-2.622353262E2	2.678033069E2
2.067964082E1	-2.632840447E2	2.694630217E2
2.069633141E1	-2.628460418E2	2.718225061E2
2.071302200E1	-2.630267281E2	2.734700303E2
2.072971259E1	-2.637614916E2	2.750954161E2
2.074640318E1	-2.643641151E2	2.767134557E2
2.076309377E1	-2.637645956E2	2.783276466E2
2.077978436E1	-2.646489243E2	2.791822084E2
