190-I_row-10_post-9_wire
t	x	y
3.541743165E1	-2.757182643E2	-4.669538088E1
3.543412224E1	-2.759621713E2	-4.573149970E1
3.545081283E1	-2.757934812E2	-4.368300043E1
3.546750342E1	-2.768710499E2	-3.928834191E1
3.548419401E1	-2.771818769E2	-3.370477308E1
3.550088460E1	-2.773856291E2	-2.927018327E1
3.551757519E1	-2.758282270E2	-2.562470400E1
3.553426578E1	-2.762424516E2	-2.217226142E1
3.555095637E1	-2.760270970E2	-1.827654032E1
3.556764696E1	-2.772525763E2	-1.413715313E1
3.558433755E1	-2.772583986E2	-9.629333608E0
3.560102814E1	-2.774589532E2	-3.863034533E0
3.561771873E1	-2.778326234E2	1.313331017E0
3.563440932E1	-2.772270507E2	6.868448487E0
3.565109991E1	-2.774520108E2	1.417223725E1
3.566779050E1	-2.779868998E2	2.233529155E1
3.568448109E1	-2.783462952E2	3.048775184E1
3.570117168E1	-2.793378591E2	3.884020004E1
3.571786227E1	-2.786540687E2	4.594643263E1
3.573455286E1	-2.779332985E2	5.140963907E1
3.575124345E1	-2.789921540E2	5.560945554E1
3.576793404E1	-2.792871910E2	5.964111165E1
3.578462463E1	-2.795720891E2	6.367249893E1
3.580131522E1	-2.812595984E2	6.726746571E1
3.581800581E1	-2.803630356E2	7.039846018E1
3.583469640E1	-2.793057228E2	7.260567294E1
3.585138699E1	-2.809965571E2	7.364174686E1
3.586807758E1	-2.821028596E2	7.453984825E1
3.588476817E1	-2.808338089E2	7.603151766E1
3.590145876E1	-2.809183529E2	7.771001568E1
3.591814935E1	-2.812610697E2	7.931506405E1
3.593483994E1	-2.812391947E2	8.088018929E1
3.595153053E1	-2.811723285E2	8.233553270E1
3.596822112E1	-2.821421225E2	8.413350760E1
3.598491171E1	-2.809701412E2	8.737834168E1
3.600160230E1	-2.810010702E2	9.066890676E1
3.601829289E1	-2.797998647E2	9.459754354E1
3.603498348E1	-2.826814565E2	9.636540538E1
3.605167407E1	-2.822352669E2	9.864148219E1
3.606836466E1	-2.835958248E2	1.011971977E2
3.608505525E1	-2.814182643E2	1.052043649E2
3.610174584E1	-2.818233302E2	1.093397141E2
3.611843643E1	-2.811007298E2	1.132809775E2
3.613512702E1	-2.843842099E2	1.158948342E2
3.615181761E1	-2.854074537E2	1.183099659E2
3.616850820E1	-2.846800948E2	1.207020261E2
3.618519878E1	-2.845523420E2	1.224322052E2
3.620188937E1	-2.824964779E2	1.263106484E2
3.621857996E1	-2.850827159E2	1.296795829E2
3.623527055E1	-2.861837339E2	1.337175512E2
3.625196114E1	-2.867109753E2	1.377547368E2
3.626865173E1	-2.860484925E2	1.409938233E2
3.628534232E1	-2.871178652E2	1.427103435E2
3.630203291E1	-2.871148380E2	1.443287732E2
3.631872350E1	-2.859386030E2	1.457876571E2
3.633541409E1	-2.872327269E2	1.467175782E2
3.635210468E1	-2.864677415E2	1.483113508E2
3.636879527E1	-2.859997674E2	1.499381713E2
3.638548586E1	-2.860476109E2	1.523528695E2
3.640217645E1	-2.876411008E2	1.556364423E2
3.641886704E1	-2.901492609E2	1.589899648E2
3.643555763E1	-2.891796941E2	1.629569405E2
3.645224822E1	-2.879455853E2	1.661733570E2
3.646893881E1	-2.887828806E2	1.687179484E2
3.648562940E1	-2.900099484E2	1.711706146E2
3.650231999E1	-2.922110224E2	1.736551150E2
3.651901058E1	-2.924674692E2	1.768100950E2
3.653570117E1	-2.933101345E2	1.801025761E2
3.655239176E1	-2.927681000E2	1.850141745E2
3.656908235E1	-2.923336074E2	1.882374685E2
3.658577294E1	-2.926891061E2	1.897858611E2
3.660246353E1	-2.940392374E2	1.913980712E2
3.661915412E1	-2.962032917E2	1.923420343E2
3.663584471E1	-2.937747478E2	1.954662980E2
3.665253530E1	-2.937701163E2	1.987800713E2
3.666922589E1	-2.929526729E2	2.027858336E2
3.668591648E1	-2.946904672E2	2.060769877E2
3.670260707E1	-2.973819092E2	2.101610575E2
3.671929766E1	-2.974817601E2	2.149962531E2
3.673598825E1	-2.981305369E2	2.190901908E2
3.675267884E1	-2.962865672E2	2.247250648E2
3.676936943E1	-2.970669432E2	2.295843884E2
3.678606002E1	-2.992096925E2	2.336664558E2
3.680275061E1	-2.994534620E2	2.377197859E2
3.681944120E1	-2.989240840E2	2.409304158E2
3.683613179E1	-2.976604117E2	2.441862188E2
3.685282238E1	-2.994132681E2	2.475213747E2
3.686951297E1	-2.995947662E2	2.507402600E2
3.688620356E1	-3.003211094E2	2.523295154E2
3.690289415E1	-3.007195900E2	2.539511315E2
3.691958474E1	-3.014610862E2	2.556273654E2
3.693627533E1	-2.993702259E2	2.588564721E2
3.695296592E1	-2.987650472E2	2.604593686E2
3.696965651E1	-3.022466305E2	2.605384916E2
3.698634710E1	-3.028360088E2	2.613878830E2
3.700303769E1	-3.024667937E2	2.621212689E2
3.701972828E1	-3.021523166E2	2.629297326E2
3.703641887E1	-3.008659645E2	2.637384274E2
3.705310946E1	-3.004073515E2	2.645465680E2
3.706980005E1	-3.008937678E2	2.653266338E2
3.708649064E1	-3.015386979E2	2.661488827E2
3.710318123E1	-3.018898752E2	2.605561291E2
3.711987182E1	-2.997156006E2	2.620262200E2
3.713656241E1	-3.009184314E2	2.629625802E2
3.715325300E1	-3.023532793E2	2.629803731E2
3.716994359E1	-3.029252076E2	2.630225306E2
3.718663418E1	-3.032799827E2	2.629888201E2
3.720332477E1	-3.032022617E2	2.637966066E2
3.722001536E1	-3.017644073E2	2.653815182E2
3.723670595E1	-3.033490591E2	2.654093891E2
3.725339654E1	-3.025488492E2	2.661661155E2
3.727008712E1	-3.034278694E2	2.662049584E2
3.728677771E1	-3.038052081E2	2.662011389E2
3.730346830E1	-3.023005392E2	2.677916124E2
3.732015889E1	-3.025928835E2	2.694487991E2
3.733684948E1	-3.046456699E2	2.718987752E2
3.735354007E1	-3.049791961E2	2.743293313E2
3.737023066E1	-3.041633817E2	2.759227204E2
3.738692125E1	-3.041197610E2	2.775255631E2
3.740361184E1	-3.039800463E2	2.799706240E2
3.742030243E1	-3.052570018E2	2.816998936E2
