190-I_row-10_post-7_ref
t	x	y
1.558901092E1	1.476156719E2	-1.973035958E1
1.560570151E1	1.475073175E2	-1.841795546E1
1.562239210E1	1.475779242E2	-1.738067630E1
1.563908269E1	1.475140737E2	-1.686873679E1
1.565577328E1	1.475705383E2	-1.580500831E1
1.567246386E1	1.476314657E2	-1.554051179E1
1.568915445E1	1.475604802E2	-1.499736582E1
1.570584504E1	1.474905079E2	-1.485967466E1
1.572253563E1	1.475292658E2	-1.477370713E1
1.573922622E1	1.475404063E2	-1.467541802E1
1.575591681E1	1.475195895E2	-1.418614272E1
1.577260740E1	1.475316410E2	-1.397194557E1
1.578929799E1	1.475732570E2	-1.396970352E1
1.580598858E1	1.475865646E2	-1.379975747E1
1.582267917E1	1.475475672E2	-1.337614650E1
1.583936976E1	1.475783029E2	-1.323039237E1
1.585606035E1	1.475912845E2	-1.244403104E1
1.587275094E1	1.475188635E2	-1.216473221E1
1.588944153E1	1.475941003E2	-1.154288108E1
1.590613212E1	1.474966401E2	-1.083316685E1
1.592282271E1	1.476174448E2	-1.064434637E1
1.593951330E1	1.475428993E2	-1.008126453E1
1.595620389E1	1.474025520E2	-9.415808726E0
1.597289448E1	1.475514530E2	-8.717908593E0
1.598958507E1	1.473655919E2	-7.662828972E0
1.600627566E1	1.475113140E2	-7.036444820E0
1.602296625E1	1.475332300E2	-5.944575096E0
1.603965684E1	1.474368957E2	-5.104730170E0
1.605634743E1	1.474776270E2	-4.549687350E0
1.607303802E1	1.474869546E2	-4.152411592E0
1.608972861E1	1.475251075E2	-3.636872149E0
1.610641920E1	1.473778461E2	-3.411127382E0
1.612310979E1	1.473367161E2	-2.830283847E0
1.613980038E1	1.474712261E2	-2.574356550E0
1.615649097E1	1.474372595E2	-1.835136232E0
1.617318156E1	1.474949618E2	-9.674481319E-1
1.618987215E1	1.474493662E2	-1.090112085E-1
1.620656274E1	1.472958282E2	5.540233993E-1
1.622325333E1	1.473725806E2	1.330020497E0
1.623994392E1	1.474202884E2	2.284411234E0
1.625663451E1	1.474849729E2	2.981550325E0
1.627332510E1	1.473522169E2	3.704161456E0
1.629001569E1	1.476439866E2	4.173917706E0
1.630670628E1	1.475400826E2	4.724767682E0
1.632339687E1	1.473718062E2	6.012616135E0
1.634008746E1	1.473241659E2	7.974065335E0
1.635677805E1	1.474516359E2	1.016830199E1
1.637346864E1	1.473026407E2	1.197364917E1
1.639015923E1	1.473757883E2	1.355334204E1
1.640684982E1	1.473741162E2	1.515897675E1
1.642354041E1	1.470017952E2	1.669460267E1
1.644023100E1	1.470293718E2	1.774446998E1
1.645692159E1	1.468268261E2	1.847378935E1
1.647361218E1	1.468504386E2	1.946221683E1
1.649030277E1	1.467666949E2	2.088354452E1
1.650699336E1	1.467662523E2	2.169070263E1
1.652368395E1	1.467091589E2	2.225098393E1
1.654037454E1	1.468514081E2	2.350080124E1
1.655706513E1	1.467230246E2	2.496732491E1
1.657375572E1	1.468219907E2	2.735553427E1
1.659044631E1	1.465836699E2	2.913787443E1
1.660713690E1	1.465635980E2	3.051155655E1
1.662382749E1	1.465327929E2	3.152565750E1
1.664051808E1	1.465069341E2	3.209754243E1
1.665720867E1	1.466588823E2	3.266488325E1
1.667389926E1	1.465693214E2	3.385132849E1
1.669058985E1	1.465672113E2	3.477038551E1
1.670728044E1	1.465204481E2	3.557585804E1
1.672397103E1	1.465626984E2	3.632247070E1
1.674066161E1	1.466446307E2	3.711885247E1
1.675735220E1	1.467725011E2	3.743260915E1
1.677404279E1	1.467267278E2	3.795110870E1
1.679073338E1	1.465526239E2	3.885733485E1
1.680742397E1	1.467326285E2	3.960342481E1
1.682411456E1	1.466893782E2	4.036925345E1
1.684080515E1	1.467055443E2	4.121012913E1
1.685749574E1	1.466649441E2	4.183629252E1
1.687418633E1	1.466154210E2	4.245394325E1
1.689087692E1	1.466395342E2	4.335688744E1
1.690756751E1	1.466524715E2	4.370867354E1
1.692425810E1	1.468390776E2	4.378287914E1
1.694094869E1	1.466943995E2	4.447450448E1
1.695763928E1	1.466541068E2	4.452293324E1
1.697432987E1	1.467077791E2	4.526557344E1
1.699102046E1	1.467239810E2	4.622848337E1
1.700771105E1	1.467602462E2	4.709890805E1
1.702440164E1	1.467154408E2	4.791295382E1
1.704109223E1	1.462661151E2	4.913275437E1
1.705778282E1	1.461673690E2	5.013802048E1
1.707447341E1	1.460818375E2	5.097376808E1
1.709116400E1	1.462120455E2	5.125621988E1
1.710785459E1	1.460836615E2	5.235240903E1
1.712454518E1	1.460948694E2	5.281409208E1
1.714123577E1	1.460756586E2	5.328172290E1
1.715792636E1	1.459432555E2	5.411993502E1
1.717461695E1	1.457836262E2	5.490002994E1
1.719130754E1	1.459255446E2	5.634840092E1
1.720799813E1	1.459269429E2	5.756737157E1
1.722468872E1	1.459212153E2	5.831681330E1
1.724137931E1	1.459044791E2	5.859803317E1
1.725806990E1	1.458790566E2	5.917376777E1
1.727476049E1	1.454622425E2	6.053764149E1
1.729145108E1	1.454715179E2	6.134304580E1
1.730814167E1	1.456508180E2	6.163228911E1
1.732483226E1	1.456995909E2	6.209818727E1
1.734152285E1	1.458704870E2	6.270893496E1
1.735821344E1	1.457187633E2	6.320007292E1
1.737490403E1	1.458116381E2	6.379518066E1
1.739159462E1	1.458209918E2	6.455236475E1
1.740828521E1	1.458424174E2	6.462747658E1
1.742497580E1	1.458319427E2	6.483482571E1
1.744166639E1	1.459199192E2	6.477206871E1
1.745835698E1	1.459258888E2	6.536878152E1
1.747504757E1	1.458545918E2	6.609005318E1
1.749173816E1	1.458985490E2	6.721292603E1
1.750842875E1	1.456086248E2	6.858181524E1
1.752511934E1	1.459069972E2	6.993922449E1
1.754180993E1	1.457488146E2	7.110518154E1
1.755850052E1	1.459576881E2	7.222202473E1
1.757519111E1	1.453969551E2	7.383400604E1
1.759188170E1	1.453151485E2	7.529896381E1
1.760857229E1	1.452652735E2	7.751748000E1
1.762526288E1	1.451252281E2	7.916337900E1
1.764195347E1	1.452311165E2	8.130144009E1
1.765864406E1	1.451302235E2	8.377127491E1
1.767533465E1	1.450086814E2	8.738995930E1
1.769202524E1	1.447681462E2	9.156067478E1
1.770871583E1	1.445092704E2	9.565016941E1
1.772540642E1	1.441380747E2	9.880457672E1
1.774209701E1	1.443144196E2	1.015883708E2
1.775878760E1	1.443391681E2	1.038505943E2
1.777547819E1	1.441946277E2	1.055199542E2
1.779216878E1	1.441671297E2	1.069424176E2
1.780885937E1	1.441522699E2	1.076440265E2
1.782554995E1	1.441060144E2	1.078962312E2
1.784224054E1	1.441910396E2	1.085271628E2
1.785893113E1	1.443245798E2	1.086716932E2
1.787562172E1	1.442102629E2	1.089337165E2
1.789231231E1	1.442279624E2	1.096226375E2
1.790900290E1	1.440162360E2	1.099391890E2
1.792569349E1	1.443246447E2	1.103410960E2
1.794238408E1	1.443003376E2	1.103114784E2
1.795907467E1	1.444332076E2	1.106623992E2
1.797576526E1	1.443444919E2	1.104562121E2
1.799245585E1	1.444537900E2	1.106520419E2
1.800914644E1	1.441726277E2	1.102615436E2
1.802583703E1	1.443047604E2	1.105978085E2
1.804252762E1	1.443303956E2	1.104678363E2
1.805921821E1	1.443527180E2	1.104383361E2
1.807590880E1	1.442280724E2	1.107729528E2
1.809259939E1	1.443432045E2	1.117634742E2
1.810928998E1	1.443349208E2	1.120226232E2
1.812598057E1	1.443792057E2	1.130085569E2
1.814267116E1	1.442858148E2	1.139199693E2
1.815936175E1	1.442338686E2	1.152694139E2
1.817605234E1	1.441778314E2	1.175997900E2
1.819274293E1	1.437481859E2	1.207576910E2
1.820943352E1	1.437864170E2	1.236804395E2
1.822612411E1	1.435305523E2	1.262183443E2
1.824281470E1	1.436210654E2	1.291278510E2
1.825950529E1	1.434571859E2	1.313873360E2
1.827619588E1	1.433233434E2	1.331502180E2
1.829288647E1	1.433985493E2	1.348705631E2
1.830957706E1	1.430487034E2	1.363861398E2
1.832626765E1	1.429178326E2	1.379457641E2
1.834295824E1	1.427467969E2	1.387827394E2
1.835964883E1	1.428864543E2	1.390076675E2
1.837633942E1	1.428178256E2	1.395652286E2
1.839303001E1	1.426747658E2	1.401440275E2
1.840972060E1	1.427309463E2	1.403802698E2
1.842641119E1	1.427424475E2	1.408354872E2
1.844310178E1	1.426889683E2	1.412894297E2
1.845979237E1	1.426436967E2	1.419374818E2
1.847648296E1	1.426745266E2	1.420350661E2
1.849317355E1	1.427253367E2	1.426180182E2
1.850986414E1	1.426268311E2	1.428276896E2
1.852655473E1	1.427541733E2	1.430714749E2
1.854324532E1	1.426604413E2	1.433258131E2
1.855993591E1	1.426654914E2	1.434874920E2
1.857662650E1	1.427630252E2	1.438061601E2
1.859331709E1	1.428300218E2	1.438365415E2
1.861000768E1	1.426673284E2	1.443237652E2
1.862669827E1	1.426600534E2	1.445038763E2
1.864338886E1	1.426797152E2	1.445160232E2
1.866007945E1	1.426974319E2	1.447023639E2
1.867677004E1	1.425102557E2	1.450651656E2
1.869346063E1	1.426491687E2	1.454880048E2
1.871015122E1	1.426445621E2	1.462006606E2
1.872684181E1	1.425702668E2	1.474808551E2
1.874353240E1	1.425430591E2	1.492808138E2
1.876022299E1	1.425958877E2	1.511380465E2
1.877691358E1	1.425297974E2	1.536256393E2
1.879360417E1	1.420924859E2	1.573197391E2
1.881029476E1	1.419458036E2	1.606974866E2
1.882698535E1	1.418690874E2	1.630335210E2
1.884367594E1	1.415555789E2	1.651693223E2
1.886036653E1	1.418310717E2	1.671278305E2
1.887705712E1	1.417943521E2	1.693719297E2
1.889374771E1	1.415978372E2	1.712559926E2
1.891043829E1	1.418476754E2	1.721670902E2
1.892712888E1	1.417737889E2	1.730237719E2
1.894381947E1	1.417900412E2	1.739776209E2
1.896051006E1	1.417828737E2	1.745875522E2
1.897720065E1	1.418439104E2	1.753252927E2
1.899389124E1	1.418028948E2	1.763447868E2
1.901058183E1	1.418097566E2	1.770935609E2
1.902727242E1	1.417462519E2	1.785096754E2
1.904396301E1	1.413871697E2	1.797412749E2
1.906065360E1	1.416956175E2	1.811212773E2
1.907734419E1	1.414769831E2	1.825032694E2
1.909403478E1	1.413808199E2	1.835132988E2
1.911072537E1	1.412659961E2	1.844976564E2
1.912741596E1	1.412284344E2	1.853763120E2
1.914410655E1	1.410707397E2	1.866519622E2
1.916079714E1	1.409880374E2	1.873317719E2
1.917748773E1	1.410105375E2	1.882656816E2
1.919417832E1	1.411248630E2	1.891575826E2
1.921086891E1	1.410176799E2	1.904942298E2
1.922755950E1	1.408532505E2	1.913165141E2
1.924425009E1	1.410922769E2	1.919318084E2
1.926094068E1	1.410123735E2	1.931319817E2
1.927763127E1	1.408367557E2	1.946176930E2
1.929432186E1	1.409861735E2	1.968651683E2
1.931101245E1	1.409324903E2	1.989592606E2
1.932770304E1	1.404674351E2	2.009228129E2
1.934439363E1	1.404595378E2	2.029143015E2
1.936108422E1	1.404689476E2	2.047067502E2
1.937777481E1	1.402875426E2	2.069412122E2
1.939446540E1	1.402338155E2	2.089149806E2
1.941115599E1	1.401061963E2	2.117833040E2
1.942784658E1	1.400875341E2	2.148077783E2
1.944453717E1	1.399116736E2	2.175760720E2
1.946122776E1	1.397943473E2	2.203115495E2
1.947791835E1	1.395197884E2	2.229025689E2
1.949460894E1	1.394785695E2	2.255168108E2
1.951129953E1	1.394736094E2	2.279747198E2
1.952799012E1	1.394541748E2	2.297854811E2
1.954468071E1	1.393131072E2	2.321998077E2
1.956137130E1	1.392582768E2	2.345668367E2
1.957806189E1	1.393072047E2	2.372462077E2
1.959475248E1	1.389317527E2	2.401849492E2
1.961144307E1	1.387974668E2	2.423560112E2
1.962813366E1	1.386975579E2	2.436461553E2
1.964482425E1	1.386593450E2	2.440546008E2
1.966151484E1	1.385988076E2	2.443913076E2
1.967820543E1	1.387154298E2	2.447905674E2
1.969489602E1	1.386804915E2	2.455713867E2
1.971158661E1	1.386810881E2	2.462344621E2
1.972827720E1	1.385718457E2	2.474250522E2
1.974496779E1	1.383268807E2	2.483023725E2
1.976165838E1	1.384541709E2	2.497657439E2
1.977834897E1	1.385195470E2	2.516498223E2
1.979503956E1	1.385271126E2	2.535285593E2
1.981173015E1	1.384110362E2	2.555508937E2
1.982842074E1	1.385707476E2	2.574326119E2
1.984511133E1	1.385921013E2	2.589903416E2
1.986180192E1	1.385387073E2	2.599446927E2
1.987849251E1	1.381985893E2	2.621268315E2
1.989518310E1	1.379496795E2	2.646722739E2
1.991187369E1	1.378594235E2	2.662149071E2
1.992856428E1	1.378930615E2	2.679807333E2
1.994525487E1	1.378857105E2	2.695638169E2
1.996194546E1	1.378716504E2	2.713894373E2
1.997863604E1	1.376699877E2	2.730627729E2
1.999532663E1	1.377699802E2	2.752770045E2
2.001201722E1	1.376796589E2	2.770794465E2
2.002870781E1	1.376042679E2	2.791658408E2
2.004539840E1	1.377374675E2	2.809522858E2
2.006208899E1	1.374068344E2	2.832854198E2
2.007877958E1	1.369967646E2	2.857348542E2
2.009547017E1	1.371408009E2	2.885178046E2
2.011216076E1	1.369946913E2	2.909014149E2
2.012885135E1	1.368915720E2	2.938148217E2
2.014554194E1	1.366056202E2	2.963800952E2
2.016223253E1	1.365914475E2	2.988557810E2
2.017892312E1	1.363568841E2	3.013393605E2
2.019561371E1	1.362290280E2	3.036617456E2
2.021230430E1	1.361466171E2	3.059049291E2
2.022899489E1	1.360148433E2	3.079508137E2
2.024568548E1	1.360918023E2	3.100104617E2
2.026237607E1	1.362022589E2	3.114255821E2
2.027906666E1	1.359192959E2	3.126060915E2
2.029575725E1	1.360348487E2	3.135247958E2
2.031244784E1	1.360644742E2	3.157310085E2
2.032913843E1	1.358516183E2	3.173013644E2
2.034582902E1	1.361018321E2	3.186158357E2
2.036251961E1	1.361601993E2	3.199464885E2
2.037921020E1	1.360856110E2	3.214914556E2
2.039590079E1	1.360488205E2	3.231754114E2
2.041259138E1	1.359748214E2	3.247672639E2
2.042928197E1	1.355239679E2	3.262756850E2
2.044597256E1	1.354994239E2	3.279488632E2
2.046266315E1	1.354559304E2	3.288340786E2
2.047935374E1	1.355244243E2	3.298630368E2
2.049604433E1	1.354229413E2	3.311071097E2
2.051273492E1	1.353484658E2	3.321920045E2
2.052942551E1	1.353152754E2	3.335598879E2
2.054611610E1	1.353090879E2	3.342901683E2
2.056280669E1	1.354464504E2	3.356882359E2
2.057949728E1	1.353170224E2	3.369167223E2
2.059618787E1	1.350763916E2	3.384378549E2
2.061287846E1	1.352373416E2	3.401945976E2
2.062956905E1	1.353318178E2	3.420831786E2
2.064625964E1	1.353277564E2	3.443242857E2
2.066295023E1	1.351552413E2	3.469233580E2
2.067964082E1	1.351146181E2	3.501349920E2
2.069633141E1	1.347661433E2	3.534693997E2
2.071302200E1	1.348431478E2	3.565169911E2
2.072971259E1	1.345858311E2	3.593107369E2
2.074640318E1	1.342829794E2	3.622127338E2
2.076309377E1	1.342525724E2	3.654839819E2
2.077978436E1	1.340960567E2	3.689686813E2
2.079647495E1	1.338944639E2	3.726383120E2
2.081316554E1	1.338087171E2	3.756948280E2
2.082985613E1	1.336936185E2	3.785334326E2
2.084654672E1	1.337897320E2	3.813179315E2
2.086323731E1	1.335821873E2	3.829993997E2
2.087992790E1	1.337261748E2	3.852745782E2
2.089661849E1	1.336608753E2	3.880124062E2
2.091330908E1	1.337053847E2	3.915637457E2
2.092999967E1	1.332900725E2	3.953293816E2
2.094669026E1	1.329971268E2	3.990621517E2
2.096338085E1	1.329396473E2	4.022477405E2
2.098007144E1	1.329469378E2	4.061676925E2
2.099676203E1	1.328839537E2	4.094930920E2
2.101345262E1	1.326423535E2	4.127444128E2
2.103014321E1	1.325935842E2	4.150205940E2
2.104683380E1	1.327744339E2	4.167145239E2
2.106352438E1	1.323594094E2	4.181942106E2
2.108021497E1	1.324862085E2	4.192427723E2
2.109690556E1	1.324477603E2	4.207151350E2
2.111359615E1	1.321904226E2	4.213592368E2
2.113028674E1	1.322629979E2	4.218127351E2
2.114697733E1	1.322265372E2	4.216473800E2
2.116366792E1	1.322142631E2	4.217181221E2
2.118035851E1	1.321832464E2	4.216696224E2
2.119704910E1	1.322142438E2	4.215520133E2
2.121373969E1	1.322388784E2	4.216240048E2
2.123043028E1	1.321708579E2	4.216814712E2
2.124712087E1	1.321848505E2	4.215926716E2
2.126381146E1	1.321567551E2	4.218005241E2
2.128050205E1	1.321577162E2	4.216597807E2
2.129719264E1	1.323012010E2	4.219326438E2
2.131388323E1	1.321556756E2	4.216133140E2
2.133057382E1	1.321650223E2	4.216702743E2
