194-U_row-1_post-16_ref
t	x	y
1.096050870E1	3.595327036E2	8.127219349E0
1.097724230E1	3.595200548E2	8.212920692E0
1.099397590E1	3.594977115E2	8.240345572E0
1.101070950E1	3.595339316E2	8.292980676E0
1.102744311E1	3.593888946E2	8.631890432E0
1.104417671E1	3.593924338E2	8.958926169E0
1.106091031E1	3.594838729E2	9.551612815E0
1.107764391E1	3.596089283E2	9.660302906E0
1.109437751E1	3.595275672E2	1.039116711E1
1.111111111E1	3.595069755E2	1.115084955E1
1.112784471E1	3.595212809E2	1.191455692E1
1.114457831E1	3.594857487E2	1.329141266E1
1.116131191E1	3.596184604E2	1.506755676E1
1.117804552E1	3.595921823E2	1.824353612E1
1.119477912E1	3.594743969E2	2.128192662E1
1.121151272E1	3.594052706E2	2.514242138E1
1.122824632E1	3.591777586E2	2.886634476E1
1.124497992E1	3.593052371E2	3.122710700E1
1.126171352E1	3.592408150E2	3.312753936E1
1.127844712E1	3.594281054E2	3.506487893E1
1.129518072E1	3.593556404E2	3.685411722E1
1.131191432E1	3.594952869E2	3.988463849E1
1.132864793E1	3.594933328E2	4.244660287E1
1.134538153E1	3.593761706E2	4.584933422E1
1.136211513E1	3.591100413E2	4.925191719E1
1.137884873E1	3.591099363E2	5.326504704E1
1.139558233E1	3.588314654E2	5.760911328E1
1.141231593E1	3.587511361E2	6.138852998E1
1.142904953E1	3.587214327E2	6.388565181E1
1.144578313E1	3.587699532E2	6.619471337E1
1.146251673E1	3.587507639E2	6.817243856E1
1.147925033E1	3.587250746E2	7.066437755E1
1.149598394E1	3.587260486E2	7.252610723E1
1.151271754E1	3.584803935E2	7.448408298E1
1.152945114E1	3.586367381E2	7.545200026E1
1.154618474E1	3.587253151E2	7.645023740E1
1.156291834E1	3.588067684E2	7.755983639E1
1.157965194E1	3.585553317E2	7.918129106E1
1.159638554E1	3.588050085E2	8.116985655E1
1.161311914E1	3.585917733E2	8.334106374E1
1.162985274E1	3.586382583E2	8.485364096E1
1.164658635E1	3.585098755E2	8.617399105E1
1.166331995E1	3.586656519E2	8.713574577E1
1.168005355E1	3.587125133E2	8.859947792E1
1.169678715E1	3.585716303E2	8.947330197E1
1.171352075E1	3.584445691E2	9.047000250E1
1.173025435E1	3.586823943E2	9.169986884E1
1.174698795E1	3.587669227E2	9.319646965E1
1.176372155E1	3.586980612E2	9.538512647E1
1.178045515E1	3.585169492E2	1.004312575E2
1.179718876E1	3.586192285E2	1.055264740E2
1.181392236E1	3.585886528E2	1.097167189E2
