194-U_row-1_post-5_ref
t	x	y
2.564529836E1	1.626746433E3	-3.063214131E2
2.566196197E1	1.626916906E3	-3.039375132E2
2.567862559E1	1.627217008E3	-3.010760474E2
2.569528920E1	1.626857243E3	-2.991332575E2
2.571195281E1	1.626752647E3	-2.963833962E2
2.572861642E1	1.626804674E3	-2.945210238E2
2.574528003E1	1.626809093E3	-2.938397760E2
2.576194364E1	1.626862114E3	-2.936804469E2
2.577860726E1	1.626977775E3	-2.937558868E2
2.579527087E1	1.626765994E3	-2.934703781E2
2.581193448E1	1.626813834E3	-2.934734954E2
2.582859809E1	1.626758988E3	-2.924151769E2
2.584526170E1	1.626839163E3	-2.914902251E2
2.586192531E1	1.626782748E3	-2.907047458E2
2.587858893E1	1.626739748E3	-2.905070131E2
2.589525254E1	1.626849332E3	-2.902796066E2
2.591191615E1	1.626595225E3	-2.899183792E2
2.592857976E1	1.626763552E3	-2.893313449E2
2.594524337E1	1.626720595E3	-2.889541997E2
2.596190698E1	1.626721360E3	-2.886481536E2
2.597857060E1	1.626769854E3	-2.883468450E2
2.599523421E1	1.626729568E3	-2.883322769E2
2.601189782E1	1.626795533E3	-2.883584696E2
2.602856143E1	1.626778728E3	-2.882254901E2
2.604522504E1	1.626772902E3	-2.883911329E2
2.606188865E1	1.626826410E3	-2.885029471E2
2.607855227E1	1.626839358E3	-2.883813929E2
2.609521588E1	1.626687949E3	-2.875466184E2
2.611187949E1	1.626821750E3	-2.865936040E2
2.612854310E1	1.626662403E3	-2.854826345E2
2.614520671E1	1.626732494E3	-2.852110576E2
2.616187032E1	1.626754891E3	-2.845131980E2
2.617853394E1	1.626719749E3	-2.842956880E2
2.619519755E1	1.626809400E3	-2.831877411E2
2.621186116E1	1.626777082E3	-2.820124361E2
2.622852477E1	1.626789488E3	-2.805282287E2
2.624518838E1	1.626891253E3	-2.795254539E2
2.626185199E1	1.626855791E3	-2.781249031E2
2.627851561E1	1.626779597E3	-2.764032973E2
2.629517922E1	1.626762388E3	-2.743227239E2
2.631184283E1	1.626724917E3	-2.721324325E2
2.632850644E1	1.626793978E3	-2.697489396E2
2.634517005E1	1.626809767E3	-2.672541614E2
2.636183366E1	1.626695880E3	-2.649022373E2
2.637849728E1	1.626770309E3	-2.628390337E2
2.639516089E1	1.626845078E3	-2.616458922E2
2.641182450E1	1.626705051E3	-2.600544654E2
2.642848811E1	1.627045002E3	-2.582164322E2
2.644515172E1	1.626794760E3	-2.556479758E2
2.646181533E1	1.626763959E3	-2.532467978E2
2.647847895E1	1.626773723E3	-2.511570608E2
2.649514256E1	1.626746551E3	-2.491987033E2
2.651180617E1	1.626675448E3	-2.470509480E2
2.652846978E1	1.626753412E3	-2.453878472E2
2.654513339E1	1.626733606E3	-2.443431763E2
2.656179700E1	1.626833337E3	-2.437954762E2
2.657846062E1	1.626829565E3	-2.428927878E2
2.659512423E1	1.626850308E3	-2.425613211E2
2.661178784E1	1.626857304E3	-2.419243845E2
2.662845145E1	1.626766156E3	-2.421158300E2
2.664511506E1	1.626760450E3	-2.415885216E2
2.666177867E1	1.626882121E3	-2.416342547E2
2.667844229E1	1.626899677E3	-2.412225445E2
2.669510590E1	1.626869450E3	-2.405032312E2
2.671176951E1	1.626861438E3	-2.395743070E2
2.672843312E1	1.626783556E3	-2.382305554E2
2.674509673E1	1.626782426E3	-2.375092552E2
2.676176034E1	1.626702240E3	-2.368296630E2
2.677842396E1	1.626896714E3	-2.366002081E2
2.679508757E1	1.626706138E3	-2.352083925E2
2.681175118E1	1.626943684E3	-2.331162229E2
2.682841479E1	1.626706813E3	-2.305651936E2
2.684507840E1	1.626844836E3	-2.284746537E2
2.686174201E1	1.626701618E3	-2.266703428E2
2.687840563E1	1.626898115E3	-2.237802420E2
2.689506924E1	1.626764131E3	-2.211587660E2
2.691173285E1	1.626791521E3	-2.177996716E2
2.692839646E1	1.626861051E3	-2.136583622E2
2.694506007E1	1.626820290E3	-2.086549072E2
2.696172368E1	1.626774363E3	-2.047626541E2
2.697838730E1	1.626790563E3	-2.023434035E2
2.699505091E1	1.626845424E3	-2.000843698E2
2.701171452E1	1.626881594E3	-1.979321072E2
2.702837813E1	1.626769727E3	-1.951994725E2
2.704504174E1	1.626943225E3	-1.917413762E2
2.706170535E1	1.626951141E3	-1.876399243E2
2.707836897E1	1.626896419E3	-1.819398328E2
2.709503258E1	1.626741378E3	-1.765419999E2
2.711169619E1	1.626857212E3	-1.720043924E2
2.712835980E1	1.626919717E3	-1.678255743E2
2.714502341E1	1.626757942E3	-1.630552108E2
2.716168702E1	1.626829809E3	-1.584744559E2
2.717835064E1	1.626830232E3	-1.545700204E2
2.719501425E1	1.626808033E3	-1.513792887E2
2.721167786E1	1.626885266E3	-1.493243571E2
2.722834147E1	1.626764389E3	-1.473871703E2
2.724500508E1	1.626732643E3	-1.442994455E2
2.726166869E1	1.626789005E3	-1.412426687E2
2.727833231E1	1.626841909E3	-1.380931585E2
2.729499592E1	1.626782263E3	-1.353544802E2
2.731165953E1	1.627086085E3	-1.328242644E2
2.732832314E1	1.626832572E3	-1.274221005E2
2.734498675E1	1.626873316E3	-1.204087975E2
2.736165036E1	1.626834021E3	-1.141938283E2
2.737831398E1	1.626881176E3	-1.068562021E2
2.739497759E1	1.626989534E3	-9.776101148E1
2.741164120E1	1.626903308E3	-8.492906732E1
2.742830481E1	1.626811415E3	-6.567925539E1
2.744496842E1	1.626919533E3	-4.269674112E1
2.746163203E1	1.626769139E3	-2.262224921E1
2.747829565E1	1.626837382E3	-8.349945953E0
2.749495926E1	1.626895657E3	3.027654030E0
2.751162287E1	1.626801204E3	1.430160719E1
2.752828648E1	1.626757955E3	2.601289860E1
2.754495009E1	1.626786156E3	3.761880024E1
2.756161370E1	1.626765168E3	4.763751353E1
2.757827732E1	1.626854320E3	5.631994171E1
2.759494093E1	1.626725528E3	6.480315420E1
2.761160454E1	1.626705031E3	7.343228352E1
2.762826815E1	1.626698741E3	8.306413093E1
2.764493176E1	1.626635264E3	9.207071768E1
