194-U_row-1_post-5_wire
t	x	y
2.564529836E1	1.606976070E3	-6.895902027E2
2.566196197E1	1.606942718E3	-6.880151751E2
2.567862559E1	1.607554629E3	-6.860974267E2
2.569528920E1	1.607942536E3	-6.845792514E2
2.571195281E1	1.607548129E3	-6.826895651E2
2.572861642E1	1.607056318E3	-6.816458117E2
2.574528003E1	1.606386900E3	-6.810548732E2
2.576194364E1	1.606430572E3	-6.809811445E2
2.577860726E1	1.607715740E3	-6.809190486E2
2.579527087E1	1.607847374E3	-6.808098351E2
2.581193448E1	1.607617045E3	-6.803907850E2
2.582859809E1	1.606698539E3	-6.798126464E2
2.584526170E1	1.606431323E3	-6.790089536E2
2.586192531E1	1.606872487E3	-6.786152442E2
2.587858893E1	1.607576786E3	-6.784674324E2
2.589525254E1	1.607656652E3	-6.784639649E2
2.591191615E1	1.607076722E3	-6.780794974E2
2.592857976E1	1.606717532E3	-6.775972286E2
2.594524337E1	1.606930838E3	-6.776693314E2
2.596190698E1	1.607169731E3	-6.773375966E2
2.597857060E1	1.607652521E3	-6.772644693E2
2.599523421E1	1.607033737E3	-6.769566725E2
2.601189782E1	1.606992461E3	-6.770080733E2
2.602856143E1	1.607099145E3	-6.771859672E2
2.604522504E1	1.607332602E3	-6.771353685E2
2.606188865E1	1.607324560E3	-6.771707402E2
2.607855227E1	1.607164911E3	-6.769801341E2
2.609521588E1	1.606954834E3	-6.763834377E2
2.611187949E1	1.607051228E3	-6.755799237E2
2.612854310E1	1.606851039E3	-6.755741710E2
2.614520671E1	1.606897505E3	-6.753023894E2
2.616187032E1	1.606905728E3	-6.746666913E2
2.617853394E1	1.607034572E3	-6.739429534E2
2.619519755E1	1.607198393E3	-6.734653499E2
2.621186116E1	1.607054656E3	-6.728491180E2
2.622852477E1	1.606686982E3	-6.723948193E2
2.624518838E1	1.606505383E3	-6.711574775E2
2.626185199E1	1.606433613E3	-6.698842225E2
2.627851561E1	1.606997512E3	-6.691563260E2
2.629517922E1	1.606979329E3	-6.679919431E2
2.631184283E1	1.606988561E3	-6.668452197E2
2.632850644E1	1.606127838E3	-6.653714853E2
2.634517005E1	1.605645832E3	-6.636785184E2
2.636183366E1	1.606156828E3	-6.622378880E2
2.637849728E1	1.607132281E3	-6.621163983E2
2.639516089E1	1.606986118E3	-6.623966923E2
2.641182450E1	1.605578162E3	-6.629089679E2
2.642848811E1	1.604585837E3	-6.640885871E2
2.644515172E1	1.605362779E3	-6.642173405E2
2.646181533E1	1.606206084E3	-6.648107987E2
2.647847895E1	1.606702246E3	-6.662211554E2
2.649514256E1	1.605931886E3	-6.685123713E2
2.651180617E1	1.604633960E3	-6.698772878E2
2.652846978E1	1.604690242E3	-6.704808560E2
2.654513339E1	1.605845105E3	-6.717200981E2
2.656179700E1	1.607094302E3	-6.718340352E2
2.657846062E1	1.606348803E3	-6.717857896E2
2.659512423E1	1.604961758E3	-6.722794155E2
2.661178784E1	1.604496873E3	-6.735967271E2
2.662845145E1	1.605349643E3	-6.747727129E2
2.664511506E1	1.606818790E3	-6.748448643E2
2.666177867E1	1.607168097E3	-6.747327832E2
2.667844229E1	1.606176044E3	-6.755217762E2
2.669510590E1	1.604876148E3	-6.764964024E2
2.671176951E1	1.604765225E3	-6.774259491E2
2.672843312E1	1.606119423E3	-6.779469131E2
2.674509673E1	1.607010130E3	-6.779238185E2
2.676176034E1	1.606461080E3	-6.778622442E2
2.677842396E1	1.605513251E3	-6.782805769E2
2.679508757E1	1.604560707E3	-6.788335531E2
2.681175118E1	1.605486602E3	-6.793330183E2
2.682841479E1	1.606637380E3	-6.825826853E2
2.684507840E1	1.606962925E3	-6.847126806E2
2.686174201E1	1.606064437E3	-6.858364996E2
2.687840563E1	1.605257968E3	-6.871112712E2
2.689506924E1	1.605414670E3	-6.879089347E2
2.691173285E1	1.606342405E3	-6.898422822E2
2.692839646E1	1.606889460E3	-6.936577843E2
2.694506007E1	1.605963014E3	-6.963838773E2
2.696172368E1	1.605009130E3	-6.968755408E2
2.697838730E1	1.605049682E3	-6.979694150E2
2.699505091E1	1.605440735E3	-6.987511148E2
2.701171452E1	1.606095958E3	-6.989885017E2
2.702837813E1	1.605969490E3	-6.988878221E2
2.704504174E1	1.605026568E3	-6.987808802E2
2.706170535E1	1.604561402E3	-6.990012342E2
2.707836897E1	1.604721908E3	-6.998812973E2
2.709503258E1	1.605176522E3	-7.004837356E2
2.711169619E1	1.605169656E3	-7.001201540E2
2.712835980E1	1.603930908E3	-6.984947833E2
2.714502341E1	1.603312568E3	-6.969844320E2
2.716168702E1	1.604078575E3	-6.966753499E2
2.717835064E1	1.604567666E3	-6.962280968E2
2.719501425E1	1.604642903E3	-6.955663986E2
2.721167786E1	1.604378825E3	-6.949074920E2
2.722834147E1	1.604006400E3	-6.938625637E2
2.724500508E1	1.603923246E3	-6.924083186E2
2.726166869E1	1.604354837E3	-6.923873851E2
2.727833231E1	1.604368973E3	-6.926444613E2
2.729499592E1	1.604312609E3	-6.915107686E2
2.731165953E1	1.604265630E3	-6.889685754E2
2.732832314E1	1.604738982E3	-6.861722895E2
2.734498675E1	1.604986515E3	-6.834543908E2
2.736165036E1	1.604275723E3	-6.814238018E2
2.737831398E1	1.603599767E3	-6.798326300E2
2.739497759E1	1.603182023E3	-6.755540585E2
2.741164120E1	1.603875434E3	-6.673424142E2
2.742830481E1	1.604903350E3	-6.558893979E2
2.744496842E1	1.603232012E3	-6.111539508E2
2.746163203E1	1.603161901E3	-5.789733119E2
2.747829565E1	1.603488163E3	-5.645265214E2
2.749495926E1	1.603410457E3	-5.523540709E2
2.751162287E1	1.603249716E3	-5.404920408E2
2.752828648E1	1.603318537E3	-5.272919618E2
2.754495009E1	1.603394563E3	-5.159576691E2
2.756161370E1	1.603364264E3	-5.067813076E2
2.757827732E1	1.603254904E3	-4.983862781E2
2.759494093E1	1.603355252E3	-4.897804456E2
