194-U_row-1_post-2_wire
t	x	y
2.869473930E1	1.613152041E3	-6.842944331E2
2.871140291E1	1.613025517E3	-6.812321627E2
2.872806652E1	1.613160312E3	-6.773511044E2
2.874473013E1	1.613272384E3	-6.746064651E2
2.876139374E1	1.613065096E3	-6.729582173E2
2.877805736E1	1.613207440E3	-6.711802134E2
2.879472097E1	1.613131384E3	-6.700050952E2
2.881138458E1	1.613173529E3	-6.684344916E2
2.882804819E1	1.613142579E3	-6.670589469E2
2.884471180E1	1.613122642E3	-6.655536993E2
2.886137541E1	1.613194548E3	-6.641699873E2
2.887803903E1	1.613219181E3	-6.639011599E2
2.889470264E1	1.612668161E3	-6.640742563E2
2.891136625E1	1.612691896E3	-6.637769160E2
2.892802986E1	1.612659380E3	-6.634596213E2
2.894469347E1	1.613080100E3	-6.632607355E2
2.896135708E1	1.613398722E3	-6.629113053E2
2.897802070E1	1.613053300E3	-6.628650609E2
2.899468431E1	1.612714336E3	-6.629155342E2
2.901134792E1	1.612463210E3	-6.626459743E2
2.902801153E1	1.612782780E3	-6.623932384E2
2.904467514E1	1.613141769E3	-6.623450349E2
2.906133875E1	1.613123472E3	-6.625962493E2
2.907800237E1	1.612669298E3	-6.626939023E2
2.909466598E1	1.611949463E3	-6.628905610E2
2.911132959E1	1.612159372E3	-6.626983576E2
2.912799320E1	1.613042120E3	-6.623494595E2
2.914465681E1	1.613191087E3	-6.623115423E2
2.916132042E1	1.613039405E3	-6.618749574E2
2.917798404E1	1.612472513E3	-6.610261926E2
2.919464765E1	1.612210921E3	-6.598795953E2
2.921131126E1	1.612539829E3	-6.584409715E2
2.922797487E1	1.613032112E3	-6.559999587E2
2.924463848E1	1.613057890E3	-6.540639765E2
2.926130209E1	1.612494634E3	-6.536103029E2
2.927796571E1	1.611923130E3	-6.536813576E2
2.929462932E1	1.612042210E3	-6.539966970E2
2.931129293E1	1.612858712E3	-6.539994740E2
2.932795654E1	1.613167841E3	-6.542313068E2
2.934462015E1	1.612954659E3	-6.559419739E2
2.936128376E1	1.612316590E3	-6.580329537E2
2.937794738E1	1.612090992E3	-6.599389410E2
2.939461099E1	1.612670081E3	-6.612168054E2
2.941127460E1	1.613308230E3	-6.621425130E2
2.942793821E1	1.613422920E3	-6.635958764E2
2.944460182E1	1.612504151E3	-6.669362761E2
2.946126543E1	1.611889488E3	-6.716863957E2
2.947792905E1	1.612004633E3	-6.757847652E2
2.949459266E1	1.612716228E3	-6.797953198E2
2.951125627E1	1.612932163E3	-6.821813330E2
2.952791988E1	1.612560442E3	-6.834896240E2
2.954458349E1	1.611674100E3	-6.861480533E2
2.956124710E1	1.611405650E3	-6.882412249E2
2.957791072E1	1.612119028E3	-6.909124136E2
2.959457433E1	1.612831383E3	-6.915109552E2
2.961123794E1	1.612753697E3	-6.926277040E2
2.962790155E1	1.612013467E3	-6.922209090E2
2.964456516E1	1.611383629E3	-6.936069702E2
2.966122877E1	1.611396613E3	-6.942969485E2
2.967789239E1	1.611518005E3	-6.949557882E2
2.969455600E1	1.611892470E3	-6.948774743E2
2.971121961E1	1.611660644E3	-6.943440092E2
2.972788322E1	1.611203672E3	-6.944275799E2
2.974454683E1	1.610800016E3	-6.946952251E2
2.976121044E1	1.610712443E3	-6.945995316E2
2.977787406E1	1.610752962E3	-6.942141841E2
2.979453767E1	1.610940059E3	-6.929517182E2
2.981120128E1	1.610558593E3	-6.923140187E2
2.982786489E1	1.609969636E3	-6.927014234E2
2.984452850E1	1.610081569E3	-6.935002972E2
2.986119211E1	1.610764185E3	-6.936525016E2
2.987785573E1	1.610946494E3	-6.931016128E2
2.989451934E1	1.611167694E3	-6.921767612E2
2.991118295E1	1.610860108E3	-6.915744060E2
2.992784656E1	1.610714967E3	-6.910420223E2
2.994451017E1	1.610422190E3	-6.907571816E2
2.996117378E1	1.610086337E3	-6.900667089E2
2.997783740E1	1.610231580E3	-6.884973077E2
2.999450101E1	1.610414324E3	-6.868670192E2
3.001116462E1	1.610186981E3	-6.855836589E2
3.002782823E1	1.609775719E3	-6.845563527E2
3.004449184E1	1.609725610E3	-6.846256668E2
3.006115545E1	1.609799346E3	-6.839110631E2
3.007781907E1	1.611087266E3	-6.825277011E2
3.009448268E1	1.610942453E3	-6.793325818E2
3.011114629E1	1.610643727E3	-6.773580932E2
3.012780990E1	1.610232036E3	-6.760949675E2
3.014447351E1	1.609941571E3	-6.757373939E2
3.016113712E1	1.609938574E3	-6.731606203E2
3.017780074E1	1.610183447E3	-6.706715461E2
3.019446435E1	1.610491841E3	-6.701674894E2
3.021112796E1	1.610407311E3	-6.696954627E2
3.022779157E1	1.609777902E3	-6.697619847E2
3.024445518E1	1.609597644E3	-6.696275691E2
3.026111879E1	1.609770678E3	-6.692129080E2
3.027778241E1	1.610093457E3	-6.691825507E2
3.029444602E1	1.610085367E3	-6.693699257E2
3.031110963E1	1.609950915E3	-6.693794525E2
3.032777324E1	1.609561194E3	-6.699623713E2
3.034443685E1	1.609505661E3	-6.703825941E2
3.036110046E1	1.610154416E3	-6.699802537E2
3.037776408E1	1.610493998E3	-6.698976033E2
3.039442769E1	1.610630493E3	-6.696773094E2
3.041109130E1	1.609898420E3	-6.690050004E2
3.042775491E1	1.609336113E3	-6.668799349E2
3.044441852E1	1.609514022E3	-6.654679620E2
3.046108213E1	1.609835189E3	-6.608905689E2
3.047774575E1	1.609592769E3	-6.579729450E2
3.049440936E1	1.609459997E3	-6.596879347E2
3.051107297E1	1.609304082E3	-6.596290047E2
3.052773658E1	1.608862401E3	-6.596985194E2
3.054440019E1	1.608891484E3	-6.593657996E2
3.056106380E1	1.609327300E3	-6.591175187E2
3.057772742E1	1.609208097E3	-6.587861606E2
3.059439103E1	1.608971613E3	-6.587566370E2
3.061105464E1	1.608795854E3	-6.588093082E2
3.062771825E1	1.608506967E3	-6.588023294E2
3.064438186E1	1.609005115E3	-6.591028035E2
3.066104547E1	1.609140201E3	-6.591635848E2
3.067770909E1	1.609290412E3	-6.595700169E2
3.069437270E1	1.609237091E3	-6.598566592E2
3.071103631E1	1.608951342E3	-6.596019572E2
3.072769992E1	1.609087600E3	-6.593499633E2
3.074436353E1	1.608955836E3	-6.590192285E2
3.076102715E1	1.609265013E3	-6.588596199E2
3.077769076E1	1.609245719E3	-6.590362899E2
3.079435437E1	1.609242728E3	-6.591055556E2
3.081101798E1	1.609236534E3	-6.592811852E2
3.082768159E1	1.609292981E3	-6.593927429E2
3.084434520E1	1.609251592E3	-6.593053246E2
3.086100882E1	1.609362279E3	-6.594127276E2
3.087767243E1	1.609098403E3	-6.592487421E2
3.089433604E1	1.609036574E3	-6.595030830E2
3.091099965E1	1.609031778E3	-6.607852462E2
3.092766326E1	1.609354746E3	-6.669054460E2
3.094432687E1	1.611104303E3	-6.812297165E2
