194-U_row-1_post-1_ref
t	x	y
3.915948743E0	2.039808831E3	-7.304637459E2
3.932612354E0	2.039744182E3	-7.280039818E2
3.949275966E0	2.039794882E3	-7.243416480E2
3.965939578E0	2.039813916E3	-7.195905421E2
3.982603189E0	2.039866119E3	-7.149484016E2
3.999266801E0	2.039875614E3	-7.111167874E2
4.015930413E0	2.039761863E3	-7.086450631E2
4.032594024E0	2.039899592E3	-7.075243915E2
4.049257636E0	2.039850049E3	-7.070704243E2
4.065921248E0	2.039808910E3	-7.061598049E2
4.082584859E0	2.039873054E3	-7.056274196E2
4.099248471E0	2.039819977E3	-7.054608995E2
4.115912083E0	2.039821747E3	-7.054186883E2
4.132575694E0	2.039828192E3	-7.055829297E2
4.149239306E0	2.039764123E3	-7.054889446E2
4.165902918E0	2.039856673E3	-7.054951160E2
4.182566529E0	2.039818808E3	-7.055176509E2
4.199230141E0	2.039856980E3	-7.055421727E2
4.215893753E0	2.039839909E3	-7.056397848E2
4.232557364E0	2.039753074E3	-7.054594427E2
4.249220976E0	2.039786950E3	-7.054888388E2
4.265884588E0	2.039780494E3	-7.053724654E2
4.282548199E0	2.039823511E3	-7.055229438E2
4.299211811E0	2.039793862E3	-7.055371082E2
4.315875423E0	2.039803565E3	-7.055415008E2
4.332539035E0	2.039733759E3	-7.055729060E2
4.349202646E0	2.039863128E3	-7.055152733E2
4.365866258E0	2.039792644E3	-7.055992086E2
4.382529870E0	2.039792809E3	-7.054227064E2
4.399193481E0	2.039765654E3	-7.054858183E2
4.415857093E0	2.039829261E3	-7.054047166E2
4.432520705E0	2.039808757E3	-7.055206826E2
4.449184316E0	2.039817905E3	-7.055779007E2
4.465847928E0	2.039812459E3	-7.055211997E2
4.482511540E0	2.039844016E3	-7.055087261E2
4.499175151E0	2.039841449E3	-7.055439303E2
4.515838763E0	2.039823044E3	-7.055307337E2
4.532502375E0	2.039770510E3	-7.053203127E2
4.549165986E0	2.039901773E3	-7.047583494E2
4.565829598E0	2.039785445E3	-7.040924325E2
4.582493210E0	2.039864166E3	-7.027411046E2
4.599156821E0	2.039743861E3	-7.014749163E2
4.615820433E0	2.039767541E3	-7.000620277E2
4.632484045E0	2.039899559E3	-6.983287187E2
4.649147656E0	2.039814760E3	-6.970392422E2
4.665811268E0	2.039854530E3	-6.958448343E2
4.682474880E0	2.039831457E3	-6.952673131E2
4.699138491E0	2.039784861E3	-6.947337503E2
4.715802103E0	2.039801781E3	-6.946452935E2
4.732465715E0	2.039773491E3	-6.945719693E2
4.749129326E0	2.039815586E3	-6.945286019E2
4.765792938E0	2.039867399E3	-6.943404633E2
4.782456550E0	2.039832190E3	-6.942960693E2
4.799120161E0	2.039787159E3	-6.939934846E2
4.815783773E0	2.039827828E3	-6.937906532E2
4.832447385E0	2.039879907E3	-6.926823922E2
4.849110996E0	2.039833436E3	-6.922627606E2
4.865774608E0	2.039829782E3	-6.920610327E2
4.882438220E0	2.039833782E3	-6.919011764E2
4.899101831E0	2.039835916E3	-6.915133549E2
4.915765443E0	2.039806466E3	-6.914338026E2
4.932429055E0	2.039837595E3	-6.914330470E2
4.949092666E0	2.039797891E3	-6.912411046E2
4.965756278E0	2.039812652E3	-6.909528736E2
4.982419890E0	2.039865968E3	-6.908031030E2
4.999083501E0	2.039679673E3	-6.908262408E2
5.015747113E0	2.039878785E3	-6.907277113E2
5.032410725E0	2.039824959E3	-6.906893558E2
5.049074336E0	2.039833436E3	-6.906898365E2
5.065737948E0	2.039853872E3	-6.906516241E2
5.082401560E0	2.039798730E3	-6.906692532E2
5.099065171E0	2.039804641E3	-6.905439987E2
5.115728783E0	2.039800416E3	-6.905529953E2
5.132392395E0	2.039752688E3	-6.900631584E2
5.149056006E0	2.039776636E3	-6.899942102E2
5.165719618E0	2.039812338E3	-6.899738598E2
5.182383230E0	2.039815531E3	-6.898878042E2
5.199046841E0	2.039777570E3	-6.890485650E2
5.215710453E0	2.039816515E3	-6.875855630E2
5.232374065E0	2.039833685E3	-6.847157067E2
5.249037676E0	2.039789365E3	-6.822111956E2
5.265701288E0	2.039833233E3	-6.795526771E2
5.282364900E0	2.040214051E3	-6.767705897E2
5.299028511E0	2.040020507E3	-6.744821629E2
5.315692123E0	2.039799634E3	-6.728473996E2
5.332355735E0	2.039873540E3	-6.711842226E2
5.349019346E0	2.039851392E3	-6.675324207E2
5.365682958E0	2.039911308E3	-6.637149035E2
5.382346570E0	2.039921304E3	-6.614262494E2
5.399010181E0	2.039818547E3	-6.600929977E2
5.415673793E0	2.039895421E3	-6.588890420E2
5.432337405E0	2.039889350E3	-6.580488875E2
5.449001016E0	2.039846455E3	-6.568644092E2
5.465664628E0	2.039838063E3	-6.553044290E2
5.482328240E0	2.039890581E3	-6.537050210E2
5.498991851E0	2.039793140E3	-6.524731035E2
5.515655463E0	2.039810995E3	-6.510462256E2
5.532319075E0	2.039845011E3	-6.493060654E2
5.548982687E0	2.039962476E3	-6.479349018E2
5.565646298E0	2.039859750E3	-6.467030399E2
5.582309910E0	2.039863977E3	-6.461497282E2
5.598973522E0	2.039670850E3	-6.461897604E2
5.615637133E0	2.039820456E3	-6.462848056E2
5.632300745E0	2.039890465E3	-6.463400839E2
5.648964357E0	2.039786534E3	-6.460102273E2
5.665627968E0	2.039783306E3	-6.459820050E2
5.682291580E0	2.039861296E3	-6.455981874E2
5.698955192E0	2.039831873E3	-6.455475368E2
5.715618803E0	2.039879737E3	-6.452578055E2
5.732282415E0	2.039858462E3	-6.447547852E2
5.748946027E0	2.039814844E3	-6.433792106E2
5.765609638E0	2.039818742E3	-6.421634754E2
5.782273250E0	2.039827372E3	-6.408262075E2
5.798936862E0	2.039798162E3	-6.391504876E2
5.815600473E0	2.039909519E3	-6.363790859E2
5.832264085E0	2.039858775E3	-6.324937274E2
5.848927697E0	2.039803392E3	-6.275038408E2
5.865591308E0	2.039826897E3	-6.218307420E2
5.882254920E0	2.039843489E3	-6.168639185E2
5.898918532E0	2.039876848E3	-6.119750732E2
5.915582143E0	2.039963938E3	-6.065103541E2
5.932245755E0	2.039971463E3	-6.011329011E2
5.948909367E0	2.040066434E3	-5.958522900E2
5.965572978E0	2.040452435E3	-5.904367909E2
5.982236590E0	2.040006510E3	-5.844668608E2
5.998900202E0	2.040063479E3	-5.786317243E2
6.015563813E0	2.040144614E3	-5.728380021E2
6.032227425E0	2.040135136E3	-5.668262627E2
6.048891037E0	2.040235863E3	-5.611639075E2
6.065554648E0	2.040467458E3	-5.552992180E2
6.082218260E0	2.040500562E3	-5.498674094E2
6.098881872E0	2.040475043E3	-5.458159340E2
6.115545483E0	2.040602651E3	-5.422529337E2
6.132209095E0	2.040486836E3	-5.394664130E2
6.148872707E0	2.040607303E3	-5.366876101E2
6.165536318E0	2.040536626E3	-5.341635475E2
6.182199930E0	2.040557286E3	-5.311642598E2
6.198863542E0	2.040639855E3	-5.273467938E2
6.215527153E0	2.040708242E3	-5.235356286E2
6.232190765E0	2.040636601E3	-5.189241242E2
6.248854377E0	2.040675515E3	-5.147122129E2
6.265517988E0	2.040762784E3	-5.108146053E2
6.282181600E0	2.040715638E3	-5.073250157E2
6.298845212E0	2.040628834E3	-5.039371093E2
6.315508823E0	2.040610993E3	-5.003617969E2
6.332172435E0	2.040589220E3	-4.960318599E2
6.348836047E0	2.040624565E3	-4.908017606E2
6.365499658E0	2.040675980E3	-4.848265127E2
6.382163270E0	2.040685171E3	-4.787676776E2
6.398826882E0	2.040804609E3	-4.734119560E2
6.415490493E0	2.040802578E3	-4.690068477E2
6.432154105E0	2.040648882E3	-4.650479919E2
6.448817717E0	2.040757986E3	-4.610624546E2
6.465481328E0	2.040627939E3	-4.571509965E2
6.482144940E0	2.040741950E3	-4.532826719E2
6.498808552E0	2.040728092E3	-4.494087728E2
6.515472163E0	2.040863823E3	-4.461210872E2
6.532135775E0	2.040646453E3	-4.432144588E2
6.548799387E0	2.040829913E3	-4.409228654E2
6.565462998E0	2.040666042E3	-4.390803073E2
6.582126610E0	2.040609648E3	-4.376476217E2
6.598790222E0	2.040585877E3	-4.368532635E2
6.615453833E0	2.040574829E3	-4.362102062E2
6.632117445E0	2.040534579E3	-4.359255439E2
6.648781057E0	2.040591047E3	-4.353573410E2
6.665444668E0	2.040608490E3	-4.349082556E2
6.682108280E0	2.040888643E3	-4.348567384E2
6.698771892E0	2.040677738E3	-4.346262681E2
6.715435503E0	2.040637730E3	-4.345599305E2
6.732099115E0	2.040623794E3	-4.343577265E2
