194-U_row-1_post-2_ref
t	x	y
2.869473930E1	2.035988430E3	-7.394037154E2
2.871140291E1	2.035950765E3	-7.348663132E2
2.872806652E1	2.036004398E3	-7.298881532E2
2.874473013E1	2.036007809E3	-7.261612399E2
2.876139374E1	2.035889493E3	-7.238496774E2
2.877805736E1	2.036047251E3	-7.215465585E2
2.879472097E1	2.036013357E3	-7.193532293E2
2.881138458E1	2.036156601E3	-7.168264944E2
2.882804819E1	2.036099535E3	-7.146488340E2
2.884471180E1	2.035966472E3	-7.129048693E2
2.886137541E1	2.036012630E3	-7.114010996E2
2.887803903E1	2.036035395E3	-7.106519105E2
2.889470264E1	2.035891257E3	-7.106190024E2
2.891136625E1	2.036056309E3	-7.098940206E2
2.892802986E1	2.036025806E3	-7.097657604E2
2.894469347E1	2.036044508E3	-7.096300614E2
2.896135708E1	2.036142931E3	-7.090799262E2
2.897802070E1	2.035976753E3	-7.087417108E2
2.899468431E1	2.035993740E3	-7.088594394E2
2.901134792E1	2.036053314E3	-7.085177935E2
2.902801153E1	2.036009402E3	-7.082887812E2
2.904467514E1	2.035951363E3	-7.082756556E2
2.906133875E1	2.035949303E3	-7.083567581E2
2.907800237E1	2.035973961E3	-7.082656530E2
2.909466598E1	2.035763037E3	-7.082803639E2
2.911132959E1	2.035946732E3	-7.082265000E2
2.912799320E1	2.036056727E3	-7.081225956E2
2.914465681E1	2.036015917E3	-7.081207910E2
2.916132042E1	2.036008268E3	-7.073935661E2
2.917798404E1	2.036064652E3	-7.059919259E2
2.919464765E1	2.035947643E3	-7.043696978E2
2.921131126E1	2.036079835E3	-7.020520966E2
2.922797487E1	2.035993911E3	-6.981270398E2
2.924463848E1	2.036012851E3	-6.942292561E2
2.926130209E1	2.036016608E3	-6.909774624E2
2.927796571E1	2.035991825E3	-6.887002638E2
2.929462932E1	2.036034904E3	-6.877292819E2
2.931129293E1	2.036054625E3	-6.864253073E2
2.932795654E1	2.036043696E3	-6.849128238E2
2.934462015E1	2.036189096E3	-6.825546714E2
2.936128376E1	2.036309333E3	-6.803010450E2
2.937794738E1	2.036105381E3	-6.788335123E2
2.939461099E1	2.035979212E3	-6.773126871E2
2.941127460E1	2.035972566E3	-6.754761289E2
2.942793821E1	2.036069092E3	-6.729726130E2
2.944460182E1	2.036051457E3	-6.687340274E2
2.946126543E1	2.036126439E3	-6.631049203E2
2.947792905E1	2.036112443E3	-6.582088940E2
2.949459266E1	2.036002481E3	-6.544385995E2
2.951125627E1	2.036163879E3	-6.508148969E2
2.952791988E1	2.036177884E3	-6.480807140E2
2.954458349E1	2.036164392E3	-6.447177927E2
2.956124710E1	2.036293777E3	-6.415778420E2
2.957791072E1	2.036066364E3	-6.383706844E2
2.959457433E1	2.036026931E3	-6.351180926E2
2.961123794E1	2.036104678E3	-6.319156501E2
2.962790155E1	2.036109502E3	-6.279824550E2
2.964456516E1	2.036121518E3	-6.236584716E2
2.966122877E1	2.036182872E3	-6.199281700E2
2.967789239E1	2.036010276E3	-6.178777834E2
2.969455600E1	2.036092202E3	-6.158247453E2
2.971121961E1	2.036041874E3	-6.138602163E2
2.972788322E1	2.036048861E3	-6.116401065E2
2.974454683E1	2.036059415E3	-6.086683206E2
2.976121044E1	2.035970594E3	-6.047402959E2
2.977787406E1	2.036024842E3	-6.009872252E2
2.979453767E1	2.036119579E3	-5.974852388E2
2.981120128E1	2.036079109E3	-5.945307016E2
2.982786489E1	2.035954232E3	-5.922415279E2
2.984452850E1	2.036192489E3	-5.910895079E2
2.986119211E1	2.036149354E3	-5.892600587E2
2.987785573E1	2.036092409E3	-5.875869857E2
2.989451934E1	2.036010342E3	-5.851805696E2
2.991118295E1	2.036002601E3	-5.821880314E2
2.992784656E1	2.036052735E3	-5.802797599E2
2.994451017E1	2.036234424E3	-5.774601924E2
2.996117378E1	2.036054840E3	-5.744457983E2
2.997783740E1	2.036075998E3	-5.712220573E2
2.999450101E1	2.036033413E3	-5.680345488E2
3.001116462E1	2.036018315E3	-5.635795589E2
3.002782823E1	2.036088116E3	-5.596646473E2
3.004449184E1	2.036177385E3	-5.571441652E2
3.006115545E1	2.036068558E3	-5.551492807E2
3.007781907E1	2.036112276E3	-5.521949443E2
3.009448268E1	2.035974891E3	-5.468721333E2
3.011114629E1	2.036048805E3	-5.425235029E2
3.012780990E1	2.036101363E3	-5.392347004E2
3.014447351E1	2.036024544E3	-5.354098528E2
3.016113712E1	2.036022214E3	-5.307371252E2
3.017780074E1	2.036118869E3	-5.262039586E2
3.019446435E1	2.036061146E3	-5.235091910E2
3.021112796E1	2.036221449E3	-5.216137392E2
3.022779157E1	2.036007960E3	-5.214073256E2
3.024445518E1	2.036016061E3	-5.213618633E2
3.026111879E1	2.036063666E3	-5.212071311E2
3.027778241E1	2.036045467E3	-5.214807765E2
3.029444602E1	2.035994179E3	-5.213773372E2
3.031110963E1	2.036127121E3	-5.212239143E2
3.032777324E1	2.036014777E3	-5.213570642E2
3.034443685E1	2.035990085E3	-5.213654028E2
3.036110046E1	2.036046550E3	-5.213745627E2
3.037776408E1	2.035985646E3	-5.213871850E2
3.039442769E1	2.036060178E3	-5.211282122E2
3.041109130E1	2.035943206E3	-5.197954375E2
3.042775491E1	2.036019115E3	-5.162612180E2
3.044441852E1	2.036038825E3	-5.097017671E2
3.046108213E1	2.036110272E3	-5.024959190E2
3.047774575E1	2.036020337E3	-4.974026921E2
3.049440936E1	2.036014231E3	-4.952447240E2
3.051107297E1	2.036060216E3	-4.948156308E2
3.052773658E1	2.035984621E3	-4.948474367E2
3.054440019E1	2.035997451E3	-4.944143947E2
3.056106380E1	2.035969155E3	-4.945399281E2
3.057772742E1	2.035983544E3	-4.944574335E2
3.059439103E1	2.036054530E3	-4.946630570E2
3.061105464E1	2.036061046E3	-4.943033385E2
3.062771825E1	2.035993310E3	-4.945483915E2
3.064438186E1	2.036046712E3	-4.946787309E2
3.066104547E1	2.035950824E3	-4.947662751E2
3.067770909E1	2.035975302E3	-4.948876335E2
3.069437270E1	2.036056561E3	-4.948582825E2
3.071103631E1	2.035780523E3	-4.947484711E2
3.072769992E1	2.035932494E3	-4.948770504E2
3.074436353E1	2.035948951E3	-4.948737340E2
3.076102715E1	2.036106592E3	-4.949019580E2
3.077769076E1	2.035984616E3	-4.950291634E2
3.079435437E1	2.035986289E3	-4.949200140E2
3.081101798E1	2.035991102E3	-4.949412871E2
3.082768159E1	2.035997083E3	-4.948907232E2
3.084434520E1	2.035992616E3	-4.948491612E2
3.086100882E1	2.035996830E3	-4.949462022E2
3.087767243E1	2.035781056E3	-4.949475469E2
3.089433604E1	2.035949759E3	-4.957534957E2
3.091099965E1	2.036029570E3	-4.980343429E2
3.092766326E1	2.035979566E3	-5.072823393E2
3.094432687E1	2.036033618E3	-5.307171341E2
3.096099049E1	2.035367141E3	-5.724673443E2
3.097765410E1	2.034739218E3	-6.258719552E2
3.099431771E1	2.034379900E3	-6.801115693E2
3.101098132E1	2.033781751E3	-7.284970007E2
3.102764493E1	2.033664188E3	-7.691344360E2
3.104430854E1	2.033487472E3	-8.046016144E2
3.106097216E1	2.032990699E3	-8.359220977E2
3.107763577E1	2.032790571E3	-8.647850965E2
