194-U_row-1_post-16_wire
t	x	y
1.096050870E1	-5.908949500E1	1.737926324E1
1.097724230E1	-5.947058591E1	1.742867838E1
1.099397590E1	-5.899517302E1	1.743928989E1
1.101070950E1	-5.811368575E1	1.755748761E1
1.102744311E1	-5.843699799E1	1.783023773E1
1.104417671E1	-5.905232488E1	1.816653410E1
1.106091031E1	-5.961297200E1	1.864782101E1
1.107764391E1	-5.908506455E1	1.886471445E1
1.109437751E1	-5.831768266E1	1.919776018E1
1.111111111E1	-5.812614306E1	1.977130263E1
1.112784471E1	-5.861774780E1	2.032897780E1
1.114457831E1	-5.921072030E1	2.132833612E1
1.116131191E1	-5.888020001E1	2.283903189E1
1.117804552E1	-5.812232966E1	2.580695899E1
1.119477912E1	-5.799651585E1	2.817406907E1
1.121151272E1	-5.840570507E1	3.126374977E1
1.122824632E1	-5.915873888E1	3.423280966E1
1.124497992E1	-5.900283247E1	3.598342806E1
1.126171352E1	-5.841792419E1	3.757795643E1
1.127844712E1	-5.792772475E1	3.908998797E1
1.129518072E1	-5.827214355E1	4.062727818E1
1.131191432E1	-5.865311607E1	4.337806003E1
1.132864793E1	-5.848718822E1	4.537975802E1
1.134538153E1	-5.831487642E1	4.831380971E1
1.136211513E1	-5.815098880E1	5.126248206E1
1.137884873E1	-5.802139918E1	5.444794442E1
1.139558233E1	-5.845334216E1	5.768678595E1
1.141231593E1	-5.863585391E1	6.067046640E1
1.142904953E1	-5.826656125E1	6.265951993E1
1.144578313E1	-5.772942775E1	6.457313720E1
1.146251673E1	-5.796059372E1	6.611280672E1
1.147925033E1	-5.843343164E1	6.776466821E1
1.149598394E1	-5.847037412E1	6.928823252E1
1.151271754E1	-5.842932050E1	7.074658323E1
1.152945114E1	-5.821083311E1	7.123240597E1
1.154618474E1	-5.793839767E1	7.174486133E1
1.156291834E1	-5.818586331E1	7.229419189E1
1.157965194E1	-5.841314068E1	7.297290946E1
