194-U_row-1_post-3_ref
t	x	y
3.579343787E1	2.004159683E3	-7.397501513E2
3.581010148E1	2.004152436E3	-7.349633601E2
3.582676509E1	2.004149657E3	-7.304263333E2
3.584342870E1	2.004161029E3	-7.274379778E2
3.586009232E1	2.004167906E3	-7.257413811E2
3.587675593E1	2.003686017E3	-7.241623441E2
3.589341954E1	2.004150736E3	-7.227800588E2
3.591008315E1	2.004219777E3	-7.210372032E2
3.592674676E1	2.004166641E3	-7.188708757E2
3.594341037E1	2.004179429E3	-7.165662937E2
3.596007399E1	2.004199565E3	-7.142819444E2
3.597673760E1	2.004222052E3	-7.123782467E2
3.599340121E1	2.004196256E3	-7.109236869E2
3.601006482E1	2.004135210E3	-7.091806981E2
3.602672843E1	2.004137580E3	-7.069639199E2
3.604339204E1	2.004059768E3	-7.047406506E2
3.606005566E1	2.004195901E3	-7.016186337E2
3.607671927E1	2.004155608E3	-6.992889807E2
3.609338288E1	2.004092946E3	-6.976534786E2
3.611004649E1	2.004119568E3	-6.969042601E2
3.612671010E1	2.004159322E3	-6.952291751E2
3.614337371E1	2.004162413E3	-6.945395045E2
3.616003733E1	2.004272298E3	-6.934811760E2
3.617670094E1	2.004160867E3	-6.923224638E2
3.619336455E1	2.004180290E3	-6.910409325E2
3.621002816E1	2.004181413E3	-6.897293883E2
3.622669177E1	2.004190397E3	-6.881075465E2
3.624335538E1	2.004254875E3	-6.856333068E2
3.626001900E1	2.004197233E3	-6.826198609E2
3.627668261E1	2.004252461E3	-6.790042051E2
3.629334622E1	2.004216375E3	-6.760324606E2
3.631000983E1	2.004403474E3	-6.728873264E2
3.632667344E1	2.004229324E3	-6.701136917E2
3.634333705E1	2.004137044E3	-6.669632495E2
3.636000067E1	2.004238654E3	-6.631934380E2
3.637666428E1	2.004369742E3	-6.602723104E2
3.639332789E1	2.004283529E3	-6.571992991E2
3.640999150E1	2.004173225E3	-6.536334776E2
3.642665511E1	2.004214058E3	-6.502492129E2
3.644331872E1	2.004312546E3	-6.471505566E2
3.645998234E1	2.004155092E3	-6.435928143E2
3.647664595E1	2.004168291E3	-6.384555075E2
3.649330956E1	2.004181326E3	-6.331998751E2
3.650997317E1	2.004369463E3	-6.283347174E2
3.652663678E1	2.004272672E3	-6.230563757E2
3.654330039E1	2.004274638E3	-6.176883935E2
3.655996401E1	2.004627030E3	-6.138560246E2
3.657662762E1	2.004790753E3	-6.105628386E2
3.659329123E1	2.004876660E3	-6.079373888E2
3.660995484E1	2.004699804E3	-6.063993013E2
3.662661845E1	2.004807624E3	-6.056863360E2
3.664328206E1	2.004914645E3	-6.050093277E2
3.665994568E1	2.004946550E3	-6.027530767E2
3.667660929E1	2.004940200E3	-6.001737113E2
3.669327290E1	2.004928548E3	-5.963742745E2
3.670993651E1	2.004932762E3	-5.926587005E2
3.672660012E1	2.004935242E3	-5.886062229E2
3.674326373E1	2.004949270E3	-5.850428343E2
3.675992735E1	2.005012954E3	-5.835137940E2
3.677659096E1	2.004995859E3	-5.825981931E2
3.679325457E1	2.005062222E3	-5.821946672E2
3.680991818E1	2.005031376E3	-5.812544110E2
3.682658179E1	2.005017939E3	-5.803043069E2
3.684324541E1	2.004924571E3	-5.786154897E2
3.685990902E1	2.005085731E3	-5.770125009E2
3.687657263E1	2.005279702E3	-5.748459107E2
3.689323624E1	2.004944336E3	-5.730226970E2
3.690989985E1	2.004958176E3	-5.700299720E2
3.692656346E1	2.004891853E3	-5.653899070E2
3.694322708E1	2.004984430E3	-5.589922512E2
3.695989069E1	2.005091170E3	-5.504675081E2
3.697655430E1	2.004973055E3	-5.409417747E2
3.699321791E1	2.005454701E3	-5.304348884E2
3.700988152E1	2.005271707E3	-5.211063383E2
3.702654513E1	2.005546917E3	-5.130048825E2
3.704320875E1	2.005815023E3	-5.067385522E2
3.705987236E1	2.005718582E3	-5.007085551E2
3.707653597E1	2.005678468E3	-4.948925622E2
3.709319958E1	2.005805652E3	-4.891131597E2
3.710986319E1	2.005797519E3	-4.825921633E2
3.712652680E1	2.005668111E3	-4.729063096E2
3.714319042E1	2.005758261E3	-4.626753652E2
3.715985403E1	2.005775255E3	-4.524123077E2
3.717651764E1	2.005936100E3	-4.421695797E2
3.719318125E1	2.005779816E3	-4.321177086E2
3.720984486E1	2.005737182E3	-4.261539049E2
3.722650847E1	2.005896036E3	-4.250232192E2
3.724317209E1	2.005769848E3	-4.246293501E2
3.725983570E1	2.005716853E3	-4.247790853E2
3.727649931E1	2.005764936E3	-4.252269412E2
3.729316292E1	2.005708530E3	-4.250629291E2
3.730982653E1	2.005842558E3	-4.251275539E2
3.732649014E1	2.005684942E3	-4.251344191E2
3.734315376E1	2.005832042E3	-4.250681481E2
3.735981737E1	2.005721075E3	-4.252001189E2
3.737648098E1	2.005679246E3	-4.251039860E2
3.739314459E1	2.005652186E3	-4.251829456E2
3.740980820E1	2.005682358E3	-4.251527903E2
3.742647181E1	2.005711869E3	-4.251182821E2
3.744313543E1	2.005653693E3	-4.250629868E2
3.745979904E1	2.005689118E3	-4.250896192E2
3.747646265E1	2.005712341E3	-4.250989920E2
3.749312626E1	2.005756325E3	-4.251373577E2
3.750978987E1	2.005817599E3	-4.251047427E2
3.752645348E1	2.005724173E3	-4.249515586E2
3.754311710E1	2.005711819E3	-4.250810950E2
3.755978071E1	2.005716484E3	-4.252184113E2
3.757644432E1	2.005752447E3	-4.252276328E2
3.759310793E1	2.005778303E3	-4.253289220E2
3.760977154E1	2.005811507E3	-4.253327122E2
3.762643515E1	2.005767174E3	-4.252337338E2
3.764309877E1	2.005486183E3	-4.249100910E2
3.765976238E1	2.005695952E3	-4.250757132E2
3.767642599E1	2.005613285E3	-4.250511871E2
3.769308960E1	2.005857639E3	-4.250819369E2
3.770975321E1	2.005710428E3	-4.251386759E2
3.772641682E1	2.005754166E3	-4.251072654E2
3.774308044E1	2.005658597E3	-4.249173628E2
3.775974405E1	2.005789065E3	-4.245633830E2
3.777640766E1	2.006150465E3	-4.244696133E2
3.779307127E1	2.007269925E3	-4.243709821E2
3.780973488E1	2.008640797E3	-4.243334072E2
3.782639849E1	2.011257212E3	-4.236907681E2
3.784306211E1	2.014855606E3	-4.238009552E2
3.785972572E1	2.019247350E3	-4.236169734E2
3.787638933E1	2.023615490E3	-4.235623620E2
3.789305294E1	2.028984677E3	-4.235373136E2
3.790971655E1	2.037164540E3	-4.234750430E2
3.792638016E1	2.049232978E3	-4.234910422E2
3.794304378E1	2.066266435E3	-4.232936147E2
