195-I_row-22_post-3_wire
t	x	y
2.929491888E1	1.478831441E3	9.704283083E2
2.931161114E1	1.478750746E3	9.607921203E2
2.932830340E1	1.478246557E3	9.516200253E2
2.934499566E1	1.478613259E3	9.454994206E2
2.936168792E1	1.479123434E3	9.433596580E2
2.937838018E1	1.479242625E3	9.427448384E2
2.939507244E1	1.478929963E3	9.415752604E2
2.941176471E1	1.478613403E3	9.398825124E2
2.942845697E1	1.478742398E3	9.369216791E2
2.944514923E1	1.478951243E3	9.352059942E2
2.946184149E1	1.478994017E3	9.344657514E2
2.947853375E1	1.478877495E3	9.339722266E2
2.949522601E1	1.478745349E3	9.331229596E2
2.951191827E1	1.478807083E3	9.309495801E2
2.952861054E1	1.478938959E3	9.287047730E2
2.954530280E1	1.479219008E3	9.265027260E2
2.956199506E1	1.478859368E3	9.241286882E2
2.957868732E1	1.478740659E3	9.223857179E2
2.959537958E1	1.478874444E3	9.218055189E2
2.961207184E1	1.479057402E3	9.217127421E2
2.962876410E1	1.479059984E3	9.202687586E2
2.964545637E1	1.478779971E3	9.178589607E2
2.966214863E1	1.478812016E3	9.157327369E2
2.967884089E1	1.479050303E3	9.137664278E2
2.969553315E1	1.479396599E3	9.123697054E2
2.971222541E1	1.479510147E3	9.110592957E2
2.972891767E1	1.478909151E3	9.099669831E2
2.974560994E1	1.478193675E3	9.091359344E2
2.976230220E1	1.478487676E3	9.081157348E2
2.977899446E1	1.479258583E3	9.072204681E2
2.979568672E1	1.479732508E3	9.062296495E2
2.981237898E1	1.479556544E3	9.056478893E2
2.982907124E1	1.478754561E3	9.050618110E2
2.984576350E1	1.478441862E3	9.048967098E2
2.986245577E1	1.478857508E3	9.042203066E2
2.987914803E1	1.479506201E3	9.038565141E2
2.989584029E1	1.479399063E3	9.033052273E2
2.991253255E1	1.478590677E3	9.021205013E2
2.992922481E1	1.478220095E3	9.006363117E2
2.994591707E1	1.478837234E3	8.988506514E2
2.996260933E1	1.479641563E3	8.963955586E2
2.997930160E1	1.479607192E3	8.951249177E2
2.999599386E1	1.478900601E3	8.943894907E2
3.001268612E1	1.478054515E3	8.939216334E2
3.002937838E1	1.478274573E3	8.936519621E2
3.004607064E1	1.479291621E3	8.928520438E2
3.006276290E1	1.479558743E3	8.912677229E2
3.007945516E1	1.478914776E3	8.891795630E2
3.009614743E1	1.478089172E3	8.868106725E2
3.011283969E1	1.477626664E3	8.825842792E2
3.012953195E1	1.478270408E3	8.768859834E2
3.014622421E1	1.478985625E3	8.709760412E2
3.016291647E1	1.478547026E3	8.661315973E2
3.017960873E1	1.477402770E3	8.721862198E2
