195-I_row-22_post-5_wire
t	x	y
4.887494158E1	1.515074220E3	9.741542014E2
4.889163384E1	1.514835644E3	9.710374140E2
4.890832610E1	1.514985903E3	9.688813617E2
4.892501836E1	1.515079383E3	9.667068188E2
4.894171062E1	1.515337082E3	9.634704289E2
4.895840288E1	1.515101749E3	9.580649323E2
4.897509515E1	1.514963283E3	9.505606211E2
4.899178741E1	1.514708168E3	9.444427542E2
4.900847967E1	1.514963845E3	9.412408725E2
4.902517193E1	1.515071643E3	9.391586543E2
4.904186419E1	1.515158446E3	9.374752722E2
4.905855645E1	1.515108018E3	9.338100042E2
4.907524871E1	1.515049142E3	9.291458652E2
4.909194098E1	1.514721098E3	9.252822506E2
4.910863324E1	1.515054526E3	9.220387485E2
4.912532550E1	1.515062099E3	9.187173436E2
4.914201776E1	1.515064967E3	9.156458322E2
4.915871002E1	1.514890933E3	9.124693563E2
4.917540228E1	1.514767346E3	9.093603463E2
4.919209454E1	1.514290081E3	9.070327753E2
4.920878681E1	1.514645369E3	9.041209227E2
4.922547907E1	1.514834342E3	8.995176050E2
4.924217133E1	1.514981230E3	8.935042937E2
4.925886359E1	1.514354441E3	8.874547422E2
4.927555585E1	1.513793038E3	8.822810484E2
4.929224811E1	1.513417596E3	8.786509241E2
4.930894038E1	1.513576862E3	8.753146199E2
4.932563264E1	1.513892003E3	8.727991863E2
4.934232490E1	1.513947073E3	8.707413092E2
4.935901716E1	1.513505856E3	8.682354517E2
4.937570942E1	1.512994530E3	8.655450490E2
4.939240168E1	1.512918202E3	8.635987183E2
4.940909394E1	1.513544331E3	8.622482801E2
4.942578621E1	1.513523172E3	8.614869953E2
4.944247847E1	1.512785125E3	8.623954253E2
4.945917073E1	1.512391812E3	8.626901157E2
4.947586299E1	1.512628344E3	8.632871842E2
4.949255525E1	1.513112807E3	8.646362052E2
4.950924751E1	1.513547354E3	8.653776833E2
