195-I_row-22_post-2_ref
t	x	y
2.183347800E1	1.861730017E3	9.878845400E2
2.185017026E1	1.861654572E3	9.870235223E2
2.186686252E1	1.861726388E3	9.841373910E2
2.188355478E1	1.861746044E3	9.802016530E2
2.190024705E1	1.861836280E3	9.771463729E2
2.191693931E1	1.861856727E3	9.752667248E2
2.193363157E1	1.861802120E3	9.741536737E2
2.195032383E1	1.861748718E3	9.734436866E2
2.196701609E1	1.861841563E3	9.722935620E2
2.198370835E1	1.861730475E3	9.704260081E2
2.200040061E1	1.861820428E3	9.681049825E2
2.201709288E1	1.861726972E3	9.657142742E2
2.203378514E1	1.861883907E3	9.636892889E2
2.205047740E1	1.861774730E3	9.619475546E2
2.206716966E1	1.861786812E3	9.598065573E2
2.208386192E1	1.861869354E3	9.580025483E2
2.210055418E1	1.861772658E3	9.551601409E2
2.211724644E1	1.861810202E3	9.507254437E2
2.213393871E1	1.861849483E3	9.482364303E2
2.215063097E1	1.862030385E3	9.463372560E2
2.216732323E1	1.861913157E3	9.446595700E2
2.218401549E1	1.862036903E3	9.407218746E2
2.220070775E1	1.862080510E3	9.345014233E2
2.221740001E1	1.861948990E3	9.293271452E2
2.223409227E1	1.862220351E3	9.245920572E2
2.225078454E1	1.862449625E3	9.210667045E2
2.226747680E1	1.862193985E3	9.193133402E2
2.228416906E1	1.862427110E3	9.179742146E2
2.230086132E1	1.862456165E3	9.163794922E2
2.231755358E1	1.862497159E3	9.122664826E2
2.233424584E1	1.862517343E3	9.080103793E2
2.235093811E1	1.862502736E3	9.050117502E2
2.236763037E1	1.862567556E3	9.034180319E2
2.238432263E1	1.862654999E3	9.019538705E2
2.240101489E1	1.862909175E3	8.996868498E2
2.241770715E1	1.862583866E3	8.970636511E2
2.243439941E1	1.862659276E3	8.946865948E2
2.245109167E1	1.862587370E3	8.924512027E2
2.246778394E1	1.862901458E3	8.897260479E2
2.248447620E1	1.863122061E3	8.860330668E2
2.250116846E1	1.863166793E3	8.818369982E2
2.251786072E1	1.863240902E3	8.782283527E2
2.253455298E1	1.863355546E3	8.753432603E2
2.255124524E1	1.863225395E3	8.737120099E2
2.256793750E1	1.863269456E3	8.727248169E2
2.258462977E1	1.863402061E3	8.723126287E2
2.260132203E1	1.863373698E3	8.716577411E2
2.261801429E1	1.863364713E3	8.711242010E2
2.263470655E1	1.863237962E3	8.705585374E2
2.265139881E1	1.863375958E3	8.704260384E2
2.266809107E1	1.863254072E3	8.699676951E2
2.268478333E1	1.863357652E3	8.697785275E2
2.270147560E1	1.863482142E3	8.694754489E2
2.271816786E1	1.863353967E3	8.685756663E2
2.273486012E1	1.863392952E3	8.674119661E2
2.275155238E1	1.863244696E3	8.667123219E2
2.276824464E1	1.863258792E3	8.662491881E2
2.278493690E1	1.863297396E3	8.661681297E2
2.280162916E1	1.863246122E3	8.659506090E2
2.281832143E1	1.863295410E3	8.655721433E2
2.283501369E1	1.863300889E3	8.648249478E2
2.285170595E1	1.863242227E3	8.644784047E2
2.286839821E1	1.863291048E3	8.639865946E2
2.288509047E1	1.863235837E3	8.638112977E2
2.290178273E1	1.863256786E3	8.637304433E2
2.291847499E1	1.863234669E3	8.632659423E2
2.293516726E1	1.863268675E3	8.630927191E2
2.295185952E1	1.863268647E3	8.625057750E2
2.296855178E1	1.863353483E3	8.615776068E2
2.298524404E1	1.863315429E3	8.608316644E2
2.300193630E1	1.863291382E3	8.606583632E2
2.301862856E1	1.863200856E3	8.601622009E2
2.303532083E1	1.863295131E3	8.600213068E2
2.305201309E1	1.863290049E3	8.592288580E2
2.306870535E1	1.863207877E3	8.580231999E2
2.308539761E1	1.863321859E3	8.565473042E2
2.310208987E1	1.863234301E3	8.546726901E2
2.311878213E1	1.863252173E3	8.532122728E2
2.313547439E1	1.863320526E3	8.520493052E2
2.315216666E1	1.863270129E3	8.505363650E2
2.316885892E1	1.863372826E3	8.490307213E2
2.318555118E1	1.863114767E3	8.478620576E2
2.320224344E1	1.863229506E3	8.456751997E2
2.321893570E1	1.863340990E3	8.419268854E2
2.323562796E1	1.863317067E3	8.387968759E2
2.325232022E1	1.863397625E3	8.369226887E2
2.326901249E1	1.863418143E3	8.359439711E2
2.328570475E1	1.863551745E3	8.350485023E2
2.330239701E1	1.863525291E3	8.336486637E2
2.331908927E1	1.863426840E3	8.310307179E2
2.333578153E1	1.863314644E3	8.252795349E2
2.335247379E1	1.863385822E3	8.197463925E2
2.336916605E1	1.863726531E3	8.160665809E2
2.338585832E1	1.863911374E3	8.145765756E2
2.340255058E1	1.863973995E3	8.132715238E2
2.341924284E1	1.863939912E3	8.114765395E2
2.343593510E1	1.863972195E3	8.090982711E2
2.345262736E1	1.864053617E3	8.069119117E2
2.346931962E1	1.864035956E3	8.040926966E2
2.348601188E1	1.864107396E3	8.015152988E2
2.350270415E1	1.864062392E3	7.988077021E2
2.351939641E1	1.864168554E3	7.970618074E2
2.353608867E1	1.864110317E3	7.957369177E2
