195-I_row-22_post-4_wire
t	x	y
3.882620017E1	1.456145990E3	9.818969947E2
3.884289244E1	1.457489757E3	9.789931693E2
3.885958470E1	1.457730055E3	9.767012428E2
3.887627696E1	1.457257045E3	9.755106114E2
3.889296922E1	1.454627947E3	9.750139876E2
3.890966148E1	1.453736772E3	9.744606717E2
3.892635374E1	1.455323006E3	9.741449185E2
3.894304600E1	1.457743048E3	9.729478674E2
3.895973827E1	1.458133340E3	9.702751586E2
3.897643053E1	1.455938957E3	9.653912641E2
3.899312279E1	1.453846412E3	9.605974698E2
3.900981505E1	1.454285040E3	9.583541508E2
3.902650731E1	1.456867642E3	9.573602021E2
3.904319957E1	1.458352277E3	9.560096700E2
3.905989183E1	1.456922573E3	9.523092100E2
3.907658410E1	1.454386714E3	9.459983607E2
3.909327636E1	1.453865989E3	9.384955212E2
3.910996862E1	1.455481493E3	9.325175041E2
3.912666088E1	1.457240429E3	9.301077409E2
3.914335314E1	1.456868295E3	9.290526544E2
3.916004540E1	1.454586502E3	9.286750963E2
3.917673766E1	1.453445469E3	9.276797652E2
3.919342993E1	1.454670320E3	9.260903663E2
3.921012219E1	1.456732374E3	9.226596355E2
3.922681445E1	1.456314932E3	9.151733875E2
3.924350671E1	1.454025460E3	9.060679461E2
3.926019897E1	1.452301105E3	8.999849348E2
3.927689123E1	1.452739112E3	8.975522241E2
3.929358349E1	1.454622705E3	8.961540099E2
3.931027576E1	1.455307278E3	8.945152041E2
3.932696802E1	1.454067298E3	8.935326616E2
3.934366028E1	1.452148597E3	8.927150985E2
3.936035254E1	1.452246398E3	8.915444481E2
3.937704480E1	1.453808890E3	8.891775463E2
3.939373706E1	1.454638020E3	8.864977941E2
3.941042932E1	1.453894463E3	8.857870171E2
3.942712159E1	1.451317939E3	8.859710308E2
3.944381385E1	1.450508630E3	8.867485316E2
3.946050611E1	1.451400594E3	8.878352804E2
3.947719837E1	1.453226637E3	8.893716366E2
3.949389063E1	1.452870986E3	9.129034444E2
3.951058289E1	1.450677335E3	9.148538003E2
3.952727516E1	1.449290143E3	9.176055882E2
3.954396742E1	1.450225962E3	9.190294587E2
3.956065968E1	1.452589303E3	9.189943251E2
3.957735194E1	1.452590795E3	9.190805263E2
3.959404420E1	1.450882074E3	9.191954368E2
3.961073646E1	1.451186441E3	9.238033988E2
3.962742872E1	1.451718250E3	9.238048703E2
3.964412099E1	1.453821685E3	9.246649161E2
3.966081325E1	1.454863030E3	9.255397039E2
3.967750551E1	1.453420972E3	9.278489067E2
3.969419777E1	1.451608848E3	9.284217656E2
3.971089003E1	1.451562959E3	9.293955052E2
3.972758229E1	1.453175222E3	9.289291256E2
3.974427455E1	1.454337656E3	9.286025143E2
3.976096682E1	1.453588987E3	9.297745968E2
3.977765908E1	1.451830400E3	9.298235751E2
3.979435134E1	1.451211978E3	9.288280228E2
3.981104360E1	1.451896390E3	9.280320728E2
3.982773586E1	1.453080451E3	9.275767389E2
3.984442812E1	1.453318728E3	9.267052072E2
