195-I_row-22_post-2_wire
t	x	y
2.183347800E1	1.467145686E3	9.775413770E2
2.185017026E1	1.467045546E3	9.767949352E2
2.186686252E1	1.467119996E3	9.744612841E2
2.188355478E1	1.467782940E3	9.712671203E2
2.190024705E1	1.468612453E3	9.687265798E2
2.191693931E1	1.468539789E3	9.673500120E2
2.193363157E1	1.467612781E3	9.664445477E2
2.195032383E1	1.467041838E3	9.658793126E2
2.196701609E1	1.467595570E3	9.652073069E2
2.198370835E1	1.468287239E3	9.638372579E2
2.200040061E1	1.468684023E3	9.620301980E2
2.201709288E1	1.467884429E3	9.600025353E2
2.203378514E1	1.467268291E3	9.584462130E2
2.205047740E1	1.467189130E3	9.569089311E2
2.206716966E1	1.467942586E3	9.553534083E2
2.208386192E1	1.468673259E3	9.539142196E2
2.210055418E1	1.468473244E3	9.517476429E2
2.211724644E1	1.467529635E3	9.481515916E2
2.213393871E1	1.467309508E3	9.461305182E2
2.215063097E1	1.467844903E3	9.445911141E2
2.216732323E1	1.468433588E3	9.434350632E2
2.218401549E1	1.468662194E3	9.403697195E2
2.220070775E1	1.468099692E3	9.356107928E2
2.221740001E1	1.467328935E3	9.313837389E2
2.223409227E1	1.467597654E3	9.275579248E2
2.225078454E1	1.467993134E3	9.249016891E2
2.226747680E1	1.468048392E3	9.235690839E2
2.228416906E1	1.468082765E3	9.227119807E2
2.230086132E1	1.467844027E3	9.213814034E2
2.231755358E1	1.467290277E3	9.181798745E2
2.233424584E1	1.467209232E3	9.148445457E2
2.235093811E1	1.467298466E3	9.125647013E2
2.236763037E1	1.467860626E3	9.114109976E2
2.238432263E1	1.467873710E3	9.104088157E2
2.240101489E1	1.467750173E3	9.086351973E2
2.241770715E1	1.467126363E3	9.065170440E2
2.243439941E1	1.467437561E3	9.046509119E2
2.245109167E1	1.467782188E3	9.030480563E2
2.246778394E1	1.467874175E3	9.013798626E2
2.248447620E1	1.467284895E3	8.985650226E2
2.250116846E1	1.467022029E3	8.953612230E2
2.251786072E1	1.467127541E3	8.924352731E2
2.253455298E1	1.467721619E3	8.905091099E2
2.255124524E1	1.467617558E3	8.893592192E2
2.256793750E1	1.467342903E3	8.886656906E2
2.258462977E1	1.467196473E3	8.884086817E2
2.260132203E1	1.467110595E3	8.878550100E2
2.261801429E1	1.467198892E3	8.874062492E2
2.263470655E1	1.467235945E3	8.869813539E2
2.265139881E1	1.467363054E3	8.869902719E2
2.266809107E1	1.467141801E3	8.864002573E2
2.268478333E1	1.467118360E3	8.861875070E2
2.270147560E1	1.467267055E3	8.859300155E2
2.271816786E1	1.467279237E3	8.854094005E2
2.273486012E1	1.467302729E3	8.847203378E2
2.275155238E1	1.467131222E3	8.844182252E2
2.276824464E1	1.467129260E3	8.841547097E2
2.278493690E1	1.467115556E3	8.840186105E2
2.280162916E1	1.467068010E3	8.838042375E2
2.281832143E1	1.467140358E3	8.833661957E2
2.283501369E1	1.467175038E3	8.830340515E2
2.285170595E1	1.467155955E3	8.827093771E2
2.286839821E1	1.467160980E3	8.824484371E2
2.288509047E1	1.467029198E3	8.823032273E2
2.290178273E1	1.467057615E3	8.822180647E2
2.291847499E1	1.466950104E3	8.818660121E2
2.293516726E1	1.467085572E3	8.817626058E2
2.295185952E1	1.467088598E3	8.817465253E2
2.296855178E1	1.467245440E3	8.810042609E2
2.298524404E1	1.467188201E3	8.802427328E2
2.300193630E1	1.467080818E3	8.801208085E2
2.301862856E1	1.466488730E3	8.796626292E2
2.303532083E1	1.466620428E3	8.795751776E2
2.305201309E1	1.466940767E3	8.793064142E2
2.306870535E1	1.467186693E3	8.786904272E2
2.308539761E1	1.467181407E3	8.777251135E2
2.310208987E1	1.466502357E3	8.763035262E2
2.311878213E1	1.466146770E3	8.754515494E2
2.313547439E1	1.466395220E3	8.752412461E2
2.315216666E1	1.466531113E3	8.747955625E2
2.316885892E1	1.466862541E3	8.740008684E2
2.318555118E1	1.465929171E3	8.736673296E2
2.320224344E1	1.465586839E3	8.727113623E2
2.321893570E1	1.465728123E3	8.729674790E2
2.323562796E1	1.466292901E3	8.755683495E2
2.325232022E1	1.466494373E3	8.764166971E2
2.326901249E1	1.466045618E3	8.766172949E2
2.328570475E1	1.465448725E3	8.766437349E2
2.330239701E1	1.465466305E3	8.763776509E2
2.331908927E1	1.466140097E3	8.763262631E2
2.333578153E1	1.466396289E3	8.776734956E2
2.335247379E1	1.465759874E3	8.780678265E2
