195-I_row-22_post-3_ref
t	x	y
2.929491888E1	1.890628555E3	1.020983491E3
2.931161114E1	1.890855152E3	1.008887503E3
2.932830340E1	1.891205388E3	9.968966320E2
2.934499566E1	1.891414961E3	9.889995565E2
2.936168792E1	1.891432313E3	9.861114970E2
2.937838018E1	1.891349299E3	9.855536353E2
2.939507244E1	1.891413811E3	9.843735723E2
2.941176471E1	1.891410186E3	9.821388320E2
2.942845697E1	1.891432076E3	9.780491681E2
2.944514923E1	1.891417298E3	9.754134919E2
2.946184149E1	1.891427195E3	9.745121261E2
2.947853375E1	1.891476825E3	9.741525077E2
2.949522601E1	1.891469632E3	9.731252346E2
2.951191827E1	1.891444297E3	9.706337144E2
2.952861054E1	1.891453356E3	9.676042515E2
2.954530280E1	1.891610990E3	9.646380952E2
2.956199506E1	1.891454365E3	9.615718995E2
2.957868732E1	1.891482277E3	9.593070059E2
2.959537958E1	1.891573541E3	9.586773128E2
2.961207184E1	1.891469824E3	9.585375810E2
2.962876410E1	1.891469875E3	9.565258988E2
2.964545637E1	1.891417871E3	9.532903526E2
2.966214863E1	1.891629856E3	9.508957239E2
2.967884089E1	1.891663212E3	9.483673287E2
2.969553315E1	1.891616305E3	9.464998601E2
2.971222541E1	1.891595619E3	9.444457917E2
2.972891767E1	1.891487461E3	9.427088461E2
2.974560994E1	1.891424915E3	9.417884810E2
2.976230220E1	1.891576606E3	9.406324611E2
2.977899446E1	1.891515577E3	9.395632823E2
2.979568672E1	1.891488713E3	9.382704575E2
2.981237898E1	1.891437608E3	9.373432255E2
2.982907124E1	1.891425547E3	9.365821768E2
2.984576350E1	1.891426734E3	9.362141538E2
2.986245577E1	1.891455360E3	9.353352191E2
2.987914803E1	1.891414089E3	9.348798066E2
2.989584029E1	1.891451036E3	9.337958505E2
2.991253255E1	1.891412613E3	9.320994206E2
2.992922481E1	1.891441026E3	9.304702064E2
2.994591707E1	1.891486824E3	9.280626228E2
2.996260933E1	1.891462120E3	9.251067051E2
2.997930160E1	1.891408302E3	9.230875879E2
2.999599386E1	1.891480259E3	9.221304998E2
3.001268612E1	1.891449700E3	9.213792784E2
3.002937838E1	1.891576683E3	9.209819855E2
3.004607064E1	1.891628112E3	9.197103660E2
3.006276290E1	1.891420878E3	9.173498275E2
3.007945516E1	1.891466007E3	9.146072717E2
3.009614743E1	1.891551491E3	9.114308183E2
3.011283969E1	1.891409292E3	9.054884166E2
3.012953195E1	1.891639637E3	8.973572137E2
3.014622421E1	1.891993006E3	8.879809859E2
3.016291647E1	1.892148661E3	8.766959926E2
3.017960873E1	1.892516163E3	8.654260560E2
3.019630099E1	1.892439964E3	8.589254088E2
3.021299326E1	1.892547988E3	8.565935393E2
3.022968552E1	1.892544810E3	8.556958742E2
3.024637778E1	1.892663945E3	8.552942134E2
3.026307004E1	1.892830160E3	8.548678658E2
3.027976230E1	1.892852022E3	8.544681391E2
3.029645456E1	1.892889128E3	8.540751438E2
3.031314683E1	1.892856499E3	8.538134167E2
3.032983909E1	1.892891588E3	8.537605092E2
3.034653135E1	1.892954963E3	8.531155221E2
3.036322361E1	1.892937078E3	8.524925316E2
3.037991587E1	1.892937502E3	8.507530587E2
3.039660813E1	1.892886458E3	8.483934332E2
3.041330039E1	1.892927005E3	8.474222272E2
3.042999266E1	1.892886031E3	8.470476273E2
3.044668492E1	1.892909760E3	8.468634764E2
3.046337718E1	1.892966187E3	8.463834155E2
3.048006944E1	1.893037620E3	8.449331009E2
3.049676170E1	1.892976585E3	8.427269751E2
3.051345396E1	1.892910028E3	8.414285166E2
3.053014622E1	1.893005723E3	8.407224859E2
3.054683849E1	1.892919848E3	8.399012881E2
3.056353075E1	1.892983399E3	8.384213396E2
