195-I_row-22_post-5_ref
t	x	y
4.887494158E1	1.516810986E3	6.078161110E2
4.889163384E1	1.516818160E3	6.040416858E2
4.890832610E1	1.516830922E3	6.018438579E2
4.892501836E1	1.516850547E3	5.988986168E2
4.894171062E1	1.516937024E3	5.947976945E2
4.895840288E1	1.517153231E3	5.875455904E2
4.897509515E1	1.517120369E3	5.781608919E2
4.899178741E1	1.517571390E3	5.705780243E2
4.900847967E1	1.517558030E3	5.667139016E2
4.902517193E1	1.517684136E3	5.644849738E2
4.904186419E1	1.517524085E3	5.619769360E2
4.905855645E1	1.517678744E3	5.575250103E2
4.907524871E1	1.517794464E3	5.514950590E2
4.909194098E1	1.517715440E3	5.467826668E2
4.910863324E1	1.517833988E3	5.424552971E2
4.912532550E1	1.517816930E3	5.387247623E2
4.914201776E1	1.518212478E3	5.346106095E2
4.915871002E1	1.518229566E3	5.302431923E2
4.917540228E1	1.518331863E3	5.264187795E2
4.919209454E1	1.518176150E3	5.228999275E2
4.920878681E1	1.518359076E3	5.189962045E2
4.922547907E1	1.518493173E3	5.126593178E2
4.924217133E1	1.518559097E3	5.048058558E2
4.925886359E1	1.518882314E3	4.964158485E2
4.927555585E1	1.519110040E3	4.894909065E2
4.929224811E1	1.519148701E3	4.846558594E2
4.930894038E1	1.519268112E3	4.800023637E2
4.932563264E1	1.519426373E3	4.761240885E2
4.934232490E1	1.519356045E3	4.725961010E2
4.935901716E1	1.519322730E3	4.681896507E2
4.937570942E1	1.519523880E3	4.640275999E2
4.939240168E1	1.519741522E3	4.600697485E2
4.940909394E1	1.519786097E3	4.561036722E2
4.942578621E1	1.519851656E3	4.527687332E2
4.944247847E1	1.519874314E3	4.505109215E2
4.945917073E1	1.519969597E3	4.487362134E2
4.947586299E1	1.520199271E3	4.452140154E2
4.949255525E1	1.520361351E3	4.406392355E2
4.950924751E1	1.520511350E3	4.359331485E2
4.952593977E1	1.520267717E3	4.308791238E2
4.954263204E1	1.520613006E3	4.267429188E2
4.955932430E1	1.520595551E3	4.237537900E2
4.957601656E1	1.520677187E3	4.211993532E2
4.959270882E1	1.520836396E3	4.192579314E2
4.960940108E1	1.520628362E3	4.178367999E2
4.962609334E1	1.520654668E3	4.170994651E2
4.964278560E1	1.520618094E3	4.158192446E2
4.965947787E1	1.520696140E3	4.138233179E2
4.967617013E1	1.520668160E3	4.117457819E2
4.969286239E1	1.520654189E3	4.092941746E2
4.970955465E1	1.520687002E3	4.062451928E2
4.972624691E1	1.520866798E3	4.032683214E2
4.974293917E1	1.520662398E3	4.007628257E2
4.975963143E1	1.520671488E3	3.979180885E2
4.977632370E1	1.520942316E3	3.954984078E2
4.979301596E1	1.520759630E3	3.938628427E2
4.980970822E1	1.520672608E3	3.917263243E2
4.982640048E1	1.520728890E3	3.889774116E2
4.984309274E1	1.520850644E3	3.860330690E2
4.985978500E1	1.520769757E3	3.835484835E2
4.987647727E1	1.520717393E3	3.820264421E2
