198-U_row-4_post-5_wire
t	x	y
2.970049501E1	1.434393838E3	-6.470475314E2
2.971716195E1	1.434367961E3	-6.470138255E2
2.973382890E1	1.435188994E3	-6.462850977E2
2.975049584E1	1.436142380E3	-6.461056885E2
2.976716279E1	1.435792640E3	-6.458181899E2
2.978382973E1	1.434513287E3	-6.455595235E2
2.980049667E1	1.433811923E3	-6.447756337E2
2.981716362E1	1.434455475E3	-6.439240896E2
2.983383056E1	1.436065804E3	-6.432145235E2
2.985049751E1	1.436360505E3	-6.431073506E2
2.986716445E1	1.435182503E3	-6.425558208E2
2.988383140E1	1.433858379E3	-6.416912488E2
2.990049834E1	1.434271998E3	-6.401110323E2
2.991716529E1	1.435972443E3	-6.387303146E2
2.993383223E1	1.437121513E3	-6.371055641E2
2.995049917E1	1.436258502E3	-6.362909796E2
2.996716612E1	1.434371514E3	-6.361034323E2
2.998383306E1	1.433716109E3	-6.354604388E2
3.000050001E1	1.435347099E3	-6.345159367E2
3.001716695E1	1.436965206E3	-6.338043974E2
3.003383390E1	1.437119246E3	-6.330742694E2
3.005050084E1	1.435165427E3	-6.328872929E2
3.006716779E1	1.433725744E3	-6.323693167E2
3.008383473E1	1.434486572E3	-6.317205072E2
3.010050168E1	1.436743008E3	-6.307962122E2
3.011716862E1	1.437861916E3	-6.300603679E2
3.013383556E1	1.436290313E3	-6.300461099E2
3.015050251E1	1.434054054E3	-6.295137342E2
3.016716945E1	1.433747514E3	-6.284822164E2
3.018383640E1	1.435746384E3	-6.274809965E2
3.020050334E1	1.437889532E3	-6.266761492E2
3.021717029E1	1.437506177E3	-6.263261938E2
3.023383723E1	1.435616001E3	-6.260439832E2
3.025050418E1	1.434600445E3	-6.253984878E2
3.026717112E1	1.436119224E3	-6.247442883E2
3.028383806E1	1.437972998E3	-6.237928902E2
3.030050501E1	1.438507741E3	-6.232965826E2
3.031717195E1	1.436823572E3	-6.235086141E2
3.033383890E1	1.435166054E3	-6.237819611E2
3.035050584E1	1.435467334E3	-6.239965249E2
3.036717279E1	1.437323953E3	-6.238649090E2
3.038383973E1	1.438456040E3	-6.238083908E2
3.040050668E1	1.438040543E3	-6.234204480E2
3.041717362E1	1.435857616E3	-6.231213103E2
3.043384056E1	1.435392934E3	-6.236956326E2
3.045050751E1	1.436573499E3	-6.238399899E2
3.046717445E1	1.438141321E3	-6.236640854E2
3.048384140E1	1.438346153E3	-6.231635730E2
3.050050834E1	1.437081641E3	-6.227646638E2
3.051717529E1	1.435764907E3	-6.229990856E2
3.053384223E1	1.435827883E3	-6.237687359E2
3.055050918E1	1.436989061E3	-6.237420928E2
3.056717612E1	1.438059180E3	-6.231096837E2
3.058384306E1	1.437552351E3	-6.224140662E2
3.060051001E1	1.436603621E3	-6.223267032E2
3.061717695E1	1.435879434E3	-6.230558330E2
3.063384390E1	1.436149962E3	-6.235012159E2
3.065051084E1	1.437134433E3	-6.233248645E2
3.066717779E1	1.437615095E3	-6.229338082E2
3.068384473E1	1.437363093E3	-6.231935755E2
3.070051168E1	1.436266956E3	-6.246603637E2
3.071717862E1	1.435872587E3	-6.261714738E2
3.073384556E1	1.436434218E3	-6.269045594E2
3.075051251E1	1.437372953E3	-6.262738965E2
3.076717945E1	1.437687601E3	-6.254585338E2
3.078384640E1	1.436899656E3	-6.255293830E2
3.080051334E1	1.436037339E3	-6.262045412E2
3.081718029E1	1.435824033E3	-6.268429688E2
3.083384723E1	1.436559030E3	-6.276135889E2
3.085051418E1	1.437398055E3	-6.270893706E2
3.086718112E1	1.437408772E3	-6.269672311E2
3.088384806E1	1.436622996E3	-6.277255751E2
3.090051501E1	1.436000268E3	-6.285303884E2
3.091718195E1	1.435925145E3	-6.289052063E2
3.093384890E1	1.436910868E3	-6.282972731E2
3.095051584E1	1.437440058E3	-6.275935219E2
3.096718279E1	1.436972697E3	-6.276975912E2
3.098384973E1	1.435323324E3	-6.279001374E2
3.100051668E1	1.434518174E3	-6.284477066E2
3.101718362E1	1.434987884E3	-6.292858737E2
3.103385056E1	1.436394915E3	-6.286335114E2
3.105051751E1	1.436669392E3	-6.277156611E2
3.106718445E1	1.435890880E3	-6.267335450E2
3.108385140E1	1.434542233E3	-6.270865977E2
3.110051834E1	1.434314639E3	-6.261628988E2
3.111718529E1	1.435078185E3	-6.252902273E2
3.113385223E1	1.436202273E3	-6.237073864E2
3.115051918E1	1.436247145E3	-6.301241952E2
3.116718612E1	1.434877782E3	-6.277246525E2
3.118385306E1	1.433731533E3	-6.270078223E2
3.120052001E1	1.434461890E3	-6.283287603E2
3.121718695E1	1.435892222E3	-6.289687899E2
3.123385390E1	1.436653812E3	-6.284235877E2
3.125052084E1	1.435425946E3	-6.285530844E2
