198-U_row-5_post-5_wire
t	x	y
3.846730779E1	1.397025047E3	-6.472539773E2
3.848397473E1	1.397746371E3	-6.449868669E2
3.850064168E1	1.399481987E3	-6.427879886E2
3.851730862E1	1.399923139E3	-6.417317085E2
3.853397557E1	1.396622631E3	-6.410195409E2
3.855064251E1	1.396264740E3	-6.411743825E2
3.856730946E1	1.397705634E3	-6.415528032E2
3.858397640E1	1.399272913E3	-6.415481123E2
3.860064334E1	1.399362747E3	-6.410538300E2
3.861731029E1	1.397774591E3	-6.411617983E2
3.863397723E1	1.396019673E3	-6.412952309E2
3.865064418E1	1.396615533E3	-6.413483705E2
3.866731112E1	1.398558188E3	-6.410286337E2
3.868397807E1	1.399852693E3	-6.403476653E2
3.870064501E1	1.398675582E3	-6.403077022E2
3.871731196E1	1.396466192E3	-6.408391999E2
3.873397890E1	1.395917499E3	-6.412600280E2
3.875064584E1	1.397584669E3	-6.417863860E2
3.876731279E1	1.399601350E3	-6.412574384E2
3.878397973E1	1.399441950E3	-6.407549089E2
3.880064668E1	1.397533507E3	-6.405798694E2
3.881731362E1	1.395752851E3	-6.409985046E2
3.883398057E1	1.396172878E3	-6.410856039E2
3.885064751E1	1.398474507E3	-6.410292549E2
3.886731446E1	1.399604654E3	-6.409797875E2
3.888398140E1	1.398666395E3	-6.407878567E2
3.890064834E1	1.396608786E3	-6.410854129E2
3.891731529E1	1.396106103E3	-6.412332551E2
3.893398223E1	1.397265007E3	-6.417512426E2
3.895064918E1	1.398987159E3	-6.412319394E2
3.896731612E1	1.399163108E3	-6.410640065E2
3.898398307E1	1.397748013E3	-6.408027302E2
3.900065001E1	1.396238406E3	-6.411044790E2
3.901731696E1	1.396345146E3	-6.417574171E2
3.903398390E1	1.397790443E3	-6.418457681E2
3.905065084E1	1.399105343E3	-6.416475246E2
3.906731779E1	1.398789877E3	-6.410599092E2
3.908398473E1	1.397612556E3	-6.410614956E2
3.910065168E1	1.396775490E3	-6.413079326E2
3.911731862E1	1.397136845E3	-6.417494005E2
3.913398557E1	1.398291000E3	-6.417911971E2
3.915065251E1	1.399247657E3	-6.412121600E2
3.916731946E1	1.398652242E3	-6.410693505E2
3.918398640E1	1.397385352E3	-6.410679999E2
3.920065334E1	1.396850570E3	-6.410627876E2
3.921732029E1	1.397193506E3	-6.407913924E2
3.923398723E1	1.398277752E3	-6.397538220E2
3.925065418E1	1.398702775E3	-6.387363886E2
3.926732112E1	1.397972713E3	-6.380201208E2
3.928398807E1	1.396930226E3	-6.379355403E2
3.930065501E1	1.396486846E3	-6.379711263E2
3.931732196E1	1.397233325E3	-6.377988506E2
3.933398890E1	1.398453381E3	-6.379049657E2
3.935065584E1	1.398659898E3	-6.371911011E2
3.936732279E1	1.397545895E3	-6.364177920E2
3.938398973E1	1.396260644E3	-6.356001669E2
3.940065668E1	1.396416243E3	-6.347414584E2
3.941732362E1	1.397796539E3	-6.340931627E2
3.943399057E1	1.398752894E3	-6.332089104E2
3.945065751E1	1.398412515E3	-6.318962989E2
3.946732446E1	1.396709413E3	-6.315018101E2
3.948399140E1	1.396071492E3	-6.311433474E2
3.950065834E1	1.396810428E3	-6.309018738E2
3.951732529E1	1.398737793E3	-6.303445542E2
3.953399223E1	1.399157860E3	-6.297985343E2
3.955065918E1	1.397849797E3	-6.295021364E2
3.956732612E1	1.396281615E3	-6.294110120E2
3.958399307E1	1.396213341E3	-6.294494189E2
3.960066001E1	1.397775814E3	-6.291808198E2
3.961732696E1	1.398863016E3	-6.284951117E2
3.963399390E1	1.398310448E3	-6.279228802E2
3.965066084E1	1.397070171E3	-6.274849675E2
3.966732779E1	1.396241715E3	-6.271618767E2
3.968399473E1	1.397086187E3	-6.271814832E2
3.970066168E1	1.398218928E3	-6.270446575E2
3.971732862E1	1.398864698E3	-6.263556236E2
3.973399557E1	1.397701358E3	-6.262432721E2
3.975066251E1	1.396349595E3	-6.255858492E2
3.976732946E1	1.396269747E3	-6.251678450E2
3.978399640E1	1.397693763E3	-6.251154788E2
3.980066334E1	1.398682522E3	-6.255795268E2
3.981733029E1	1.398414605E3	-6.253873691E2
3.983399723E1	1.397064777E3	-6.248979339E2
3.985066418E1	1.396031639E3	-6.246956305E2
3.986733112E1	1.396978770E3	-6.244943005E2
3.988399807E1	1.398398804E3	-6.245949767E2
3.990066501E1	1.398737515E3	-6.246863276E2
3.991733196E1	1.397567830E3	-6.240091765E2
3.993399890E1	1.396332976E3	-6.233017480E2
3.995066584E1	1.396445226E3	-6.233930874E2
3.996733279E1	1.397443794E3	-6.239596631E2
3.998399973E1	1.398344686E3	-6.245485319E2
4.000066668E1	1.398196693E3	-6.247968593E2
4.001733362E1	1.397128103E3	-6.237441078E2
4.003400057E1	1.396812876E3	-6.232505687E2
4.005066751E1	1.397060676E3	-6.229453132E2
4.006733446E1	1.397798852E3	-6.231622095E2
4.008400140E1	1.398029218E3	-6.233700123E2
4.010066834E1	1.397197151E3	-6.232727050E2
4.011733529E1	1.397006661E3	-6.232868125E2
4.013400223E1	1.397064077E3	-6.233596026E2
4.015066918E1	1.397849350E3	-6.239909194E2
4.016733612E1	1.398096642E3	-6.240929599E2
4.018400307E1	1.397305075E3	-6.240535001E2
4.020067001E1	1.396869266E3	-6.227081042E2
4.021733696E1	1.396928804E3	-6.224719015E2
4.023400390E1	1.397607942E3	-6.227895082E2
4.025067084E1	1.397773826E3	-6.238908061E2
4.026733779E1	1.397669451E3	-6.245461421E2
4.028400473E1	1.397596341E3	-6.246667806E2
4.030067168E1	1.397788843E3	-6.239744810E2
4.031733862E1	1.398111138E3	-6.233787009E2
4.033400557E1	1.397946615E3	-6.233327541E2
4.035067251E1	1.397337359E3	-6.238499490E2
4.036733946E1	1.396984786E3	-6.246651399E2
4.038400640E1	1.397438154E3	-6.247350532E2
4.040067334E1	1.398054139E3	-6.246600612E2
4.041734029E1	1.397821529E3	-6.244859530E2
4.043400723E1	1.397467935E3	-6.246193758E2
4.045067418E1	1.397138257E3	-6.248433987E2
4.046734112E1	1.397283650E3	-6.249862428E2
4.048400807E1	1.397730656E3	-6.248062978E2
4.050067501E1	1.397726904E3	-6.246224988E2
4.051734196E1	1.397286633E3	-6.240011109E2
4.053400890E1	1.396893880E3	-6.241051498E2
4.055067584E1	1.397125701E3	-6.248439552E2
4.056734279E1	1.397663695E3	-6.256118379E2
4.058400973E1	1.397888266E3	-6.254801709E2
4.060067668E1	1.397659021E3	-6.248206816E2
4.061734362E1	1.396749165E3	-6.242412633E2
4.063401057E1	1.397026275E3	-6.242700988E2
4.065067751E1	1.397298636E3	-6.255453059E2
4.066734446E1	1.397751723E3	-6.267563530E2
4.068401140E1	1.397848265E3	-6.272401090E2
4.070067834E1	1.397171897E3	-6.271446323E2
4.071734529E1	1.397033851E3	-6.273795157E2
4.073401223E1	1.397124881E3	-6.278210369E2
4.075067918E1	1.397524137E3	-6.279646728E2
4.076734612E1	1.397515413E3	-6.277153052E2
4.078401307E1	1.397196587E3	-6.269629068E2
4.080068001E1	1.396753712E3	-6.263573285E2
4.081734696E1	1.396903669E3	-6.257947409E2
4.083401390E1	1.397005006E3	-6.262962823E2
4.085068084E1	1.397149895E3	-6.264275091E2
4.086734779E1	1.397207639E3	-6.263933165E2
4.088401473E1	1.396998343E3	-6.262990961E2
4.090068168E1	1.396824256E3	-6.257860975E2
4.091734862E1	1.396426655E3	-6.254630771E2
4.093401557E1	1.396325467E3	-6.247311964E2
4.095068251E1	1.396626051E3	-6.243157686E2
4.096734946E1	1.396707909E3	-6.239982707E2
4.098401640E1	1.396876770E3	-6.240336819E2
4.100068334E1	1.396388699E3	-6.245811160E2
4.101735029E1	1.396380080E3	-6.250958750E2
4.103401723E1	1.396476843E3	-6.253916566E2
4.105068418E1	1.397012392E3	-6.249031690E2
4.106735112E1	1.397049824E3	-6.235196254E2
4.108401807E1	1.396807232E3	-6.225874583E2
4.110068501E1	1.395847330E3	-6.217333999E2
4.111735196E1	1.395433842E3	-6.204263620E2
4.113401890E1	1.395769521E3	-6.189860461E2
4.115068584E1	1.396331132E3	-6.175288455E2
4.116735279E1	1.395905885E3	-6.160061438E2
4.118401973E1	1.394871886E3	-6.142308902E2
4.120068668E1	1.393788884E3	-6.123436647E2
4.121735362E1	1.393971598E3	-6.096856770E2
4.123402057E1	1.394488370E3	-6.068978745E2
4.125068751E1	1.394482059E3	-6.043246434E2
4.126735446E1	1.393275394E3	-6.017640847E2
4.128402140E1	1.392051747E3	-5.996247003E2
4.130068834E1	1.391634093E3	-5.977654203E2
4.131735529E1	1.392280259E3	-5.962539183E2
4.133402223E1	1.392900552E3	-5.950027185E2
4.135068918E1	1.392501807E3	-5.936450378E2
4.136735612E1	1.391060458E3	-5.920077016E2
4.138402307E1	1.390055426E3	-5.903523164E2
4.140069001E1	1.390154643E3	-5.880195346E2
4.141735696E1	1.390778831E3	-5.854999899E2
4.143402390E1	1.390570815E3	-5.834322102E2
