198-U_row-5_post-3_ref
t	x	y
1.221687028E1	6.387631861E2	-4.283229672E2
1.223353723E1	6.387011129E2	-4.274003252E2
1.225020417E1	6.387221379E2	-4.256435959E2
1.226687111E1	6.387507903E2	-4.231408477E2
1.228353806E1	6.385996817E2	-4.207900226E2
1.230020500E1	6.386442903E2	-4.187169682E2
1.231687195E1	6.385489026E2	-4.173191627E2
1.233353889E1	6.386931739E2	-4.159984446E2
1.235020584E1	6.386592916E2	-4.143615585E2
1.236687278E1	6.386023848E2	-4.128073134E2
1.238353973E1	6.385343260E2	-4.114047594E2
1.240020667E1	6.384913572E2	-4.099839406E2
1.241687361E1	6.386660580E2	-4.082945616E2
1.243354056E1	6.386660754E2	-4.064770634E2
1.245020750E1	6.386662168E2	-4.048416528E2
1.246687445E1	6.385640954E2	-4.035950388E2
1.248354139E1	6.383126200E2	-4.020641590E2
1.250020834E1	6.380483088E2	-4.007796283E2
1.251687528E1	6.383159274E2	-3.991148760E2
1.253354223E1	6.380314616E2	-3.975449349E2
1.255020917E1	6.380572357E2	-3.959557623E2
1.256687611E1	6.379998456E2	-3.943530802E2
1.258354306E1	6.379634475E2	-3.924090887E2
1.260021000E1	6.379618692E2	-3.907795809E2
1.261687695E1	6.379305317E2	-3.893037260E2
1.263354389E1	6.379371833E2	-3.882171133E2
1.265021084E1	6.379721040E2	-3.871374060E2
1.266687778E1	6.379508147E2	-3.853215359E2
1.268354473E1	6.379897392E2	-3.844097444E2
1.270021167E1	6.379799021E2	-3.836561963E2
1.271687861E1	6.380116576E2	-3.823633664E2
1.273354556E1	6.379327019E2	-3.815128876E2
1.275021250E1	6.379100363E2	-3.807840165E2
1.276687945E1	6.379461173E2	-3.801459807E2
1.278354639E1	6.379863888E2	-3.800246380E2
1.280021334E1	6.379082657E2	-3.797144712E2
1.281688028E1	6.379691008E2	-3.794613876E2
1.283354723E1	6.379877112E2	-3.792605593E2
1.285021417E1	6.379316620E2	-3.785871852E2
1.286688111E1	6.379785079E2	-3.768745777E2
1.288354806E1	6.378007600E2	-3.741813194E2
1.290021500E1	6.378997298E2	-3.714115905E2
1.291688195E1	6.379203839E2	-3.690702701E2
1.293354889E1	6.378831273E2	-3.669033980E2
1.295021584E1	6.378117422E2	-3.651635697E2
1.296688278E1	6.378926869E2	-3.637103788E2
1.298354973E1	6.377565210E2	-3.623191455E2
1.300021667E1	6.378684792E2	-3.614751380E2
1.301688361E1	6.378344675E2	-3.605605310E2
1.303355056E1	6.379253939E2	-3.595061074E2
1.305021750E1	6.379947793E2	-3.585601073E2
1.306688445E1	6.379358731E2	-3.576654880E2
1.308355139E1	6.378556464E2	-3.567921996E2
1.310021834E1	6.377935947E2	-3.551109406E2
1.311688528E1	6.378545636E2	-3.535124532E2
1.313355223E1	6.379672393E2	-3.518321391E2
1.315021917E1	6.378110235E2	-3.498535191E2
1.316688611E1	6.376212102E2	-3.476736047E2
1.318355306E1	6.377572975E2	-3.457456082E2
1.320022000E1	6.378900999E2	-3.438358633E2
1.321688695E1	6.379336158E2	-3.417577878E2
1.323355389E1	6.376424336E2	-3.400399699E2
1.325022084E1	6.378448985E2	-3.384751284E2
1.326688778E1	6.378500680E2	-3.376681555E2
1.328355473E1	6.380040567E2	-3.371633420E2
1.330022167E1	6.379136597E2	-3.364355732E2
1.331688861E1	6.379886505E2	-3.361975358E2
1.333355556E1	6.377874795E2	-3.359213921E2
1.335022250E1	6.379016894E2	-3.352398198E2
1.336688945E1	6.378154800E2	-3.350378395E2
1.338355639E1	6.379776185E2	-3.346500848E2
1.340022334E1	6.379413156E2	-3.344418233E2
1.341689028E1	6.379619094E2	-3.344732456E2
1.343355723E1	6.379673088E2	-3.344355780E2
1.345022417E1	6.380271853E2	-3.344587955E2
1.346689111E1	6.379742464E2	-3.342464782E2
1.348355806E1	6.380730458E2	-3.342283426E2
1.350022500E1	6.380356076E2	-3.343051893E2
1.351689195E1	6.379510195E2	-3.341221084E2
1.353355889E1	6.380268705E2	-3.339247196E2
1.355022584E1	6.379483886E2	-3.338766821E2
1.356689278E1	6.380089663E2	-3.338779597E2
1.358355973E1	6.380289749E2	-3.338636666E2
1.360022667E1	6.379987279E2	-3.335604195E2
1.361689361E1	6.380539442E2	-3.330985647E2
1.363356056E1	6.381053565E2	-3.319203942E2
1.365022750E1	6.379898915E2	-3.286477455E2
1.366689445E1	6.378564875E2	-3.238702476E2
1.368356139E1	6.376229737E2	-3.188234700E2
1.370022834E1	6.376330771E2	-3.144362989E2
1.371689528E1	6.374599972E2	-3.101246650E2
1.373356223E1	6.372500487E2	-3.042396887E2
1.375022917E1	6.370557577E2	-2.971943551E2
1.376689611E1	6.369578622E2	-2.901072809E2
1.378356306E1	6.368437940E2	-2.851520266E2
1.380023000E1	6.365811438E2	-2.809904701E2
1.381689695E1	6.364813067E2	-2.767597934E2
1.383356389E1	6.363701653E2	-2.720397726E2
1.385023084E1	6.361047040E2	-2.659727775E2
1.386689778E1	6.360689694E2	-2.592654979E2
1.388356473E1	6.356605631E2	-2.506587259E2
1.390023167E1	6.353789295E2	-2.413651651E2
1.391689861E1	6.350594314E2	-2.316289255E2
1.393356556E1	6.347985923E2	-2.231257069E2
1.395023250E1	6.348981217E2	-2.162055855E2
1.396689945E1	6.345154300E2	-2.115263554E2
1.398356639E1	6.343133694E2	-2.062215210E2
1.400023334E1	6.342410862E2	-1.985474006E2
1.401690028E1	6.340412427E2	-1.903155530E2
1.403356723E1	6.339142892E2	-1.848576067E2
1.405023417E1	6.337395340E2	-1.830559148E2
1.406690112E1	6.340305561E2	-1.816333888E2
1.408356806E1	6.336658274E2	-1.802919532E2
1.410023500E1	6.333935843E2	-1.782663614E2
1.411690195E1	6.334405722E2	-1.754642321E2
1.413356889E1	6.332576905E2	-1.725511237E2
1.415023584E1	6.332361748E2	-1.691822520E2
1.416690278E1	6.333080365E2	-1.670362138E2
1.418356973E1	6.332781963E2	-1.655727101E2
1.420023667E1	6.333310193E2	-1.640314335E2
1.421690362E1	6.332514018E2	-1.618405677E2
1.423357056E1	6.330568745E2	-1.586115085E2
1.425023750E1	6.331024341E2	-1.554465682E2
1.426690445E1	6.331434365E2	-1.515321364E2
1.428357139E1	6.329159099E2	-1.490423630E2
1.430023834E1	6.327263522E2	-1.469556977E2
1.431690528E1	6.325832633E2	-1.451060201E2
1.433357223E1	6.326709553E2	-1.428772441E2
1.435023917E1	6.325916544E2	-1.399045080E2
1.436690612E1	6.324327471E2	-1.361772888E2
1.438357306E1	6.324304489E2	-1.318597181E2
1.440024000E1	6.324432930E2	-1.270038202E2
1.441690695E1	6.324826611E2	-1.223204167E2
1.443357389E1	6.319503516E2	-1.166727664E2
1.445024084E1	6.319579061E2	-1.094161605E2
1.446690778E1	6.316377179E2	-9.989297403E1
1.448357473E1	6.311067839E2	-8.834431612E1
1.450024167E1	6.308451907E2	-7.694106422E1
1.451690862E1	6.307126579E2	-6.562617063E1
1.453357556E1	6.305635819E2	-5.655025199E1
1.455024250E1	6.301738690E2	-4.702489022E1
1.456690945E1	6.300443527E2	-3.701668502E1
1.458357639E1	6.298404241E2	-2.736022012E1
1.460024334E1	6.295262173E2	-1.800675117E1
1.461691028E1	6.294862840E2	-8.769926136E0
1.463357723E1	6.292623958E2	2.808553190E0
1.465024417E1	6.287636494E2	1.529866087E1
1.466691112E1	6.285110496E2	2.726061216E1
1.468357806E1	6.283051808E2	3.681085039E1
1.470024500E1	6.280947894E2	4.503943098E1
1.471691195E1	6.280047621E2	5.277569092E1
1.473357889E1	6.274740966E2	6.134743331E1
1.475024584E1	6.269823178E2	7.087235811E1
1.476691278E1	6.262491688E2	7.891837085E1
1.478357973E1	6.260217127E2	8.597517475E1
1.480024667E1	6.269962529E2	9.348150973E1
1.481691362E1	6.271010821E2	9.972977110E1
1.483358056E1	6.266999887E2	1.065409169E2
1.485024750E1	6.264343707E2	1.135488189E2
1.486691445E1	6.263624396E2	1.192317924E2
