198-U_row-5_post-5_ref
t	x	y
3.846730779E1	1.334194801E3	-3.328770745E2
3.848397473E1	1.334066154E3	-3.258474277E2
3.850064168E1	1.334091854E3	-3.214974902E2
3.851730862E1	1.333786582E3	-3.202907356E2
3.853397557E1	1.333585254E3	-3.198378248E2
3.855064251E1	1.333515874E3	-3.196891446E2
3.856730946E1	1.333715906E3	-3.197059720E2
3.858397640E1	1.333414491E3	-3.198106942E2
3.860064334E1	1.333451131E3	-3.196622304E2
3.861731029E1	1.333429277E3	-3.197192435E2
3.863397723E1	1.333425959E3	-3.197506769E2
3.865064418E1	1.333504508E3	-3.197830444E2
3.866731112E1	1.333483711E3	-3.196050745E2
3.868397807E1	1.333420804E3	-3.196010648E2
3.870064501E1	1.333443804E3	-3.195475041E2
3.871731196E1	1.333445288E3	-3.196874901E2
3.873397890E1	1.333466977E3	-3.197244360E2
3.875064584E1	1.333427637E3	-3.197968510E2
3.876731279E1	1.333421400E3	-3.197398574E2
3.878397973E1	1.333410131E3	-3.196775546E2
3.880064668E1	1.333399820E3	-3.197019208E2
3.881731362E1	1.333404070E3	-3.197795454E2
3.883398057E1	1.333421582E3	-3.197403316E2
3.885064751E1	1.333422499E3	-3.197098030E2
3.886731446E1	1.333443162E3	-3.196975864E2
3.888398140E1	1.333448282E3	-3.197322015E2
3.890064834E1	1.333393472E3	-3.196218053E2
3.891731529E1	1.333450757E3	-3.197041151E2
3.893398223E1	1.333466122E3	-3.197200892E2
3.895064918E1	1.333355700E3	-3.195512838E2
3.896731612E1	1.333354940E3	-3.197132947E2
3.898398307E1	1.333404187E3	-3.197112002E2
3.900065001E1	1.333384997E3	-3.196631380E2
3.901731696E1	1.333377669E3	-3.197969276E2
3.903398390E1	1.333375711E3	-3.197574082E2
3.905065084E1	1.333576704E3	-3.197350139E2
3.906731779E1	1.333434658E3	-3.197019316E2
3.908398473E1	1.333502791E3	-3.197697863E2
3.910065168E1	1.333456900E3	-3.197571519E2
3.911731862E1	1.333424142E3	-3.197037407E2
3.913398557E1	1.333431605E3	-3.196634908E2
3.915065251E1	1.333507554E3	-3.194511007E2
3.916731946E1	1.333470786E3	-3.191454347E2
3.918398640E1	1.333196403E3	-3.188005651E2
3.920065334E1	1.333287213E3	-3.179091076E2
3.921732029E1	1.333359602E3	-3.165092606E2
3.923398723E1	1.333419749E3	-3.144476774E2
3.925065418E1	1.333363616E3	-3.120749339E2
3.926732112E1	1.333361767E3	-3.105133954E2
3.928398807E1	1.333387333E3	-3.097419389E2
3.930065501E1	1.333403756E3	-3.094892792E2
3.931732196E1	1.333316378E3	-3.090684345E2
3.933398890E1	1.333389840E3	-3.088216947E2
3.935065584E1	1.333426188E3	-3.073433405E2
3.936732279E1	1.333309614E3	-3.048353613E2
3.938398973E1	1.333292336E3	-3.013882738E2
3.940065668E1	1.333285642E3	-2.980903041E2
3.941732362E1	1.333300482E3	-2.957758162E2
3.943399057E1	1.333223233E3	-2.939734477E2
3.945065751E1	1.333312619E3	-2.918828294E2
3.946732446E1	1.333315674E3	-2.897023509E2
3.948399140E1	1.333318193E3	-2.875982327E2
3.950065834E1	1.333184189E3	-2.854681578E2
3.951732529E1	1.333241595E3	-2.838680370E2
3.953399223E1	1.333328540E3	-2.825227980E2
3.955065918E1	1.333288221E3	-2.818152322E2
3.956732612E1	1.333311601E3	-2.811133018E2
3.958399307E1	1.333332825E3	-2.803360016E2
3.960066001E1	1.333317683E3	-2.792190925E2
3.961732696E1	1.333315051E3	-2.780574830E2
3.963399390E1	1.333211903E3	-2.764700930E2
3.965066084E1	1.333362579E3	-2.749454777E2
3.966732779E1	1.333422251E3	-2.735512828E2
3.968399473E1	1.333422209E3	-2.726465649E2
3.970066168E1	1.333361550E3	-2.715849024E2
3.971732862E1	1.333282312E3	-2.701188052E2
3.973399557E1	1.333383918E3	-2.687957908E2
3.975066251E1	1.333417428E3	-2.678702396E2
3.976732946E1	1.333336021E3	-2.669812191E2
3.978399640E1	1.333425114E3	-2.657836879E2
3.980066334E1	1.333287816E3	-2.649475955E2
3.981733029E1	1.333347908E3	-2.643513665E2
3.983399723E1	1.333252485E3	-2.639142675E2
3.985066418E1	1.333281850E3	-2.630514480E2
3.986733112E1	1.333374570E3	-2.616689510E2
3.988399807E1	1.333397118E3	-2.594587606E2
3.990066501E1	1.333367800E3	-2.579818463E2
3.991733196E1	1.333446499E3	-2.564536562E2
3.993399890E1	1.333142469E3	-2.545967203E2
3.995066584E1	1.333236378E3	-2.529513688E2
3.996733279E1	1.333307280E3	-2.510377491E2
3.998399973E1	1.333230172E3	-2.487354998E2
4.000066668E1	1.333314784E3	-2.470379151E2
4.001733362E1	1.333163034E3	-2.450427621E2
4.003400057E1	1.333322687E3	-2.430191021E2
4.005066751E1	1.333270912E3	-2.402346699E2
4.006733446E1	1.333055525E3	-2.366387014E2
4.008400140E1	1.333204415E3	-2.322588881E2
4.010066834E1	1.333389435E3	-2.279730498E2
4.011733529E1	1.333261062E3	-2.245210564E2
4.013400223E1	1.333013380E3	-2.220073566E2
4.015066918E1	1.332926565E3	-2.198692940E2
4.016733612E1	1.332841404E3	-2.183112160E2
4.018400307E1	1.332664393E3	-2.172705678E2
4.020067001E1	1.332628747E3	-2.157011530E2
4.021733696E1	1.332666875E3	-2.144155218E2
4.023400390E1	1.332763587E3	-2.130362246E2
4.025067084E1	1.332631303E3	-2.120147757E2
4.026733779E1	1.332694778E3	-2.113287203E2
4.028400473E1	1.332720508E3	-2.105298445E2
4.030067168E1	1.332740361E3	-2.093742660E2
4.031733862E1	1.332683200E3	-2.077009818E2
4.033400557E1	1.332533862E3	-2.059774558E2
4.035067251E1	1.332685536E3	-2.044963851E2
4.036733946E1	1.332572512E3	-2.035510660E2
4.038400640E1	1.332566718E3	-2.028245608E2
4.040067334E1	1.332671792E3	-2.022047712E2
4.041734029E1	1.332414947E3	-2.018412169E2
4.043400723E1	1.332592147E3	-2.014849162E2
4.045067418E1	1.332579097E3	-2.005635633E2
4.046734112E1	1.332620357E3	-2.000325562E2
4.048400807E1	1.332642284E3	-1.990823758E2
4.050067501E1	1.332580077E3	-1.982986384E2
4.051734196E1	1.332555729E3	-1.967674651E2
4.053400890E1	1.332462196E3	-1.942413061E2
4.055067584E1	1.332585304E3	-1.904418457E2
4.056734279E1	1.332343081E3	-1.865729849E2
4.058400973E1	1.332276914E3	-1.839353419E2
4.060067668E1	1.332463589E3	-1.819539911E2
4.061734362E1	1.332263031E3	-1.792985041E2
4.063401057E1	1.332266510E3	-1.763199348E2
4.065067751E1	1.332452132E3	-1.711497095E2
4.066734446E1	1.332466762E3	-1.649901036E2
4.068401140E1	1.332395231E3	-1.587607995E2
4.070067834E1	1.332171222E3	-1.527329174E2
4.071734529E1	1.332023359E3	-1.463791975E2
4.073401223E1	1.331825697E3	-1.406612547E2
4.075067918E1	1.331898612E3	-1.358806520E2
4.076734612E1	1.331948720E3	-1.327026291E2
4.078401307E1	1.331693927E3	-1.297841349E2
4.080068001E1	1.331818374E3	-1.271022902E2
4.081734696E1	1.331691785E3	-1.246760994E2
4.083401390E1	1.331556410E3	-1.221265029E2
4.085068084E1	1.331746840E3	-1.183502576E2
4.086734779E1	1.331692141E3	-1.132877590E2
4.088401473E1	1.331492900E3	-1.075515106E2
4.090068168E1	1.331348614E3	-1.030852134E2
4.091734862E1	1.331113872E3	-1.006844456E2
4.093401557E1	1.331105439E3	-9.827943456E1
4.095068251E1	1.331101493E3	-9.606671462E1
4.096734946E1	1.331167563E3	-9.400269539E1
4.098401640E1	1.331157632E3	-9.255137881E1
4.100068334E1	1.331019431E3	-9.125171600E1
4.101735029E1	1.331160662E3	-8.982338185E1
4.103401723E1	1.331062127E3	-8.830662478E1
4.105068418E1	1.330903785E3	-8.578910587E1
4.106735112E1	1.331020263E3	-8.149848162E1
4.108401807E1	1.330783510E3	-7.640738244E1
4.110068501E1	1.330747301E3	-7.122827333E1
4.111735196E1	1.330787553E3	-6.495331299E1
4.113401890E1	1.330546810E3	-5.581622730E1
4.115068584E1	1.330262042E3	-4.580412726E1
4.116735279E1	1.329912944E3	-3.594995755E1
4.118401973E1	1.329650762E3	-2.655293619E1
4.120068668E1	1.329512424E3	-1.577879302E1
4.121735362E1	1.329381778E3	-5.525320509E0
4.123402057E1	1.328834356E3	3.942052221E0
4.125068751E1	1.328650513E3	1.243144618E1
4.126735446E1	1.328437275E3	1.994215319E1
4.128402140E1	1.328584807E3	2.703585175E1
4.130068834E1	1.328130291E3	3.327093856E1
4.131735529E1	1.328083750E3	3.930711979E1
4.133402223E1	1.327692998E3	4.584976326E1
4.135068918E1	1.327617145E3	5.241554484E1
4.136735612E1	1.327889638E3	5.995748971E1
4.138402307E1	1.327395763E3	6.785736429E1
4.140069001E1	1.327111908E3	7.647451592E1
4.141735696E1	1.326972070E3	8.581707017E1
4.143402390E1	1.326514855E3	9.437984873E1
4.145069084E1	1.326411908E3	1.024591208E2
4.146735779E1	1.326290131E3	1.097176899E2
4.148402473E1	1.326161935E3	1.166731971E2
