198-U_row-4_post-5_ref
t	x	y
2.970049501E1	1.917068646E3	-6.853550558E2
2.971716195E1	1.917100010E3	-6.846716283E2
2.973382890E1	1.917059228E3	-6.839261256E2
2.975049584E1	1.917132161E3	-6.831722196E2
2.976716279E1	1.917010425E3	-6.820748007E2
2.978382973E1	1.917050065E3	-6.805941833E2
2.980049667E1	1.917069106E3	-6.783117563E2
2.981716362E1	1.917014748E3	-6.763170528E2
2.983383056E1	1.917055211E3	-6.748612054E2
2.985049751E1	1.916970598E3	-6.737785615E2
2.986716445E1	1.916994207E3	-6.722785595E2
2.988383140E1	1.917018665E3	-6.696552850E2
2.990049834E1	1.917003076E3	-6.657693413E2
2.991716529E1	1.916907972E3	-6.616238497E2
2.993383223E1	1.916513026E3	-6.572193064E2
2.995049917E1	1.916365349E3	-6.536881887E2
2.996716612E1	1.916386210E3	-6.516161239E2
2.998383306E1	1.916324693E3	-6.504997851E2
3.000050001E1	1.916404186E3	-6.489970471E2
3.001716695E1	1.916281529E3	-6.468592657E2
3.003383390E1	1.916349985E3	-6.441344689E2
3.005050084E1	1.916210013E3	-6.411395070E2
3.006716779E1	1.916212288E3	-6.384244323E2
3.008383473E1	1.916163381E3	-6.364307566E2
3.010050168E1	1.916173951E3	-6.346105939E2
3.011716862E1	1.916208907E3	-6.329164930E2
3.013383556E1	1.916085515E3	-6.319218114E2
3.015050251E1	1.916216482E3	-6.303262544E2
3.016716945E1	1.916208803E3	-6.276418127E2
3.018383640E1	1.916202096E3	-6.243837325E2
3.020050334E1	1.916192219E3	-6.213129331E2
3.021717029E1	1.915990885E3	-6.185132512E2
3.023383723E1	1.916101802E3	-6.143090097E2
3.025050418E1	1.915866909E3	-6.095455543E2
3.026717112E1	1.915895068E3	-6.043077217E2
3.028383806E1	1.915501084E3	-5.984517625E2
3.030050501E1	1.915446652E3	-5.930619101E2
3.031717195E1	1.915503555E3	-5.880376415E2
3.033383890E1	1.915379360E3	-5.839811605E2
3.035050584E1	1.915399836E3	-5.817158717E2
3.036717279E1	1.915351624E3	-5.805090371E2
3.038383973E1	1.915366934E3	-5.794226948E2
3.040050668E1	1.915439077E3	-5.769852757E2
3.041717362E1	1.914955316E3	-5.731982699E2
3.043384056E1	1.915038586E3	-5.686262931E2
3.045050751E1	1.914900503E3	-5.645463101E2
3.046717445E1	1.914798439E3	-5.614205764E2
3.048384140E1	1.914763354E3	-5.591057602E2
3.050050834E1	1.914702651E3	-5.559391733E2
3.051717529E1	1.914746558E3	-5.516027048E2
3.053384223E1	1.914517596E3	-5.473869044E2
3.055050918E1	1.914506338E3	-5.434691101E2
3.056717612E1	1.914591591E3	-5.387959575E2
3.058384306E1	1.914391376E3	-5.330143674E2
3.060051001E1	1.914499423E3	-5.289017771E2
3.061717695E1	1.914545956E3	-5.260090161E2
3.063384390E1	1.914550581E3	-5.227495042E2
3.065051084E1	1.914260251E3	-5.184914983E2
3.066717779E1	1.914086626E3	-5.140100034E2
3.068384473E1	1.914102014E3	-5.102952304E2
3.070051168E1	1.913963369E3	-5.063601503E2
3.071717862E1	1.913963656E3	-5.030939307E2
3.073384556E1	1.913910588E3	-5.002802654E2
3.075051251E1	1.913814022E3	-4.975267846E2
3.076717945E1	1.913864734E3	-4.944405574E2
3.078384640E1	1.913836069E3	-4.910332624E2
3.080051334E1	1.913863282E3	-4.868604946E2
3.081718029E1	1.913771802E3	-4.826028354E2
3.083384723E1	1.913852286E3	-4.787926745E2
3.085051418E1	1.913650405E3	-4.749449320E2
3.086718112E1	1.913683341E3	-4.696483547E2
3.088384806E1	1.913626046E3	-4.635093939E2
3.090051501E1	1.913730510E3	-4.562873909E2
3.091718195E1	1.913706732E3	-4.485814615E2
3.093384890E1	1.913711572E3	-4.400662619E2
3.095051584E1	1.913499070E3	-4.329095651E2
3.096718279E1	1.913316235E3	-4.262430161E2
3.098384973E1	1.913161692E3	-4.197415043E2
3.100051668E1	1.913099579E3	-4.131354927E2
3.101718362E1	1.912738055E3	-4.073659455E2
3.103385056E1	1.912652237E3	-4.013078629E2
3.105051751E1	1.912478970E3	-3.955222695E2
3.106718445E1	1.912579437E3	-3.890635751E2
3.108385140E1	1.912395745E3	-3.823463434E2
3.110051834E1	1.912379051E3	-3.733829139E2
3.111718529E1	1.912213959E3	-3.618987241E2
3.113385223E1	1.912078864E3	-3.493111890E2
3.115051918E1	1.911654852E3	-3.356334781E2
3.116718612E1	1.911649303E3	-3.225638421E2
3.118385306E1	1.911264325E3	-3.105925565E2
3.120052001E1	1.911043328E3	-2.978751219E2
3.121718695E1	1.910844964E3	-2.830240772E2
3.123385390E1	1.910564611E3	-2.659500135E2
3.125052084E1	1.910164157E3	-2.481482633E2
3.126718779E1	1.910142309E3	-2.313055865E2
3.128385473E1	1.909632982E3	-2.152858399E2
3.130052168E1	1.909356753E3	-1.997843539E2
3.131718862E1	1.909062841E3	-1.841701231E2
3.133385556E1	1.908732140E3	-1.659750379E2
3.135052251E1	1.908181984E3	-1.467715679E2
3.136718945E1	1.907966679E3	-1.286387816E2
3.138385640E1	1.907660318E3	-1.132142855E2
3.140052334E1	1.907377712E3	-1.003134580E2
3.141719029E1	1.907054216E3	-8.931004422E1
3.143385723E1	1.906660975E3	-7.880244239E1
