198-U_row-5_post-3_wire
t	x	y
1.221687028E1	2.371882924E2	3.511210046E0
1.223353723E1	2.371583235E2	4.155450102E0
1.225020417E1	2.372053869E2	5.064777356E0
1.226687111E1	2.373739379E2	6.400623538E0
1.228353806E1	2.371603146E2	7.286225177E0
1.230020500E1	2.369921717E2	8.067677601E0
1.231687195E1	2.367078262E2	8.932794648E0
1.233353889E1	2.369179792E2	9.639644319E0
1.235020584E1	2.371389258E2	1.050764423E1
1.236687278E1	2.372057102E2	1.116787496E1
1.238353973E1	2.369598073E2	1.186403525E1
1.240020667E1	2.363771155E2	1.207934698E1
1.241687361E1	2.365384118E2	1.306458861E1
1.243354056E1	2.368525009E2	1.433038449E1
1.245020750E1	2.372193242E2	1.503202804E1
1.246687445E1	2.369850249E2	1.529091701E1
1.248354139E1	2.363448936E2	1.582893449E1
1.250020834E1	2.359648399E2	1.631284337E1
1.251687528E1	2.364922298E2	1.732838033E1
1.253354223E1	2.368201189E2	1.820438231E1
1.255020917E1	2.370877725E2	1.898538497E1
1.256687611E1	2.364492309E2	1.971710420E1
1.258354306E1	2.360575269E2	2.035340000E1
1.260021000E1	2.361562566E2	2.122653321E1
1.261687695E1	2.365555694E2	2.190006498E1
1.263354389E1	2.369912935E2	2.269185988E1
1.265021084E1	2.365924788E2	2.284231826E1
1.266687778E1	2.360539176E2	2.354293825E1
1.268354473E1	2.360730322E2	2.418158908E1
1.270021167E1	2.363712840E2	2.452063406E1
1.271687861E1	2.372226028E2	2.515608792E1
1.273354556E1	2.371443545E2	2.565139185E1
1.275021250E1	2.364103612E2	2.553075922E1
1.276687945E1	2.356700418E2	2.568985212E1
1.278354639E1	2.358622529E2	2.578584278E1
1.280021334E1	2.363909571E2	2.617920512E1
1.281688028E1	2.371881650E2	2.655672843E1
1.283354723E1	2.363356099E2	2.707671831E1
1.285021417E1	2.354750373E2	2.730530109E1
1.286688111E1	2.354796052E2	2.786462161E1
1.288354806E1	2.359929384E2	2.831136405E1
1.290021500E1	2.369415244E2	2.962653209E1
1.291688195E1	2.369561298E2	3.043313850E1
1.293354889E1	2.362622763E2	3.113720402E1
1.295021584E1	2.357922493E2	3.157990915E1
1.296688278E1	2.362943967E2	3.267296985E1
1.298354973E1	2.367414203E2	3.344821346E1
1.300021667E1	2.365537120E2	3.431239904E1
1.301688361E1	2.362277685E2	3.486032842E1
1.303355056E1	2.356018021E2	3.493101087E1
1.305021750E1	2.361219844E2	3.480858108E1
1.306688445E1	2.366078110E2	3.442566117E1
1.308355139E1	2.371708746E2	3.487880230E1
1.310021834E1	2.365388494E2	3.576152421E1
1.311688528E1	2.360128393E2	3.654940043E1
1.313355223E1	2.357606573E2	3.718997100E1
1.315021917E1	2.362010167E2	3.796666648E1
1.316688611E1	2.362095203E2	3.871877589E1
1.318355306E1	2.358774317E2	3.904439213E1
1.320022000E1	2.356842569E2	3.741076894E1
1.321688695E1	2.357962675E2	3.662118484E1
1.323355389E1	2.357840415E2	3.600458724E1
1.325022084E1	2.362894083E2	3.556764359E1
1.326688778E1	2.357650676E2	3.530463539E1
1.328355473E1	2.356427669E2	3.582474439E1
1.330022167E1	2.353360956E2	3.608573049E1
1.331688861E1	2.356817771E2	3.502840120E1
1.333355556E1	2.356174336E2	3.501545070E1
1.335022250E1	2.355517047E2	3.504861527E1
1.336688945E1	2.351587084E2	3.498872331E1
1.338355639E1	2.351137487E2	3.496315238E1
1.340022334E1	2.355286479E2	3.500148631E1
1.341689028E1	2.356280314E2	3.503278013E1
1.343355723E1	2.355122792E2	3.505609353E1
1.345022417E1	2.352775011E2	3.559229346E1
1.346689111E1	2.349033619E2	3.568111357E1
1.348355806E1	2.349717665E2	3.512703244E1
1.350022500E1	2.354807634E2	3.495745553E1
1.351689195E1	2.355529688E2	3.453756775E1
1.353355889E1	2.356255259E2	3.422688766E1
1.355022584E1	2.349873355E2	3.426898815E1
1.356689278E1	2.350058428E2	3.422679102E1
1.358355973E1	2.355498424E2	3.433960818E1
1.360022667E1	2.357823599E2	3.468419511E1
1.361689361E1	2.354826912E2	3.517158675E1
1.363356056E1	2.355078489E2	3.575227617E1
1.365022750E1	2.352168680E2	3.663641241E1
1.366689445E1	2.356093028E2	3.661131972E1
1.368356139E1	2.357939769E2	3.591347446E1
1.370022834E1	2.358226099E2	3.521628564E1
1.371689528E1	2.355243047E2	3.583568350E1
1.373356223E1	2.355349907E2	3.498365311E1
1.375022917E1	2.355783512E2	3.628337069E1
1.376689611E1	2.357493267E2	3.405285110E1
1.378356306E1	2.359034816E2	2.722277940E1
1.380023000E1	2.355349785E2	2.529584539E1
1.381689695E1	2.356474467E2	2.482902944E1
1.383356389E1	2.357847740E2	2.372903291E1
1.385023084E1	2.362189418E2	2.204111569E1
1.386689778E1	2.361648584E2	2.081526490E1
1.388356473E1	2.359964375E2	2.119077317E1
1.390023167E1	2.356321488E2	2.132397869E1
1.391689861E1	2.357780603E2	2.139467152E1
1.393356556E1	2.357355255E2	2.054179880E1
1.395023250E1	2.358971757E2	1.988310374E1
1.396689945E1	2.355873834E2	1.824014796E1
1.398356639E1	2.355106498E2	1.877257210E1
1.400023334E1	2.360158922E2	1.758680287E1
1.401690028E1	2.364042282E2	1.701886576E1
1.403356723E1	2.363679396E2	1.608413088E1
1.405023417E1	2.355758971E2	1.567183196E1
1.406690112E1	2.351830593E2	1.610358882E1
1.408356806E1	2.352951797E2	1.674978063E1
1.410023500E1	2.362401285E2	1.733192957E1
1.411690195E1	2.367116296E2	1.714499968E1
1.413356889E1	2.357855179E2	1.527260154E1
1.415023584E1	2.348589080E2	1.519024677E1
1.416690278E1	2.350458378E2	1.435614630E1
1.418356973E1	2.363794271E2	1.449329085E1
1.420023667E1	2.371257996E2	1.497990168E1
1.421690362E1	2.364904947E2	1.516270003E1
1.423357056E1	2.349527738E2	1.496261176E1
1.425023750E1	2.345463422E2	1.505076985E1
1.426690445E1	2.356583004E2	1.584319803E1
1.428357139E1	2.371101731E2	1.431843313E1
1.430023834E1	2.369089821E2	1.429358237E1
1.431690528E1	2.355248751E2	1.388566535E1
1.433357223E1	2.346986958E2	1.361883258E1
1.435023917E1	2.354103136E2	1.421183374E1
1.436690612E1	2.367911188E2	1.421145889E1
1.438357306E1	2.371892379E2	1.466884373E1
1.440024000E1	2.359464923E2	1.500202711E1
1.441690695E1	2.347180190E2	1.366350847E1
1.443357389E1	2.344424574E2	1.342539166E1
1.445024084E1	2.363180730E2	1.456246591E1
1.446690778E1	2.375573582E2	1.372487753E1
1.448357473E1	2.371109800E2	1.278274412E1
1.450024167E1	2.354882466E2	1.136428588E1
1.451690862E1	2.347398950E2	1.140284694E1
1.453357556E1	2.356951961E2	1.175667268E1
1.455024250E1	2.373728019E2	1.232239140E1
1.456690945E1	2.377360937E2	1.267591586E1
1.458357639E1	2.365372928E2	1.223344487E1
1.460024334E1	2.349170987E2	1.250950834E1
1.461691028E1	2.354042901E2	1.136058954E1
1.463357723E1	2.373843128E2	1.109088297E1
1.465024417E1	2.388590319E2	1.143511373E1
1.466691112E1	2.380994956E2	1.153470880E1
1.468357806E1	2.361710224E2	1.148331847E1
1.470024500E1	2.351822050E2	1.154296524E1
1.471691195E1	2.362690278E2	1.227706049E1
1.473357889E1	2.381974609E2	1.142878615E1
1.475024584E1	2.388722173E2	1.336585550E1
1.476691278E1	2.377017140E2	1.079616915E1
1.478357973E1	2.355568560E2	1.334562886E1
1.480024667E1	2.356804625E2	1.334023832E1
1.481691362E1	2.379948834E2	1.226556834E1
1.483358056E1	2.392351221E2	1.490034758E1
