199-I_row-5_post-5_wire
t	x	y
4.976251979E1	5.732906506E1	5.374599849E1
4.977918507E1	5.719424850E1	5.670544451E1
4.979585035E1	5.605508803E1	5.828790602E1
4.981251562E1	5.504227259E1	5.908633247E1
4.982918090E1	5.540502579E1	5.995990841E1
4.984584618E1	5.648592149E1	6.122363519E1
4.986251146E1	5.725929723E1	6.346536497E1
4.987917674E1	5.636662166E1	6.748735618E1
4.989584201E1	5.528380662E1	7.192414721E1
4.991250729E1	5.505323196E1	7.467811128E1
4.992917257E1	5.646148186E1	7.595189870E1
4.994583785E1	5.738321694E1	7.669534512E1
4.996250312E1	5.702101221E1	7.802095832E1
4.997916840E1	5.520603736E1	7.971127877E1
4.999583368E1	5.421072902E1	8.270129085E1
5.001249896E1	5.497149492E1	8.597305514E1
5.002916424E1	5.692199305E1	8.841178790E1
5.004582951E1	5.725224860E1	9.076057979E1
5.006249479E1	5.587419256E1	9.325603226E1
5.007916007E1	5.440659275E1	9.538204892E1
5.009582535E1	5.443107111E1	9.739936181E1
5.011249063E1	5.578191783E1	1.007810966E2
5.012915590E1	5.699666914E1	1.043376163E2
5.014582118E1	5.636480674E1	1.075021903E2
5.016248646E1	5.456733614E1	1.092296732E2
5.017915174E1	5.327708677E1	1.103409643E2
5.019581702E1	5.425106867E1	1.119951451E2
5.021248229E1	5.587950786E1	1.145729231E2
5.022914757E1	5.628375782E1	1.167683327E2
5.024581285E1	5.491197291E1	1.197077375E2
5.026247813E1	5.327906170E1	1.243557562E2
5.027914340E1	5.323352572E1	1.281071831E2
5.029580868E1	5.460429589E1	1.312119945E2
5.031247396E1	5.513658488E1	1.350473980E2
5.032913924E1	5.447812486E1	1.396092208E2
5.034580452E1	5.302054149E1	1.430513085E2
5.036246979E1	5.253454787E1	1.465546820E2
5.037913507E1	5.309676161E1	1.505478936E2
5.039580035E1	5.398606283E1	1.550639795E2
5.041246563E1	5.350503123E1	1.601818688E2
5.042913091E1	5.253186222E1	1.634824376E2
5.044579618E1	5.184424000E1	1.658891189E2
5.046246146E1	5.205258439E1	1.664900652E2
5.047912674E1	5.250354132E1	1.665685943E2
5.049579202E1	5.257581714E1	1.673140780E2
5.051245730E1	5.196774355E1	1.679208530E2
5.052912257E1	5.137860971E1	1.689671085E2
5.054578785E1	5.173255494E1	1.701815161E2
5.056245313E1	5.254029028E1	1.709874382E2
5.057911841E1	5.246605908E1	1.675393262E2
