199-I_row-5_post-5_ref
t	x	y
4.976251979E1	2.569868070E1	4.110582401E2
4.977918507E1	2.555567363E1	4.167209972E2
4.979585035E1	2.551750001E1	4.196674210E2
4.981251562E1	2.551888557E1	4.207675545E2
4.982918090E1	2.569346499E1	4.217363034E2
4.984584618E1	2.562822630E1	4.234000404E2
4.986251146E1	2.568205729E1	4.276521688E2
4.987917674E1	2.542229885E1	4.347001933E2
4.989584201E1	2.548729579E1	4.417597555E2
4.991250729E1	2.533150393E1	4.462252135E2
4.992917257E1	2.557833355E1	4.480585927E2
4.994583785E1	2.547754635E1	4.493814961E2
4.996250312E1	2.544665778E1	4.514455609E2
4.997916840E1	2.553873052E1	4.538540861E2
4.999583368E1	2.549509244E1	4.576448814E2
5.001249896E1	2.523041435E1	4.623449638E2
5.002916424E1	2.515991164E1	4.662103830E2
5.004582951E1	2.502756363E1	4.700835530E2
5.006249479E1	2.487639518E1	4.741556620E2
5.007916007E1	2.478734712E1	4.777624223E2
5.009582535E1	2.492562313E1	4.807207238E2
5.011249063E1	2.477609441E1	4.852275812E2
5.012915590E1	2.471283789E1	4.905047576E2
5.014582118E1	2.446314297E1	4.951518639E2
5.016248646E1	2.456975367E1	4.978832544E2
5.017915174E1	2.443159345E1	4.998201337E2
5.019581702E1	2.429141691E1	5.023408576E2
5.021248229E1	2.417342582E1	5.061847774E2
5.022914757E1	2.406102770E1	5.098477781E2
5.024581285E1	2.414244635E1	5.137699084E2
5.026247813E1	2.408899904E1	5.206485041E2
5.027914340E1	2.393563667E1	5.266065865E2
5.029580868E1	2.399351606E1	5.314323286E2
5.031247396E1	2.376993610E1	5.372169959E2
5.032913924E1	2.335053763E1	5.443743349E2
5.034580452E1	2.342451012E1	5.499670318E2
5.036246979E1	2.340383146E1	5.555803857E2
5.037913507E1	2.325752889E1	5.619539962E2
5.039580035E1	2.320119849E1	5.693108226E2
5.041246563E1	2.273418421E1	5.778098557E2
5.042913091E1	2.276802414E1	5.836457841E2
5.044579618E1	2.267573678E1	5.882049061E2
5.046246146E1	2.261817147E1	5.922969861E2
5.047912674E1	2.257588693E1	5.967016242E2
5.049579202E1	2.252805693E1	5.996461911E2
5.051245730E1	2.252737019E1	6.014534575E2
5.052912257E1	2.246604048E1	6.040284640E2
5.054578785E1	2.247804771E1	6.087226677E2
5.056245313E1	2.229755652E1	6.171172240E2
5.057911841E1	2.197372414E1	6.271574923E2
5.059578368E1	2.180641888E1	6.377336963E2
5.061244896E1	2.172471803E1	6.461387240E2
5.062911424E1	2.160066980E1	6.545246657E2
