199-I_row-5_post-4_wire
t	x	y
4.271310724E1	5.782599633E1	4.888802032E1
4.272977252E1	5.897149115E1	5.209419602E1
4.274643780E1	5.946027749E1	5.989804671E1
4.276310307E1	5.862651165E1	6.757609080E1
4.277976835E1	5.740786946E1	7.094924655E1
4.279643363E1	5.718804683E1	7.225144771E1
4.281309891E1	5.813862535E1	7.338538196E1
4.282976419E1	5.863979823E1	7.528027177E1
4.284642946E1	5.828335263E1	7.748091405E1
4.286309474E1	5.765328892E1	7.894581331E1
4.287976002E1	5.766083134E1	7.941203581E1
4.289642530E1	5.833060194E1	7.939893844E1
4.291309058E1	5.904484308E1	7.997571655E1
4.292975585E1	5.861570607E1	8.177703497E1
4.294642113E1	5.760124146E1	8.519646678E1
4.296308641E1	5.722855003E1	8.941840049E1
4.297975169E1	5.791722374E1	9.220152866E1
4.299641697E1	5.866078303E1	9.329321718E1
4.301308224E1	5.846836299E1	9.408664296E1
4.302974752E1	5.746510949E1	9.533677714E1
4.304641280E1	5.697868390E1	9.786558874E1
4.306307808E1	5.753842593E1	1.010711130E2
4.307974335E1	5.886476334E1	1.044637244E2
4.309640863E1	5.897617226E1	1.078454456E2
4.311307391E1	5.812369385E1	1.101542591E2
4.312973919E1	5.673327701E1	1.118998432E2
4.314640447E1	5.627984673E1	1.141510073E2
4.316306974E1	5.713203805E1	1.177588325E2
4.317973502E1	5.799129177E1	1.254549959E2
4.319640030E1	5.761412573E1	1.341639498E2
4.321306558E1	5.632822830E1	1.409210738E2
4.322973086E1	5.532639932E1	1.456780230E2
4.324639613E1	5.576962720E1	1.499851800E2
4.326306141E1	5.642895128E1	1.554993117E2
4.327972669E1	5.619493925E1	1.619011826E2
4.329639197E1	5.517259874E1	1.663747580E2
4.331305725E1	5.413047549E1	1.685523485E2
4.332972252E1	5.396607463E1	1.693027621E2
4.334638780E1	5.465780277E1	1.683419983E2
4.336305308E1	5.498930049E1	1.669364640E2
4.337971836E1	5.453485418E1	1.662847189E2
4.339638363E1	5.386986645E1	1.662662336E2
4.341304891E1	5.394948298E1	1.668577623E2
4.342971419E1	5.466200273E1	1.668484972E2
4.344637947E1	5.488042994E1	1.662038924E2
4.346304475E1	5.459696904E1	1.652520697E2
4.347971002E1	5.394656692E1	1.652027420E2
4.349637530E1	5.379771382E1	1.647193214E2
