199-I_row-5_post-2_ref
t	x	y
3.071410716E1	6.445738665E1	4.399520683E2
3.073077244E1	6.449587256E1	4.411289077E2
3.074743771E1	6.450212016E1	4.427403778E2
3.076410299E1	6.445664543E1	4.453608782E2
3.078076827E1	6.428144714E1	4.514000602E2
3.079743355E1	6.427920538E1	4.634459322E2
3.081409883E1	6.334742849E1	4.846131114E2
3.083076410E1	6.332406812E1	5.044650662E2
3.084742938E1	6.300602782E1	5.216117340E2
3.086409466E1	6.271924362E1	5.390965814E2
3.088075994E1	6.225305559E1	5.590073566E2
3.089742521E1	6.211096782E1	5.723853361E2
3.091409049E1	6.212310393E1	5.748531826E2
3.093075577E1	6.225369079E1	5.749303195E2
3.094742105E1	6.219471246E1	5.748812702E2
3.096408633E1	6.211783093E1	5.750915413E2
3.098075160E1	6.209957143E1	5.755027024E2
3.099741688E1	6.215263144E1	5.772756663E2
3.101408216E1	6.207575146E1	5.807736481E2
3.103074744E1	6.216741463E1	5.844396070E2
3.104741272E1	6.208265189E1	5.878526692E2
3.106407799E1	6.195200533E1	5.909419257E2
3.108074327E1	6.203559775E1	5.937002956E2
3.109740855E1	6.196335375E1	5.975764052E2
3.111407383E1	6.191323369E1	6.025678862E2
3.113073911E1	6.194881100E1	6.077071360E2
3.114740438E1	6.186475846E1	6.129589539E2
3.116406966E1	6.169739469E1	6.175918935E2
3.118073494E1	6.168877562E1	6.219823208E2
3.119740022E1	6.143820254E1	6.262695660E2
3.121406549E1	6.140432944E1	6.289583069E2
3.123073077E1	6.136739342E1	6.306018382E2
3.124739605E1	6.138624654E1	6.316348038E2
3.126406133E1	6.136940080E1	6.323787143E2
3.128072661E1	6.140119387E1	6.336007871E2
3.129739188E1	6.140903062E1	6.357858360E2
3.131405716E1	6.134153429E1	6.396205705E2
3.133072244E1	6.130276493E1	6.430350176E2
3.134738772E1	6.128589713E1	6.454045310E2
3.136405300E1	6.135661210E1	6.468903304E2
3.138071827E1	6.129665462E1	6.486564861E2
3.139738355E1	6.135278874E1	6.527107707E2
3.141404883E1	6.124540264E1	6.586020194E2
3.143071411E1	6.096394063E1	6.642158677E2
3.144737939E1	6.074591980E1	6.683943399E2
3.146404466E1	6.068923363E1	6.720125974E2
3.148070994E1	6.078134940E1	6.749053562E2
3.149737522E1	6.059993830E1	6.781153731E2
3.151404050E1	6.039807671E1	6.826568689E2
3.153070577E1	6.042639492E1	6.889835080E2
3.154737105E1	6.029151574E1	6.950226613E2
3.156403633E1	6.036491618E1	6.994202200E2
3.158070161E1	6.027206629E1	7.030683201E2
3.159736689E1	6.025226287E1	7.071539413E2
3.161403216E1	6.018915866E1	7.121990631E2
3.163069744E1	5.992357904E1	7.179575519E2
3.164736272E1	5.989518545E1	7.233588871E2
3.166402800E1	5.977037280E1	7.285635583E2
3.168069328E1	5.974176226E1	7.333613452E2
3.169735855E1	5.943169329E1	7.381022049E2
3.171402383E1	5.914274921E1	7.423616684E2
3.173068911E1	5.914439775E1	7.465224587E2
3.174735439E1	5.909083380E1	7.503585765E2
3.176401967E1	5.912945247E1	7.540011415E2
3.178068494E1	5.905380051E1	7.573147528E2
3.179735022E1	5.899083143E1	7.592951884E2
3.181401550E1	5.901534722E1	7.602331414E2
3.183068078E1	5.893323046E1	7.610470715E2
3.184734605E1	5.903623348E1	7.609788272E2
