199-I_row-5_post-3_wire
t	x	y
3.663028081E1	2.604477057E1	5.285556379E1
3.664694609E1	2.689878196E1	5.525135526E1
3.666361137E1	2.835693185E1	5.661772398E1
3.668027664E1	2.866514234E1	5.743575602E1
3.669694192E1	2.749345459E1	5.840417633E1
3.671360720E1	2.604426762E1	6.089547079E1
3.673027248E1	2.570243877E1	6.484586413E1
3.674693776E1	2.722318374E1	6.736082349E1
3.676360303E1	2.854850217E1	6.754383383E1
3.678026831E1	2.853412144E1	6.741415497E1
3.679693359E1	2.741034704E1	6.738357060E1
3.681359887E1	2.657137206E1	6.747186958E1
3.683026414E1	2.681992932E1	6.741466129E1
3.684692942E1	2.782954928E1	6.789089425E1
3.686359470E1	2.819291631E1	6.820031470E1
3.688025998E1	2.753254730E1	6.890286874E1
3.689692526E1	2.650692918E1	6.904914874E1
3.691359053E1	2.630745754E1	6.963166128E1
3.693025581E1	2.740641165E1	7.004811995E1
3.694692109E1	2.855048395E1	7.090847122E1
3.696358637E1	2.832205366E1	7.123541692E1
3.698025165E1	2.768414587E1	7.126537985E1
3.699691692E1	2.679461072E1	7.194528002E1
3.701358220E1	2.706669920E1	7.269448055E1
3.703024748E1	2.764536998E1	7.439827959E1
3.704691276E1	2.807044127E1	7.704988581E1
3.706357804E1	2.767935359E1	7.903057447E1
3.708024331E1	2.705452342E1	8.043421179E1
3.709690859E1	2.691100337E1	8.154142219E1
3.711357387E1	2.742922890E1	8.241848877E1
3.713023915E1	2.768316446E1	8.344131087E1
3.714690442E1	2.760991561E1	8.431671749E1
3.716356970E1	2.712556854E1	8.588560588E1
3.718023498E1	2.699959027E1	8.803408530E1
3.719690026E1	2.706186800E1	9.050002449E1
3.721356554E1	2.732853185E1	9.498694523E1
3.723023081E1	2.727557251E1	1.006651477E2
3.724689609E1	2.678398289E1	1.072690129E2
3.726356137E1	2.617835542E1	1.144785825E2
3.728022665E1	2.607045274E1	1.222775289E2
3.729689193E1	2.642978567E1	1.303137492E2
3.731355720E1	2.658598726E1	1.370774294E2
3.733022248E1	2.588347541E1	1.416207539E2
3.734688776E1	2.532180901E1	1.445080198E2
3.736355304E1	2.461632751E1	1.474295346E2
3.738021832E1	2.475731578E1	1.521661288E2
3.739688359E1	2.497785192E1	1.570002158E2
3.741354887E1	2.527528500E1	1.606166314E2
3.743021415E1	2.516501076E1	1.624092772E2
3.744687943E1	2.482603578E1	1.631371822E2
3.746354470E1	2.433438138E1	1.637006340E2
3.748020998E1	2.439748996E1	1.644683229E2
3.749687526E1	2.437608143E1	1.649175893E2
3.751354054E1	2.454235631E1	1.628274872E2
