199-I_row-5_post-2_wire
t	x	y
3.071410716E1	6.926382288E1	4.826747239E1
3.073077244E1	6.849974614E1	4.972591297E1
3.074743771E1	6.791095662E1	5.137834710E1
3.076410299E1	6.765991813E1	5.283086678E1
3.078076827E1	6.863893731E1	5.415900653E1
3.079743355E1	7.011003400E1	5.886440651E1
3.081409883E1	7.002229143E1	7.167580841E1
3.083076410E1	6.868791631E1	8.493722310E1
3.084742938E1	6.727390288E1	9.683694557E1
3.086409466E1	6.751880150E1	1.088866049E2
3.088075994E1	6.841966029E1	1.219660234E2
3.089742521E1	6.839017416E1	1.296715107E2
3.091409049E1	6.747543317E1	1.311467460E2
3.093075577E1	6.698805550E1	1.314477677E2
3.094742105E1	6.731073465E1	1.316541618E2
3.096408633E1	6.824902237E1	1.317638102E2
3.098075160E1	6.855860332E1	1.317116104E2
3.099741688E1	6.799351226E1	1.327274473E2
3.101408216E1	6.674533995E1	1.355783557E2
3.103074744E1	6.670077135E1	1.385392002E2
3.104741272E1	6.728123864E1	1.409394111E2
3.106407799E1	6.767282549E1	1.428186928E2
3.108074327E1	6.738774477E1	1.441322575E2
3.109740855E1	6.651162526E1	1.463375343E2
3.111407383E1	6.611621037E1	1.495154712E2
3.113073911E1	6.708002511E1	1.529280929E2
3.114740438E1	6.775641330E1	1.563966037E2
3.116406966E1	6.752583856E1	1.592989336E2
3.118073494E1	6.649839101E1	1.620335555E2
3.119740022E1	6.528853189E1	1.640210476E2
3.121406549E1	6.563414543E1	1.653376615E2
3.123073077E1	6.674075658E1	1.656424592E2
3.124739605E1	6.730010316E1	1.655415850E2
3.126406133E1	6.649310132E1	1.654192875E2
3.128072661E1	6.537707216E1	1.655919072E2
3.129739188E1	6.555158380E1	1.669757577E2
3.131405716E1	6.649512254E1	1.685289208E2
3.133072244E1	6.729663186E1	1.670935993E2
3.134738772E1	6.650463383E1	1.667784342E2
3.136405300E1	6.530904914E1	1.655769832E2
3.138071827E1	6.520034170E1	1.647355013E2
3.139738355E1	6.628041458E1	1.630843333E2
3.141404883E1	6.717136886E1	1.582167364E2
