199-I_row-4_post-6_ref
t	x	y
1.374885426E1	4.527219279E2	8.543644174E1
1.376551954E1	4.528203472E2	8.156341456E1
1.378218482E1	4.527644166E2	7.923880561E1
1.379885010E1	4.527817658E2	7.685885117E1
1.381551537E1	4.528137493E2	7.461748007E1
1.383218065E1	4.527966869E2	7.230453959E1
1.384884593E1	4.527230547E2	7.007995307E1
1.386551121E1	4.527721770E2	6.798454055E1
1.388217649E1	4.527712797E2	6.642985671E1
1.389884176E1	4.527461402E2	6.562454844E1
1.391550704E1	4.527435464E2	6.475183774E1
1.393217232E1	4.526962795E2	6.333562950E1
1.394883760E1	4.528110169E2	6.276488964E1
1.396550287E1	4.527293224E2	6.175973490E1
1.398216815E1	4.527402439E2	6.084276796E1
1.399883343E1	4.527252707E2	5.955779954E1
1.401549871E1	4.527867999E2	5.781708013E1
1.403216399E1	4.529035171E2	5.589114824E1
1.404882926E1	4.528317099E2	5.386638934E1
1.406549454E1	4.527196119E2	5.165574347E1
1.408215982E1	4.527401212E2	4.862253435E1
1.409882510E1	4.527124455E2	4.576204988E1
1.411549038E1	4.527182503E2	4.393186819E1
1.413215565E1	4.528158744E2	4.176413744E1
1.414882093E1	4.528827136E2	3.866945753E1
1.416548621E1	4.528410753E2	3.423556844E1
1.418215149E1	4.528804759E2	2.852432763E1
1.419881677E1	4.528816552E2	2.083285128E1
1.421548204E1	4.530909724E2	1.188995469E1
1.423214732E1	4.529414974E2	4.990710563E0
1.424881260E1	4.529630876E2	3.929869716E-1
1.426547788E1	4.529065535E2	-3.409031267E0
1.428214315E1	4.531579673E2	-7.975024974E0
1.429880843E1	4.533188640E2	-1.297542557E1
1.431547371E1	4.534486910E2	-1.804205718E1
1.433213899E1	4.534896787E2	-2.282138931E1
1.434880427E1	4.534494837E2	-2.684317461E1
1.436546954E1	4.534416597E2	-3.036535509E1
1.438213482E1	4.534950515E2	-3.317890987E1
1.439880010E1	4.535698324E2	-3.573796254E1
1.441546538E1	4.536718940E2	-3.856895619E1
1.443213066E1	4.535553958E2	-4.165531881E1
1.444879593E1	4.535196431E2	-4.481400051E1
1.446546121E1	4.535652602E2	-4.809791968E1
1.448212649E1	4.536952297E2	-5.166263746E1
1.449879177E1	4.536479736E2	-5.560547109E1
1.451545705E1	4.536212325E2	-5.867888021E1
1.453212232E1	4.535086926E2	-6.092611038E1
1.454878760E1	4.536080717E2	-6.365402207E1
1.456545288E1	4.537113647E2	-6.615315957E1
1.458211816E1	4.536162658E2	-6.853836375E1
1.459878343E1	4.536804115E2	-7.159314666E1
1.461544871E1	4.536960171E2	-7.553013982E1
1.463211399E1	4.537171630E2	-8.019036145E1
1.464877927E1	4.540127510E2	-8.565532920E1
1.466544455E1	4.540225447E2	-9.081966251E1
1.468210982E1	4.542676687E2	-9.542998109E1
1.469877510E1	4.543086518E2	-9.903964078E1
1.471544038E1	4.541811060E2	-1.021746593E2
1.473210566E1	4.543269100E2	-1.052633498E2
1.474877094E1	4.543044555E2	-1.084325804E2
1.476543621E1	4.543957340E2	-1.118574091E2
1.478210149E1	4.542784349E2	-1.151830738E2
1.479876677E1	4.543171348E2	-1.181445197E2
1.481543205E1	4.547124609E2	-1.214633063E2
1.483209733E1	4.546721549E2	-1.255196308E2
1.484876260E1	4.548484548E2	-1.301099180E2
1.486542788E1	4.548248221E2	-1.351359441E2
1.488209316E1	4.549622079E2	-1.397883954E2
1.489875844E1	4.550160487E2	-1.433392934E2
1.491542371E1	4.550108018E2	-1.466652129E2
1.493208899E1	4.551631538E2	-1.507054575E2
1.494875427E1	4.551524502E2	-1.550896337E2
1.496541955E1	4.550546349E2	-1.596658943E2
1.498208483E1	4.551722448E2	-1.643323471E2
1.499875010E1	4.555062653E2	-1.689414877E2
1.501541538E1	4.555986542E2	-1.736976024E2
1.503208066E1	4.556381463E2	-1.779711177E2
1.504874594E1	4.558740028E2	-1.821536593E2
1.506541122E1	4.557853988E2	-1.857748452E2
1.508207649E1	4.559134521E2	-1.900692419E2
1.509874177E1	4.558608197E2	-1.950417059E2
1.511540705E1	4.560261787E2	-2.002696374E2
1.513207233E1	4.561226146E2	-2.046969356E2
1.514873761E1	4.561617505E2	-2.086334147E2
1.516540288E1	4.562858030E2	-2.118086059E2
1.518206816E1	4.564374467E2	-2.156210449E2
1.519873344E1	4.564530708E2	-2.200046842E2
1.521539872E1	4.566183439E2	-2.239969266E2
1.523206399E1	4.565424409E2	-2.277877000E2
1.524872927E1	4.566461660E2	-2.315149295E2
1.526539455E1	4.566980173E2	-2.350765494E2
1.528205983E1	4.567598738E2	-2.386596041E2
1.529872511E1	4.567499593E2	-2.422951573E2
1.531539038E1	4.568865853E2	-2.447000475E2
1.533205566E1	4.566208588E2	-2.468106848E2
1.534872094E1	4.568153532E2	-2.492268200E2
1.536538622E1	4.566836053E2	-2.507876655E2
1.538205150E1	4.566491266E2	-2.516807256E2
1.539871677E1	4.566970713E2	-2.528872454E2
1.541538205E1	4.566978936E2	-2.547129682E2
1.543204733E1	4.567535979E2	-2.563860386E2
1.544871261E1	4.570453086E2	-2.584384736E2
1.546537789E1	4.571012706E2	-2.608288128E2
1.548204316E1	4.571393095E2	-2.637329569E2
1.549870844E1	4.571937092E2	-2.662797787E2
1.551537372E1	4.569625237E2	-2.686982086E2
1.553203900E1	4.571842869E2	-2.723515408E2
1.554870427E1	4.574044537E2	-2.767822647E2
1.556536955E1	4.573897784E2	-2.799429876E2
1.558203483E1	4.573933947E2	-2.817766529E2
1.559870011E1	4.573030124E2	-2.828928974E2
1.561536539E1	4.573230226E2	-2.839253763E2
1.563203066E1	4.573637553E2	-2.846638422E2
1.564869594E1	4.573972039E2	-2.849791490E2
1.566536122E1	4.573419242E2	-2.852136332E2
1.568202650E1	4.574402049E2	-2.853078455E2
1.569869178E1	4.574475285E2	-2.855935014E2
1.571535705E1	4.574115532E2	-2.860803629E2
1.573202233E1	4.573753540E2	-2.861881221E2
1.574868761E1	4.573912212E2	-2.867112847E2
1.576535289E1	4.573955007E2	-2.877379441E2
1.578201817E1	4.574288137E2	-2.904853321E2
1.579868344E1	4.575629716E2	-2.939323629E2
1.581534872E1	4.575245319E2	-2.973633162E2
1.583201400E1	4.575344866E2	-2.997232400E2
1.584867928E1	4.576638514E2	-3.022017628E2
1.586534455E1	4.574486630E2	-3.055602167E2
1.588200983E1	4.574872523E2	-3.096629068E2
1.589867511E1	4.576682727E2	-3.141854807E2
1.591534039E1	4.577886615E2	-3.190457377E2
1.593200567E1	4.578614672E2	-3.246443177E2
1.594867094E1	4.579911412E2	-3.304998175E2
1.596533622E1	4.582864181E2	-3.357271869E2
1.598200150E1	4.582192158E2	-3.395737808E2
1.599866678E1	4.582936772E2	-3.432847011E2
1.601533206E1	4.584002274E2	-3.481678453E2
1.603199733E1	4.584512778E2	-3.524999761E2
1.604866261E1	4.583445512E2	-3.552683874E2
1.606532789E1	4.585043800E2	-3.571228985E2
1.608199317E1	4.585703042E2	-3.587834920E2
1.609865845E1	4.585943749E2	-3.612797425E2
1.611532372E1	4.588973256E2	-3.634575255E2
1.613198900E1	4.587557919E2	-3.646790699E2
1.614865428E1	4.588956028E2	-3.652190468E2
1.616531956E1	4.588609664E2	-3.655414207E2
1.618198483E1	4.588854739E2	-3.657646008E2
1.619865011E1	4.588261708E2	-3.658438799E2
1.621531539E1	4.589073562E2	-3.660730107E2
1.623198067E1	4.588920467E2	-3.662414639E2
1.624864595E1	4.588618382E2	-3.665159933E2
1.626531122E1	4.588605737E2	-3.664725684E2
1.628197650E1	4.588737541E2	-3.664736904E2
1.629864178E1	4.588741358E2	-3.664798476E2
1.631530706E1	4.588696259E2	-3.665191527E2
1.633197234E1	4.588812048E2	-3.666120815E2
1.634863761E1	4.588835932E2	-3.665517828E2
1.636530289E1	4.588511992E2	-3.666171574E2
1.638196817E1	4.589059097E2	-3.666425387E2
1.639863345E1	4.588220493E2	-3.665792916E2
1.641529873E1	4.588385268E2	-3.665843726E2
1.643196400E1	4.588562844E2	-3.665852673E2
1.644862928E1	4.588130619E2	-3.668245465E2
1.646529456E1	4.588353677E2	-3.670759696E2
1.648195984E1	4.588215999E2	-3.673353938E2
1.649862511E1	4.588585885E2	-3.673509019E2
1.651529039E1	4.588627453E2	-3.673100901E2
1.653195567E1	4.588415397E2	-3.672877564E2
1.654862095E1	4.588925431E2	-3.673618652E2
1.656528623E1	4.588169975E2	-3.673142506E2
1.658195150E1	4.588063412E2	-3.673317919E2
1.659861678E1	4.588326705E2	-3.673544074E2
1.661528206E1	4.588255612E2	-3.672721932E2
1.663194734E1	4.588669227E2	-3.672840297E2
1.664861262E1	4.589087775E2	-3.672256313E2
1.666527789E1	4.587788284E2	-3.669990768E2
1.668194317E1	4.587696619E2	-3.664540051E2
1.669860845E1	4.588285021E2	-3.651187705E2
1.671527373E1	4.587589134E2	-3.613361284E2
1.673193901E1	4.586285782E2	-3.561629397E2
1.674860428E1	4.586381861E2	-3.498180989E2
1.676526956E1	4.585694304E2	-3.429071324E2
1.678193484E1	4.584776522E2	-3.349744826E2
1.679860012E1	4.582593920E2	-3.244493762E2
1.681526539E1	4.578700711E2	-3.124147061E2
