199-I_row-4_post-6_wire
t	x	y
1.374885426E1	5.843509658E1	6.534494011E1
1.376551954E1	5.854165160E1	6.304370385E1
1.378218482E1	5.804979815E1	6.155178698E1
1.379885010E1	5.754320691E1	6.000750897E1
1.381551537E1	5.776451669E1	5.847197846E1
1.383218065E1	5.838989284E1	5.698474191E1
1.384884593E1	5.862958281E1	5.594662607E1
1.386551121E1	5.830693113E1	5.471641750E1
1.388217649E1	5.782411144E1	5.387056383E1
1.389884176E1	5.772068305E1	5.317101856E1
1.391550704E1	5.832559287E1	5.256178258E1
1.393217232E1	5.857340085E1	5.170734730E1
1.394883760E1	5.832315149E1	5.167666014E1
1.396550287E1	5.765354058E1	5.149661663E1
1.398216815E1	5.744061658E1	5.088235420E1
1.399883343E1	5.777224841E1	4.999248061E1
1.401549871E1	5.841940125E1	4.890783608E1
1.403216399E1	5.855487990E1	4.780086845E1
1.404882926E1	5.816336866E1	4.688336461E1
1.406549454E1	5.780592686E1	4.560662624E1
1.408215982E1	5.792332372E1	4.385152691E1
1.409882510E1	5.820826802E1	4.222867416E1
1.411549038E1	5.829188885E1	4.121272506E1
1.413215565E1	5.786887402E1	4.063076735E1
1.414882093E1	5.773359637E1	3.932065085E1
1.416548621E1	5.787722302E1	3.695450473E1
1.418215149E1	5.843088830E1	3.386655154E1
1.419881677E1	5.843473410E1	2.999570825E1
1.421548204E1	5.811530941E1	2.567363721E1
1.423214732E1	5.768599645E1	2.284442300E1
1.424881260E1	5.798821893E1	2.111213696E1
1.426547788E1	5.836265289E1	1.952105132E1
1.428214315E1	5.862559879E1	1.805137864E1
1.429880843E1	5.812159852E1	1.713413781E1
1.431547371E1	5.780033781E1	1.741147650E1
1.433213899E1	5.781287406E1	1.745845224E1
1.434880427E1	5.816526557E1	1.693597458E1
1.436546954E1	5.843057818E1	1.637124218E1
1.438213482E1	5.834667826E1	1.608025662E1
1.439880010E1	5.802974353E1	1.630737818E1
1.441546538E1	5.812907354E1	1.694175029E1
1.443213066E1	5.834844933E1	1.697637044E1
1.444879593E1	5.852531703E1	1.704264115E1
1.446546121E1	5.816447241E1	1.684867093E1
1.448212649E1	5.795233596E1	1.708243410E1
1.449879177E1	5.780432707E1	1.720076549E1
1.451545705E1	5.824342167E1	1.710278184E1
1.453212232E1	5.839025564E1	1.686894450E1
1.454878760E1	5.839129352E1	1.645289151E1
1.456545288E1	5.785378009E1	1.626821475E1
1.458211816E1	5.776720135E1	1.651660373E1
1.459878343E1	5.815514646E1	1.658027577E1
1.461544871E1	5.859781567E1	1.662522140E1
1.463211399E1	5.826260421E1	1.627491779E1
1.464877927E1	5.788773966E1	1.561264484E1
1.466544455E1	5.740612290E1	1.525916252E1
1.468210982E1	5.807542611E1	1.543758872E1
1.469877510E1	5.861668990E1	1.601021195E1
1.471544038E1	5.832772189E1	1.598773692E1
1.473210566E1	5.788719197E1	1.582682915E1
1.474877094E1	5.730911515E1	1.545883663E1
1.476543621E1	5.781693973E1	1.995552935E1
1.478210149E1	5.866599316E1	2.305801370E1
1.479876677E1	5.883595818E1	2.390602672E1
1.481543205E1	5.866083379E1	2.392927944E1
1.483209733E1	5.788448099E1	2.330449731E1
1.484876260E1	5.799607181E1	2.325633536E1
1.486542788E1	5.842078788E1	2.363578665E1
1.488209316E1	5.901930600E1	2.446719103E1
1.489875844E1	5.861134411E1	2.919710407E1
1.491542371E1	5.784769379E1	2.870220440E1
1.493208899E1	5.766722733E1	2.847894063E1
1.494875427E1	5.837372775E1	2.856222363E1
1.496541955E1	5.887918556E1	2.851007717E1
1.498208483E1	5.896156664E1	2.853892717E1
1.499875010E1	5.835585458E1	2.863613001E1
1.501541538E1	5.788320552E1	3.055547349E1
1.503208066E1	5.784308838E1	3.021837654E1
1.504874594E1	5.869066440E1	3.008688718E1
1.506541122E1	5.872268978E1	3.011337390E1
1.508207649E1	5.809169088E1	3.171881920E1
1.509874177E1	5.739937093E1	3.111894727E1
1.511540705E1	5.754168585E1	3.045842911E1
1.513207233E1	5.811089319E1	3.057881115E1
1.514873761E1	5.855619642E1	3.076994791E1
1.516540288E1	5.824404191E1	3.083287784E1
1.518206816E1	5.771823634E1	3.043978354E1
1.519873344E1	5.715874563E1	2.952507231E1
1.521539872E1	5.748774702E1	2.913209576E1
1.523206399E1	5.769220991E1	2.922938551E1
1.524872927E1	5.781503453E1	2.926694711E1
1.526539455E1	5.734604674E1	2.903496291E1
1.528205983E1	5.687317027E1	2.871423735E1
1.529872511E1	5.683779206E1	2.772376735E1
1.531539038E1	5.750551410E1	2.795221472E1
