199-I_row-5_post-4_ref
t	x	y
4.271310724E1	6.894203973E1	4.450591676E2
4.272977252E1	6.881279298E1	4.522068989E2
4.274643780E1	6.841630138E1	4.665245920E2
4.276310307E1	6.825113487E1	4.797002015E2
4.277976835E1	6.817016582E1	4.858289056E2
4.279643363E1	6.814800003E1	4.886767921E2
4.281309891E1	6.815436158E1	4.910742605E2
4.282976419E1	6.812301946E1	4.939347338E2
4.284642946E1	6.808012582E1	4.967828041E2
4.286309474E1	6.807850427E1	4.989359706E2
4.287976002E1	6.810741983E1	5.000859812E2
4.289642530E1	6.810032077E1	5.006151711E2
4.291309058E1	6.808800661E1	5.017355484E2
4.292975585E1	6.810600637E1	5.036799434E2
4.294642113E1	6.809789384E1	5.083108980E2
4.296308641E1	6.797291008E1	5.143015079E2
4.297975169E1	6.797496894E1	5.188274556E2
4.299641697E1	6.803714154E1	5.208930739E2
4.301308224E1	6.791271552E1	5.222144756E2
4.302974752E1	6.809126564E1	5.237989984E2
4.304641280E1	6.808403792E1	5.270868309E2
4.306307808E1	6.806869299E1	5.320422644E2
4.307974335E1	6.801113943E1	5.376394069E2
4.309640863E1	6.764864969E1	5.427254158E2
4.311307391E1	6.756112502E1	5.461268990E2
4.312973919E1	6.749093821E1	5.486362943E2
4.314640447E1	6.741941954E1	5.517103517E2
4.316306974E1	6.744849504E1	5.567571026E2
4.317973502E1	6.713421186E1	5.681123597E2
4.319640030E1	6.681679175E1	5.814328747E2
4.321306558E1	6.664826436E1	5.921253852E2
4.322973086E1	6.652548624E1	5.996711553E2
4.324639613E1	6.646041468E1	6.066673662E2
4.326306141E1	6.633642118E1	6.159081344E2
4.327972669E1	6.601893828E1	6.273070820E2
4.329639197E1	6.587855964E1	6.382260369E2
4.331305725E1	6.569398475E1	6.472378743E2
4.332972252E1	6.556527838E1	6.537579116E2
4.334638780E1	6.560397679E1	6.585528126E2
4.336305308E1	6.561528212E1	6.618763700E2
4.337971836E1	6.575441859E1	6.648681849E2
4.339638363E1	6.580306770E1	6.672342090E2
4.341304891E1	6.574936616E1	6.700259957E2
4.342971419E1	6.563718912E1	6.726350064E2
4.344637947E1	6.559020668E1	6.748947333E2
4.346304475E1	6.561281231E1	6.767554918E2
4.347971002E1	6.573549466E1	6.786969621E2
4.349637530E1	6.568018567E1	6.813019340E2
4.351304058E1	6.569719917E1	6.847060916E2
4.352970586E1	6.534308146E1	6.887317539E2
4.354637114E1	6.529591875E1	6.933118127E2
4.356303641E1	6.514802716E1	6.980282384E2
4.357970169E1	6.518974945E1	7.018932367E2
4.359636697E1	6.512240623E1	7.058286080E2
4.361303225E1	6.501279983E1	7.103128502E2
4.362969753E1	6.477423098E1	7.160333655E2
4.364636280E1	6.494672194E1	7.229224402E2
4.366302808E1	6.474532210E1	7.328985340E2
4.367969336E1	6.452455883E1	7.437022806E2
4.369635864E1	6.422472799E1	7.543997242E2
4.371302391E1	6.411779978E1	7.652510467E2
4.372968919E1	6.385325139E1	7.766533038E2
4.374635447E1	6.358245925E1	7.897481415E2
4.376301975E1	6.323424250E1	8.001872745E2
