199-I_row-5_post-1_wire
t	x	y
2.379801683E1	3.669987121E1	6.703482010E1
2.381468211E1	3.698869659E1	6.543060444E1
2.383134739E1	3.860071665E1	6.552542762E1
2.384801267E1	3.960774853E1	6.541088480E1
2.386467794E1	3.921081901E1	6.508146644E1
2.388134322E1	3.789132861E1	6.441354062E1
2.389800850E1	3.754040322E1	6.477807327E1
2.391467378E1	3.847259916E1	6.597610332E1
2.393133906E1	3.948901605E1	6.759816613E1
2.394800433E1	3.928143330E1	6.834769922E1
2.396466961E1	3.824043280E1	6.824762763E1
2.398133489E1	3.755129195E1	6.758684433E1
2.399800017E1	3.806177408E1	6.702376936E1
2.401466544E1	3.914818827E1	6.704542525E1
2.403133072E1	3.984033497E1	6.758936776E1
2.404799600E1	3.915112320E1	6.782918457E1
2.406466128E1	3.823696045E1	6.798336721E1
2.408132656E1	3.800752794E1	6.789599366E1
2.409799183E1	3.860195138E1	6.836891298E1
2.411465711E1	3.902620932E1	6.952742512E1
2.413132239E1	3.874753578E1	7.011803330E1
2.414798767E1	3.770289702E1	6.988053121E1
2.416465295E1	3.744667532E1	6.926312470E1
2.418131822E1	3.809027349E1	6.838717459E1
2.419798350E1	3.907557946E1	6.876642514E1
2.421464878E1	3.907427017E1	6.966873865E1
2.423131406E1	3.848228253E1	7.051251618E1
2.424797934E1	3.753909198E1	7.062478762E1
2.426464461E1	3.790556238E1	7.026450572E1
2.428130989E1	3.908514158E1	7.003771289E1
2.429797517E1	3.978292659E1	7.041938577E1
2.431464045E1	3.915975959E1	7.049004227E1
2.433130572E1	3.824516014E1	7.061511011E1
2.434797100E1	3.810522245E1	7.013531047E1
2.436463628E1	3.910432110E1	6.997660584E1
2.438130156E1	3.986831245E1	7.004582537E1
2.439796684E1	3.964870923E1	7.066964861E1
2.441463211E1	3.877312106E1	7.129634713E1
2.443129739E1	3.817719233E1	7.119208355E1
2.444796267E1	3.876735812E1	7.051041644E1
2.446462795E1	3.974923012E1	7.029919977E1
2.448129323E1	3.974537245E1	7.011260515E1
2.449795850E1	4.797382518E1	7.212333375E1
2.451462378E1	4.836808233E1	7.216969420E1
2.453128906E1	4.896496535E1	7.232464043E1
2.454795434E1	4.961187156E1	7.166657313E1
2.456461962E1	4.979723484E1	7.136371539E1
2.458128489E1	4.897620021E1	7.178883229E1
2.459795017E1	4.860493625E1	7.246992767E1
2.461461545E1	4.878168497E1	7.243617087E1
2.463128073E1	4.954460256E1	7.189523540E1
2.464794600E1	5.016562130E1	7.085984804E1
2.466461128E1	4.993884074E1	7.027188519E1
2.468127656E1	5.278974751E1	7.175538401E1
2.469794184E1	6.175655506E1	7.329907701E1
2.471460712E1	6.205362737E1	7.338197776E1
2.473127239E1	6.263359948E1	7.310262268E1
2.474793767E1	6.269621469E1	7.266552832E1
2.476460295E1	6.267162601E1	7.254157945E1
2.478126823E1	6.286977632E1	7.262021353E1
2.479793351E1	6.372831889E1	7.309365589E1
2.481459878E1	6.403049064E1	7.298768244E1
2.483126406E1	6.433029240E1	7.235473733E1
2.484792934E1	6.419985473E1	7.181964237E1
2.486459462E1	6.415583786E1	7.171485535E1
2.488125990E1	6.465701774E1	7.255689793E1
2.489792517E1	6.529530977E1	7.290826594E1
2.491459045E1	6.519336169E1	7.262001739E1
2.493125573E1	6.574504551E1	7.238274784E1
2.494792101E1	6.617647840E1	7.166588754E1
2.496458628E1	6.716251913E1	7.181683805E1
2.498125156E1	6.764439053E1	7.147651434E1
2.499791684E1	6.812372554E1	7.125914801E1
2.501458212E1	6.865479879E1	7.109264342E1
2.503124740E1	6.856804875E1	6.959710132E1
2.504791267E1	6.923830452E1	7.008032977E1
2.506457795E1	7.020382016E1	7.055560081E1
2.508124323E1	7.124351275E1	7.085907254E1
2.509790851E1	7.273205089E1	7.161982718E1
2.511457379E1	7.277486485E1	7.115963026E1
2.513123906E1	7.282341247E1	7.052263267E1
2.514790434E1	7.271412668E1	7.011678093E1
2.516456962E1	7.315279595E1	6.965493770E1
2.518123490E1	7.438965308E1	6.990176927E1
2.519790017E1	7.470794606E1	6.951800839E1
2.521456545E1	7.439699563E1	6.939423726E1
2.523123073E1	7.474836002E1	7.048410493E1
2.524789601E1	7.489460622E1	7.071226190E1
2.526456129E1	7.521150359E1	7.081517164E1
2.528122656E1	7.571661075E1	7.075882160E1
2.529789184E1	7.591615971E1	7.015424139E1
2.531455712E1	7.553579262E1	6.980451750E1
2.533122240E1	7.562459962E1	6.991915863E1
2.534788768E1	7.586528829E1	7.044557679E1
2.536455295E1	7.654011729E1	7.070359291E1
2.538121823E1	7.683007899E1	7.071349299E1
2.539788351E1	7.633316986E1	7.052251667E1
2.541454879E1	7.595346763E1	7.019214319E1
2.543121407E1	7.617393982E1	6.981886333E1
2.544787934E1	7.720463124E1	7.006714747E1
2.546454462E1	7.750355987E1	6.958237854E1
2.548120990E1	7.684749027E1	6.842511227E1
2.549787518E1	7.646553554E1	6.723802056E1
2.551454045E1	7.672465529E1	6.654625285E1
2.553120573E1	7.759910302E1	6.729897037E1
2.554787101E1	7.842208998E1	6.869100794E1
2.556453629E1	7.823919176E1	6.836170664E1
2.558120157E1	7.771183645E1	6.749289514E1
2.559786684E1	7.744926126E1	6.544997877E1
2.561453212E1	7.762128405E1	6.458088531E1
2.563119740E1	7.826858920E1	6.568594524E1
2.564786268E1	7.814397787E1	6.558793717E1
2.566452796E1	7.734464624E1	6.553078740E1
2.568119323E1	7.610206211E1	6.516419865E1
2.569785851E1	7.609133910E1	6.489753460E1
2.571452379E1	7.693402878E1	6.477330592E1
2.573118907E1	7.737894531E1	6.487270904E1
2.574785435E1	7.679852322E1	6.531435891E1
2.576451962E1	7.575756767E1	6.555042716E1
2.578118490E1	7.569220795E1	6.558565331E1
2.579785018E1	7.679874699E1	6.541208293E1
2.581451546E1	7.756195006E1	6.522997353E1
2.583118073E1	7.754957377E1	6.535257255E1
2.584784601E1	7.596779342E1	6.570049831E1
2.586451129E1	7.571801900E1	6.618925581E1
2.588117657E1	7.646977815E1	6.699331909E1
2.589784185E1	7.852781758E1	6.757019267E1
2.591450712E1	7.917453584E1	6.904148730E1
2.593117240E1	7.789434231E1	7.088722283E1
