199-I_row-5_post-3_ref
t	x	y
3.663028081E1	2.422835488E1	4.123938995E2
3.664694609E1	2.411085190E1	4.208990824E2
3.666361137E1	2.418637551E1	4.248532989E2
3.668027664E1	2.406725186E1	4.268134350E2
3.669694192E1	2.412831072E1	4.285263905E2
3.671360720E1	2.407828428E1	4.327276564E2
3.673027248E1	2.375471892E1	4.398385795E2
3.674693776E1	2.361407308E1	4.445378666E2
3.676360303E1	2.352627275E1	4.453902816E2
3.678026831E1	2.356528933E1	4.455135138E2
3.679693359E1	2.355635425E1	4.454882747E2
3.681359887E1	2.348694720E1	4.457773831E2
3.683026414E1	2.330683309E1	4.458661027E2
3.684692942E1	2.348418797E1	4.461736206E2
3.686359470E1	2.344106421E1	4.467563115E2
3.688025998E1	2.346308977E1	4.476072396E2
3.689692526E1	2.348241913E1	4.479501857E2
3.691359053E1	2.352311585E1	4.485005844E2
3.693025581E1	2.352147900E1	4.492596532E2
3.694692109E1	2.348115837E1	4.507711527E2
3.696358637E1	2.344443251E1	4.514632755E2
3.698025165E1	2.354711922E1	4.516358686E2
3.699691692E1	2.349311327E1	4.524475610E2
3.701358220E1	2.352158845E1	4.533680734E2
3.703024748E1	2.339345739E1	4.558518813E2
3.704691276E1	2.339004118E1	4.596288992E2
3.706357804E1	2.348828656E1	4.630065935E2
3.708024331E1	2.339618680E1	4.651841690E2
3.709690859E1	2.336919840E1	4.668269361E2
3.711357387E1	2.336135656E1	4.681998710E2
3.713023915E1	2.333776442E1	4.697294558E2
3.714690442E1	2.324090903E1	4.711844488E2
3.716356970E1	2.325408192E1	4.736483523E2
3.718023498E1	2.337948931E1	4.765752761E2
3.719690026E1	2.339225233E1	4.800030633E2
3.721356554E1	2.321042797E1	4.859456363E2
3.723023081E1	2.310207422E1	4.944410584E2
3.724689609E1	2.272580073E1	5.047214794E2
3.726356137E1	2.263566625E1	5.160209486E2
3.728022665E1	2.216622939E1	5.280335388E2
3.729689193E1	2.204012234E1	5.401356828E2
3.731355720E1	2.190016599E1	5.504617718E2
3.733022248E1	2.164947167E1	5.575745191E2
3.734688776E1	2.164955157E1	5.624611856E2
3.736355304E1	2.169494990E1	5.672984888E2
3.738021832E1	2.156760384E1	5.748313726E2
3.739688359E1	2.143740568E1	5.832888247E2
3.741354887E1	2.116226771E1	5.901854086E2
3.743021415E1	2.115386273E1	5.942808806E2
3.744687943E1	2.126313658E1	5.970748339E2
3.746354470E1	2.095967688E1	5.997741444E2
3.748020998E1	2.100048447E1	6.038613225E2
3.749687526E1	2.082947086E1	6.105850810E2
3.751354054E1	2.059410465E1	6.186609630E2
3.753020582E1	2.049010492E1	6.268453312E2
3.754687109E1	2.049620897E1	6.338736800E2
3.756353637E1	2.033645230E1	6.408083749E2
3.758020165E1	2.012914882E1	6.493886220E2
3.759686693E1	1.959401131E1	6.603811815E2
