200-U_row-4_post-2_wire
t	x	y
3.592914439E0	1.414845822E3	-7.004051354E2
3.609625668E0	1.414718437E3	-7.020226349E2
3.626336898E0	1.414601755E3	-7.034438211E2
3.643048128E0	1.414769801E3	-7.037618796E2
3.659759358E0	1.414796705E3	-7.039500945E2
3.676470588E0	1.414823353E3	-7.044094223E2
3.693181818E0	1.414765903E3	-7.046007802E2
3.709893048E0	1.414984932E3	-7.046521470E2
3.726604278E0	1.415306223E3	-7.050339258E2
3.743315508E0	1.415436780E3	-7.052372343E2
3.760026738E0	1.414764447E3	-7.052688278E2
3.776737968E0	1.413898291E3	-7.053515886E2
3.793449198E0	1.414119013E3	-7.058600148E2
3.810160428E0	1.415202160E3	-7.059665296E2
3.826871658E0	1.415724447E3	-7.066283566E2
3.843582888E0	1.415754924E3	-7.067944479E2
3.860294118E0	1.414885671E3	-7.068923791E2
3.877005348E0	1.414222317E3	-7.072653611E2
3.893716578E0	1.414155265E3	-7.077401015E2
3.910427807E0	1.414823377E3	-7.078303848E2
3.927139037E0	1.415276017E3	-7.084227950E2
3.943850267E0	1.415216749E3	-7.086848445E2
3.960561497E0	1.414826031E3	-7.091147341E2
3.977272727E0	1.414605907E3	-7.092448669E2
3.993983957E0	1.414836490E3	-7.093295155E2
4.010695187E0	1.415477422E3	-7.093311008E2
4.027406417E0	1.415714299E3	-7.094291625E2
4.044117647E0	1.415432482E3	-7.096652887E2
4.060828877E0	1.415011481E3	-7.096862993E2
4.077540107E0	1.414950573E3	-7.100936682E2
4.094251337E0	1.415004908E3	-7.102516543E2
4.110962567E0	1.414988663E3	-7.103458376E2
4.127673797E0	1.414859757E3	-7.107790810E2
4.144385027E0	1.414833725E3	-7.109949901E2
4.161096257E0	1.415006618E3	-7.115637802E2
4.177807487E0	1.415605755E3	-7.116092253E2
4.194518717E0	1.415739905E3	-7.117025603E2
4.211229947E0	1.415565725E3	-7.118892343E2
4.227941176E0	1.414890239E3	-7.121680032E2
4.244652406E0	1.414616445E3	-7.123089795E2
4.261363636E0	1.415038137E3	-7.124832788E2
4.278074866E0	1.415705072E3	-7.125126551E2
4.294786096E0	1.415577929E3	-7.126009279E2
4.311497326E0	1.415552561E3	-7.128749010E2
4.328208556E0	1.415210738E3	-7.133339234E2
4.344919786E0	1.415073059E3	-7.139089803E2
4.361631016E0	1.415130170E3	-7.144566699E2
4.378342246E0	1.415423242E3	-7.155549317E2
4.395053476E0	1.415422268E3	-7.165231587E2
4.411764706E0	1.415524068E3	-7.174177828E2
4.428475936E0	1.415514966E3	-7.184610102E2
4.445187166E0	1.415264835E3	-7.197987048E2
4.461898396E0	1.415272485E3	-7.213792378E2
4.478609626E0	1.415658995E3	-7.229591284E2
4.495320856E0	1.415804901E3	-7.245992697E2
4.512032086E0	1.416303285E3	-7.262214902E2
4.528743316E0	1.416323387E3	-7.279376354E2
4.545454545E0	1.415819078E3	-7.294862192E2
4.562165775E0	1.415440344E3	-7.312371679E2
4.578877005E0	1.415492453E3	-7.332127537E2
4.595588235E0	1.415584720E3	-7.357895292E2
4.612299465E0	1.416205992E3	-7.383322774E2
4.629010695E0	1.416478277E3	-7.404495729E2
4.645721925E0	1.416449036E3	-7.423269237E2
4.662433155E0	1.416370363E3	-7.445706762E2
4.679144385E0	1.416413326E3	-7.471080524E2
4.695855615E0	1.416246141E3	-7.496348498E2
4.712566845E0	1.416353308E3	-7.527479658E2
4.729278075E0	1.416160304E3	-7.560345971E2
4.745989305E0	1.416247255E3	-7.584780023E2
4.762700535E0	1.416453108E3	-7.600375617E2
4.779411765E0	1.417119945E3	-7.616237492E2
4.796122995E0	1.416940748E3	-7.634804149E2
4.812834225E0	1.416642071E3	-7.652609393E2
4.829545455E0	1.416541934E3	-7.671288879E2
4.846256684E0	1.416544436E3	-7.689103632E2
4.862967914E0	1.416516715E3	-7.707918000E2
4.879679144E0	1.416763131E3	-7.735053426E2
4.896390374E0	1.416473670E3	-7.762194874E2
4.913101604E0	1.416415016E3	-7.787237135E2
4.929812834E0	1.416442614E3	-7.810816662E2
4.946524064E0	1.416443751E3	-7.838311134E2
4.963235294E0	1.416528690E3	-7.866975780E2
4.979946524E0	1.416722082E3	-7.897096791E2
4.996657754E0	1.416455113E3	-7.926718056E2
5.013368984E0	1.416634466E3	-7.954065746E2
5.030080214E0	1.416410799E3	-7.972566708E2
5.046791444E0	1.416128239E3	-7.999045257E2
5.063502674E0	1.415989920E3	-8.027377982E2
5.080213904E0	1.416206737E3	-8.055113761E2
5.096925134E0	1.416571855E3	-8.083865198E2
5.113636364E0	1.416785264E3	-8.115055839E2
5.130347594E0	1.416480948E3	-8.146469033E2
5.147058824E0	1.415744205E3	-8.174225980E2
5.163770053E0	1.415441467E3	-8.198114988E2
5.180481283E0	1.415969279E3	-8.219510857E2
5.197192513E0	1.416353165E3	-8.233521028E2
5.213903743E0	1.416530747E3	-8.253794515E2
5.230614973E0	1.416305075E3	-8.270773814E2
5.247326203E0	1.416125785E3	-8.292467969E2
5.264037433E0	1.416216300E3	-8.310187544E2
5.280748663E0	1.416280096E3	-8.326937415E2
5.297459893E0	1.416294879E3	-8.341383426E2
5.314171123E0	1.416353188E3	-8.357426345E2
5.330882353E0	1.416508074E3	-8.365822043E2
