200-U_row-4_post-6_wire
t	x	y
7.468248663E1	1.435096821E3	-7.053402757E2
7.469919786E1	1.434780148E3	-7.058600399E2
7.471590909E1	1.434263103E3	-7.063373282E2
7.473262032E1	1.434427306E3	-7.070786150E2
7.474933155E1	1.435049254E3	-7.076908199E2
7.476604278E1	1.435325847E3	-7.090775148E2
7.478275401E1	1.434701524E3	-7.109498964E2
7.479946524E1	1.433912972E3	-7.135317233E2
7.481617647E1	1.434130275E3	-7.174333158E2
7.483288770E1	1.435125811E3	-7.213697528E2
7.484959893E1	1.435915957E3	-7.246939997E2
7.486631016E1	1.435884490E3	-7.271072355E2
7.488302139E1	1.435005952E3	-7.286762647E2
7.489973262E1	1.434078565E3	-7.304572049E2
7.491644385E1	1.434416414E3	-7.327601766E2
7.493315508E1	1.435670939E3	-7.359335078E2
7.494986631E1	1.436327740E3	-7.397772957E2
7.496657754E1	1.436002388E3	-7.431225307E2
7.498328877E1	1.435484362E3	-7.455404596E2
7.500000000E1	1.434791806E3	-7.478141046E2
7.501671123E1	1.434902672E3	-7.504758797E2
7.503342246E1	1.435319176E3	-7.543048171E2
7.505013369E1	1.435667733E3	-7.582065150E2
7.506684492E1	1.435872604E3	-7.624549095E2
7.508355615E1	1.435843786E3	-7.658060722E2
7.510026738E1	1.435843081E3	-7.679820133E2
7.511697861E1	1.435653520E3	-7.688988417E2
7.513368984E1	1.435270295E3	-7.698085115E2
7.515040107E1	1.435061327E3	-7.707568564E2
7.516711230E1	1.435221122E3	-7.722963420E2
7.518382353E1	1.435660685E3	-7.750212901E2
7.520053476E1	1.436335805E3	-7.778022517E2
7.521724599E1	1.436444066E3	-7.800645464E2
7.523395722E1	1.435988990E3	-7.817483470E2
7.525066845E1	1.435116258E3	-7.830187806E2
7.526737968E1	1.434992024E3	-7.844788948E2
7.528409091E1	1.435181188E3	-7.879249917E2
7.530080214E1	1.436007992E3	-7.938547604E2
7.531751337E1	1.436287449E3	-7.995192235E2
7.533422460E1	1.436043387E3	-8.043738543E2
7.535093583E1	1.435479603E3	-8.085512987E2
7.536764706E1	1.434713259E3	-8.118856779E2
7.538435829E1	1.434503334E3	-8.144146396E2
7.540106952E1	1.434984855E3	-8.165462809E2
7.541778075E1	1.435551773E3	-8.190082132E2
7.543449198E1	1.435989395E3	-8.216440096E2
7.545120321E1	1.435875879E3	-8.248265529E2
7.546791444E1	1.435443943E3	-8.279515012E2
7.548462567E1	1.435170332E3	-8.308551589E2
7.550133690E1	1.434953915E3	-8.327525264E2
7.551804813E1	1.435167085E3	-8.348248351E2
7.553475936E1	1.435221336E3	-8.373840738E2
7.555147059E1	1.435061852E3	-8.403433334E2
7.556818182E1	1.435237242E3	-8.438186060E2
7.558489305E1	1.435203193E3	-8.473084320E2
7.560160428E1	1.435058696E3	-8.496859381E2
7.561831551E1	1.434996635E3	-8.520730523E2
7.563502674E1	1.434953183E3	-8.542067389E2
7.565173797E1	1.435058922E3	-8.560585206E2
