200-U_row-4_post-4_wire
t	x	y
3.333890374E1	1.425200470E3	-7.003454914E2
3.335561497E1	1.425402335E3	-7.011271747E2
3.337232620E1	1.425285737E3	-7.019664386E2
3.338903743E1	1.425006332E3	-7.027778475E2
3.340574866E1	1.424789920E3	-7.033677887E2
3.342245989E1	1.424695205E3	-7.042759221E2
3.343917112E1	1.424637684E3	-7.052035471E2
3.345588235E1	1.425069523E3	-7.058989237E2
3.347259358E1	1.425368048E3	-7.066338279E2
3.348930481E1	1.425291266E3	-7.069775087E2
3.350601604E1	1.425073387E3	-7.075042701E2
3.352272727E1	1.424494147E3	-7.074982557E2
3.353943850E1	1.424300122E3	-7.075522613E2
3.355614973E1	1.424628504E3	-7.075541236E2
3.357286096E1	1.424861284E3	-7.077149524E2
3.358957219E1	1.424885023E3	-7.077967113E2
3.360628342E1	1.424867669E3	-7.078638701E2
3.362299465E1	1.424931991E3	-7.076753363E2
3.363970588E1	1.424558829E3	-7.076527765E2
3.365641711E1	1.424512552E3	-7.075807772E2
3.367312834E1	1.424580021E3	-7.076253466E2
3.368983957E1	1.424880679E3	-7.077646369E2
3.370655080E1	1.425211055E3	-7.076165646E2
3.372326203E1	1.425135305E3	-7.075746427E2
3.373997326E1	1.424931861E3	-7.075812795E2
3.375668449E1	1.424602917E3	-7.075706592E2
3.377339572E1	1.424403710E3	-7.076173526E2
3.379010695E1	1.424473223E3	-7.075640336E2
3.380681818E1	1.424531337E3	-7.076081441E2
3.382352941E1	1.424691904E3	-7.076158202E2
3.384024064E1	1.424641697E3	-7.076125375E2
3.385695187E1	1.424564614E3	-7.075391427E2
3.387366310E1	1.424353777E3	-7.076292662E2
3.389037433E1	1.424363506E3	-7.076039568E2
3.390708556E1	1.424419220E3	-7.076016823E2
3.392379679E1	1.424467094E3	-7.075347224E2
3.394050802E1	1.424495107E3	-7.076042280E2
3.395721925E1	1.424382082E3	-7.076255938E2
3.397393048E1	1.424344622E3	-7.076319609E2
3.399064171E1	1.424444671E3	-7.076221597E2
3.400735294E1	1.424983026E3	-7.077112817E2
3.402406417E1	1.425300796E3	-7.076595698E2
3.404077540E1	1.425269773E3	-7.078266408E2
3.405748663E1	1.424570408E3	-7.082364175E2
3.407419786E1	1.424270053E3	-7.083722141E2
3.409090909E1	1.424404653E3	-7.084099304E2
3.410762032E1	1.425313264E3	-7.088176934E2
3.412433155E1	1.425724794E3	-7.092740275E2
3.414104278E1	1.425298197E3	-7.100337810E2
3.415775401E1	1.424913761E3	-7.110568688E2
3.417446524E1	1.424961160E3	-7.126317120E2
3.419117647E1	1.425760958E3	-7.139817994E2
3.420788770E1	1.426380957E3	-7.156661837E2
3.422459893E1	1.425933676E3	-7.178054488E2
3.424131016E1	1.424449308E3	-7.203696892E2
3.425802139E1	1.423810624E3	-7.222744316E2
3.427473262E1	1.424541147E3	-7.244051605E2
3.429144385E1	1.426117793E3	-7.261744674E2
3.430815508E1	1.426876875E3	-7.280754922E2
3.432486631E1	1.426147052E3	-7.305729710E2
3.434157754E1	1.424370888E3	-7.334423112E2
3.435828877E1	1.423964040E3	-7.365361633E2
3.437500000E1	1.424859895E3	-7.390854951E2
3.439171123E1	1.426018727E3	-7.406906351E2
3.440842246E1	1.426472374E3	-7.428830355E2
3.442513369E1	1.425445127E3	-7.446269862E2
3.444184492E1	1.424986657E3	-7.469167916E2
3.445855615E1	1.425317442E3	-7.491991408E2
3.447526738E1	1.426168005E3	-7.512910195E2
3.449197861E1	1.426640284E3	-7.538555517E2
3.450868984E1	1.426220789E3	-7.572790595E2
3.452540107E1	1.425213736E3	-7.607020098E2
3.454211230E1	1.424951026E3	-7.640577175E2
3.455882353E1	1.425529216E3	-7.666313027E2
3.457553476E1	1.425896417E3	-7.690199895E2
3.459224599E1	1.425680592E3	-7.705086049E2
3.460895722E1	1.425358800E3	-7.718948069E2
3.462566845E1	1.425391738E3	-7.737059590E2
3.464237968E1	1.426206178E3	-7.752733570E2
3.465909091E1	1.426778729E3	-7.767397256E2
3.467580214E1	1.426590650E3	-7.777304278E2
3.469251337E1	1.425381406E3	-7.786019020E2
3.470922460E1	1.424415099E3	-7.801391272E2
3.472593583E1	1.424608522E3	-7.826134144E2
3.474264706E1	1.425345462E3	-7.844651466E2
3.475935829E1	1.426186808E3	-7.864993861E2
3.477606952E1	1.426000679E3	-7.882395001E2
3.479278075E1	1.425419495E3	-7.897819801E2
3.480949198E1	1.424990719E3	-7.914111768E2
3.482620321E1	1.425216302E3	-7.923426253E2
3.484291444E1	1.425822739E3	-7.933975453E2
3.485962567E1	1.426213280E3	-7.940310910E2
3.487633690E1	1.425559509E3	-7.948024113E2
3.489304813E1	1.425077006E3	-7.960385520E2
3.490975936E1	1.425126181E3	-7.970840641E2
3.492647059E1	1.425971711E3	-7.984221212E2
3.494318182E1	1.426083882E3	-7.994158987E2
3.495989305E1	1.425881337E3	-8.004418360E2
3.497660428E1	1.425198197E3	-8.019321461E2
3.499331551E1	1.425132539E3	-8.034667508E2
3.501002674E1	1.425325521E3	-8.050745232E2
3.502673797E1	1.425681679E3	-8.066981773E2
3.504344920E1	1.425552442E3	-8.075985064E2
3.506016043E1	1.424948701E3	-8.084439664E2
3.507687166E1	1.424709742E3	-8.093758654E2
3.509358289E1	1.424951356E3	-8.109593507E2
3.511029412E1	1.425697945E3	-8.124220065E2
3.512700535E1	1.425861928E3	-8.133560173E2
3.514371658E1	1.425768740E3	-8.140041962E2
3.516042781E1	1.425484055E3	-8.146442065E2
3.517713904E1	1.425140989E3	-8.155615939E2
3.519385027E1	1.425304478E3	-8.161276175E2
3.521056150E1	1.425245228E3	-8.173106157E2
3.522727273E1	1.425622768E3	-8.196072071E2
3.524398396E1	1.425915879E3	-8.218595911E2
3.526069519E1	1.425960005E3	-8.236705331E2
3.527740642E1	1.426104343E3	-8.251623689E2
3.529411765E1	1.425583791E3	-8.261125683E2
3.531082888E1	1.425019464E3	-8.273131860E2
3.532754011E1	1.425042065E3	-8.286300498E2
3.534425134E1	1.425285310E3	-8.309556786E2
3.536096257E1	1.425817856E3	-8.338934983E2
3.537767380E1	1.425570549E3	-8.368479948E2
3.539438503E1	1.425420926E3	-8.397388113E2
3.541109626E1	1.425090983E3	-8.422459072E2
3.542780749E1	1.424921698E3	-8.446612735E2
3.544451872E1	1.425075758E3	-8.469790520E2
3.546122995E1	1.424581276E3	-8.488229049E2
3.547794118E1	1.424509160E3	-8.488599015E2
