200-U_row-4_post-4_ref
t	x	y
3.333890374E1	1.409167731E3	-2.829621703E2
3.335561497E1	1.409168685E3	-2.841414571E2
3.337232620E1	1.409206240E3	-2.849653432E2
3.338903743E1	1.409115296E3	-2.856910293E2
3.340574866E1	1.409131568E3	-2.863408841E2
3.342245989E1	1.409154314E3	-2.870149795E2
3.343917112E1	1.409172402E3	-2.881278543E2
3.345588235E1	1.409149893E3	-2.889347657E2
3.347259358E1	1.409121799E3	-2.895364950E2
3.348930481E1	1.409148843E3	-2.901604807E2
3.350601604E1	1.409136163E3	-2.904267643E2
3.352272727E1	1.409073428E3	-2.904812944E2
3.353943850E1	1.409116144E3	-2.903853120E2
3.355614973E1	1.409212958E3	-2.904826929E2
3.357286096E1	1.409086389E3	-2.909159096E2
3.358957219E1	1.409109868E3	-2.909290024E2
3.360628342E1	1.409208244E3	-2.910920588E2
3.362299465E1	1.409189504E3	-2.910056990E2
3.363970588E1	1.409189044E3	-2.909645228E2
3.365641711E1	1.409169680E3	-2.909630280E2
3.367312834E1	1.409193837E3	-2.908915746E2
3.368983957E1	1.409179976E3	-2.910024525E2
3.370655080E1	1.409145000E3	-2.909798609E2
3.372326203E1	1.409140704E3	-2.909937866E2
3.373997326E1	1.409104677E3	-2.909155824E2
3.375668449E1	1.409147595E3	-2.908780781E2
3.377339572E1	1.409105966E3	-2.909834754E2
3.379010695E1	1.409237067E3	-2.911214006E2
3.380681818E1	1.409134107E3	-2.909303383E2
3.382352941E1	1.409114454E3	-2.909800399E2
3.384024064E1	1.409140227E3	-2.910275586E2
3.385695187E1	1.409108680E3	-2.908986390E2
3.387366310E1	1.409143353E3	-2.910322560E2
3.389037433E1	1.409098404E3	-2.909936680E2
3.390708556E1	1.409183947E3	-2.909929611E2
3.392379679E1	1.409200921E3	-2.910514001E2
3.394050802E1	1.409143755E3	-2.910192934E2
3.395721925E1	1.409156626E3	-2.910121842E2
3.397393048E1	1.409154289E3	-2.910350679E2
3.399064171E1	1.409217846E3	-2.910505213E2
3.400735294E1	1.409257260E3	-2.915029523E2
3.402406417E1	1.409197605E3	-2.911408976E2
3.404077540E1	1.409225182E3	-2.915835413E2
3.405748663E1	1.409190705E3	-2.917154088E2
3.407419786E1	1.409195878E3	-2.919019813E2
3.409090909E1	1.409265744E3	-2.923645653E2
3.410762032E1	1.409227022E3	-2.925974859E2
3.412433155E1	1.409172816E3	-2.930771728E2
3.414104278E1	1.409172397E3	-2.936500174E2
3.415775401E1	1.409193169E3	-2.951212093E2
3.417446524E1	1.409183724E3	-2.966915304E2
3.419117647E1	1.409168833E3	-2.984436827E2
3.420788770E1	1.409154907E3	-3.003786359E2
3.422459893E1	1.409233592E3	-3.025008065E2
3.424131016E1	1.409109075E3	-3.050402956E2
3.425802139E1	1.409163914E3	-3.074465443E2
3.427473262E1	1.409202103E3	-3.095803129E2
3.429144385E1	1.409137311E3	-3.118438498E2
3.430815508E1	1.409061419E3	-3.139578921E2
3.432486631E1	1.409174903E3	-3.165690453E2
3.434157754E1	1.409157817E3	-3.198929072E2
3.435828877E1	1.409177364E3	-3.232389024E2
3.437500000E1	1.409161087E3	-3.263189723E2
3.439171123E1	1.409071004E3	-3.282554509E2
3.440842246E1	1.409229519E3	-3.304955513E2
3.442513369E1	1.409155077E3	-3.322696700E2
3.444184492E1	1.409225458E3	-3.345985877E2
3.445855615E1	1.409165693E3	-3.369826251E2
3.447526738E1	1.409124400E3	-3.394433073E2
3.449197861E1	1.409069511E3	-3.423727317E2
3.450868984E1	1.409242005E3	-3.459136806E2
3.452540107E1	1.409165986E3	-3.498029396E2
3.454211230E1	1.409227446E3	-3.537148841E2
3.455882353E1	1.409144635E3	-3.566486800E2
3.457553476E1	1.409068226E3	-3.593197274E2
3.459224599E1	1.409166114E3	-3.610092965E2
3.460895722E1	1.409157553E3	-3.625460427E2
3.462566845E1	1.409162303E3	-3.643995845E2
3.464237968E1	1.409195219E3	-3.661689628E2
3.465909091E1	1.409071322E3	-3.676475260E2
3.467580214E1	1.409137836E3	-3.689466031E2
3.469251337E1	1.409085955E3	-3.700627118E2
3.470922460E1	1.409101473E3	-3.715739052E2
3.472593583E1	1.409155297E3	-3.740736882E2
3.474264706E1	1.409135890E3	-3.764398802E2
3.475935829E1	1.409135181E3	-3.787114033E2
3.477606952E1	1.409017776E3	-3.806201465E2
3.479278075E1	1.409117434E3	-3.821574292E2
3.480949198E1	1.409138567E3	-3.837906385E2
3.482620321E1	1.409095587E3	-3.851382363E2
3.484291444E1	1.409196914E3	-3.862301302E2
3.485962567E1	1.409208223E3	-3.874335765E2
3.487633690E1	1.409163679E3	-3.881969970E2
3.489304813E1	1.409166447E3	-3.893285558E2
3.490975936E1	1.409072032E3	-3.903147209E2
3.492647059E1	1.409193198E3	-3.916922815E2
3.494318182E1	1.409169428E3	-3.928272602E2
3.495989305E1	1.409107790E3	-3.942382266E2
3.497660428E1	1.409204907E3	-3.956284274E2
3.499331551E1	1.409160459E3	-3.972070092E2
3.501002674E1	1.409055338E3	-3.989914219E2
3.502673797E1	1.409070552E3	-4.006997157E2
3.504344920E1	1.409126809E3	-4.022675859E2
3.506016043E1	1.409133982E3	-4.030261491E2
3.507687166E1	1.409163724E3	-4.039534082E2
3.509358289E1	1.409170515E3	-4.055487803E2
3.511029412E1	1.409117992E3	-4.070919557E2
3.512700535E1	1.409104406E3	-4.083624895E2
3.514371658E1	1.409099542E3	-4.089832314E2
3.516042781E1	1.409122689E3	-4.098163312E2
3.517713904E1	1.409190946E3	-4.103793455E2
3.519385027E1	1.409253945E3	-4.111280163E2
3.521056150E1	1.409172323E3	-4.124154443E2
3.522727273E1	1.409050341E3	-4.149678161E2
3.524398396E1	1.409066859E3	-4.176103191E2
3.526069519E1	1.409146072E3	-4.193507072E2
3.527740642E1	1.409194555E3	-4.207945162E2
3.529411765E1	1.409185393E3	-4.220830851E2
3.531082888E1	1.409147674E3	-4.234143359E2
3.532754011E1	1.409136968E3	-4.250187684E2
3.534425134E1	1.409191173E3	-4.272582571E2
3.536096257E1	1.409260539E3	-4.304810411E2
3.537767380E1	1.409127370E3	-4.337883986E2
3.539438503E1	1.409009448E3	-4.368645656E2
3.541109626E1	1.409019514E3	-4.396402084E2
3.542780749E1	1.409087775E3	-4.424156921E2
3.544451872E1	1.409111504E3	-4.449994781E2
3.546122995E1	1.409011511E3	-4.481294969E2
3.547794118E1	1.409087858E3	-4.514974778E2
3.549465241E1	1.409071728E3	-4.562254323E2
3.551136364E1	1.409068728E3	-4.601332191E2
3.552807487E1	1.409210290E3	-4.627557298E2
3.554478610E1	1.409102340E3	-4.650243559E2
3.556149733E1	1.409164023E3	-4.666435357E2
3.557820856E1	1.409036043E3	-4.692313262E2
3.559491979E1	1.409180015E3	-4.723665332E2
3.561163102E1	1.409264008E3	-4.755133063E2
3.562834225E1	1.408856817E3	-4.790774485E2
3.564505348E1	1.409107110E3	-4.823396416E2
3.566176471E1	1.409152022E3	-4.857684581E2
3.567847594E1	1.409124012E3	-4.888625708E2
3.569518717E1	1.409002340E3	-4.916384729E2
3.571189840E1	1.409056084E3	-4.941718566E2
