200-U_row-4_post-1_wire
t	x	y
5.928689193E0	1.500619022E3	-6.731271262E2
5.945342815E0	1.501317181E3	-6.745462117E2
5.961996436E0	1.501747892E3	-6.763104119E2
5.978650057E0	1.501479711E3	-6.778497829E2
5.995303679E0	1.500960124E3	-6.785024715E2
6.011957300E0	1.500591462E3	-6.793552300E2
6.028610921E0	1.500672812E3	-6.795404208E2
6.045264543E0	1.500707699E3	-6.796313854E2
6.061918164E0	1.500770255E3	-6.796854352E2
6.078571785E0	1.500532605E3	-6.805251659E2
6.095225407E0	1.500524797E3	-6.811475270E2
6.111879028E0	1.500632030E3	-6.813873310E2
6.128532649E0	1.501105393E3	-6.818725804E2
6.145186271E0	1.501186868E3	-6.818183570E2
6.161839892E0	1.500888152E3	-6.818494154E2
6.178493513E0	1.500612173E3	-6.822537612E2
6.195147135E0	1.500813109E3	-6.828823173E2
6.211800756E0	1.500943270E3	-6.834952510E2
6.228454377E0	1.500927888E3	-6.836881409E2
6.245107999E0	1.500554751E3	-6.838550723E2
6.261761620E0	1.500375669E3	-6.839982827E2
6.278415241E0	1.500359485E3	-6.845120342E2
6.295068863E0	1.500728062E3	-6.851564724E2
6.311722484E0	1.500708514E3	-6.854910267E2
6.328376105E0	1.500898486E3	-6.859470073E2
6.345029727E0	1.500683696E3	-6.864181644E2
6.361683348E0	1.500703581E3	-6.867641655E2
6.378336969E0	1.500542822E3	-6.870123916E2
6.394990591E0	1.500481925E3	-6.869888768E2
6.411644212E0	1.500393520E3	-6.872608675E2
6.428297833E0	1.500770135E3	-6.875887894E2
6.444951455E0	1.500772921E3	-6.877065249E2
6.461605076E0	1.500917695E3	-6.876558159E2
6.478258697E0	1.500620769E3	-6.876195869E2
6.494912319E0	1.500362409E3	-6.878462870E2
6.511565940E0	1.500438709E3	-6.877724147E2
6.528219561E0	1.500501967E3	-6.877677758E2
6.544873183E0	1.500661101E3	-6.877274084E2
6.561526804E0	1.500582235E3	-6.879737754E2
6.578180425E0	1.500584622E3	-6.878391429E2
6.594834047E0	1.500514699E3	-6.878083966E2
6.611487668E0	1.500544400E3	-6.877701452E2
6.628141289E0	1.500586578E3	-6.877534808E2
6.644794911E0	1.500596544E3	-6.877491731E2
6.661448532E0	1.500664735E3	-6.877900394E2
6.678102153E0	1.500555964E3	-6.878405339E2
6.694755775E0	1.500441155E3	-6.879510993E2
6.711409396E0	1.500456203E3	-6.880499669E2
6.728063017E0	1.500580706E3	-6.885334626E2
6.744716639E0	1.500587776E3	-6.889240042E2
6.761370260E0	1.500814193E3	-6.891954675E2
6.778023881E0	1.500529094E3	-6.894767417E2
6.794677503E0	1.500530861E3	-6.897711184E2
6.811331124E0	1.500495948E3	-6.902546557E2
6.827984745E0	1.500780258E3	-6.907036231E2
6.844638367E0	1.500574288E3	-6.913193583E2
6.861291988E0	1.500660066E3	-6.919584407E2
6.877945609E0	1.500677790E3	-6.924270009E2
6.894599231E0	1.500593183E3	-6.927689267E2
6.911252852E0	1.500648200E3	-6.930557274E2
6.927906473E0	1.500627575E3	-6.933453347E2
6.944560095E0	1.500469093E3	-6.940555628E2
6.961213716E0	1.500109176E3	-6.946116802E2
6.977867337E0	1.500310321E3	-6.957908208E2
6.994520959E0	1.500516940E3	-6.965825667E2
7.011174580E0	1.500750782E3	-6.974541645E2
7.027828201E0	1.500706594E3	-6.988115586E2
7.044481823E0	1.500272913E3	-6.998633890E2
7.061135444E0	1.499790411E3	-7.015373880E2
7.077789065E0	1.499724699E3	-7.035500095E2
7.094442687E0	1.500404790E3	-7.062713599E2
7.111096308E0	1.500640887E3	-7.078939073E2
7.127749929E0	1.500587863E3	-7.090198772E2
7.144403551E0	1.499878973E3	-7.105352933E2
7.161057172E0	1.499583180E3	-7.121738521E2
7.177710793E0	1.499729902E3	-7.145872120E2
7.194364415E0	1.499998354E3	-7.186468426E2
7.211018036E0	1.500559621E3	-7.238335888E2
7.227671657E0	1.499948036E3	-7.284847273E2
7.244325279E0	1.499204472E3	-7.314310441E2
7.260978900E0	1.499092722E3	-7.328037888E2
7.277632521E0	1.499151921E3	-7.338815566E2
7.294286143E0	1.499797275E3	-7.354708546E2
7.310939764E0	1.499875037E3	-7.376110830E2
7.327593385E0	1.499376237E3	-7.401695271E2
7.344247007E0	1.498927295E3	-7.413563740E2
7.360900628E0	1.499059194E3	-7.414522091E2
7.377554249E0	1.499517956E3	-7.418044105E2
