200-U_row-4_post-5_ref
t	x	y
5.848930481E1	1.395523028E3	-2.800030360E2
5.850601604E1	1.395477109E3	-2.808860312E2
5.852272727E1	1.395496014E3	-2.815232627E2
5.853943850E1	1.395523844E3	-2.817783458E2
5.855614973E1	1.395508927E3	-2.825016849E2
5.857286096E1	1.395411648E3	-2.832293875E2
5.858957219E1	1.395496535E3	-2.841904499E2
5.860628342E1	1.395467859E3	-2.847499503E2
5.862299465E1	1.395572332E3	-2.855279411E2
5.863970588E1	1.395515572E3	-2.858293010E2
5.865641711E1	1.395597980E3	-2.862922185E2
5.867312834E1	1.395581818E3	-2.873213031E2
5.868983957E1	1.395515001E3	-2.887627677E2
5.870655080E1	1.395532022E3	-2.905416965E2
5.872326203E1	1.395605355E3	-2.915363420E2
5.873997326E1	1.395517548E3	-2.919510693E2
5.875668449E1	1.395530400E3	-2.921492010E2
5.877339572E1	1.395405168E3	-2.922042695E2
5.879010695E1	1.395486119E3	-2.921373146E2
5.880681818E1	1.395479066E3	-2.921504199E2
5.882352941E1	1.395492361E3	-2.927566479E2
5.884024064E1	1.395473717E3	-2.930596503E2
5.885695187E1	1.395555485E3	-2.937630151E2
5.887366310E1	1.395506399E3	-2.937468295E2
5.889037433E1	1.395543615E3	-2.938094551E2
5.890708556E1	1.395523447E3	-2.938105669E2
5.892379679E1	1.395474635E3	-2.939006384E2
5.894050802E1	1.395534981E3	-2.942831635E2
5.895721925E1	1.395465082E3	-2.945049568E2
5.897393048E1	1.395508788E3	-2.951246952E2
5.899064171E1	1.395521914E3	-2.954471560E2
5.900735294E1	1.395513982E3	-2.954286911E2
5.902406417E1	1.395453393E3	-2.959868949E2
5.904077540E1	1.395509020E3	-2.969393253E2
5.905748663E1	1.395492257E3	-2.981896483E2
5.907419786E1	1.395457512E3	-2.990661425E2
5.909090909E1	1.395642678E3	-3.001586606E2
5.910762032E1	1.395539002E3	-3.017241199E2
5.912433155E1	1.395567853E3	-3.035313873E2
5.914104278E1	1.395511911E3	-3.052954298E2
5.915775401E1	1.395511834E3	-3.073421930E2
5.917446524E1	1.395450809E3	-3.088692279E2
5.919117647E1	1.395573688E3	-3.103461130E2
5.920788770E1	1.395500380E3	-3.113088544E2
5.922459893E1	1.395555661E3	-3.122458883E2
5.924131016E1	1.395507365E3	-3.131638738E2
5.925802139E1	1.395552069E3	-3.145451012E2
5.927473262E1	1.395522167E3	-3.160402266E2
5.929144385E1	1.395539553E3	-3.179140886E2
5.930815508E1	1.395568315E3	-3.196210307E2
5.932486631E1	1.395545623E3	-3.221766775E2
5.934157754E1	1.395441191E3	-3.251903034E2
5.935828877E1	1.395514849E3	-3.283056658E2
5.937500000E1	1.395508248E3	-3.315404937E2
5.939171123E1	1.395510930E3	-3.347497542E2
5.940842246E1	1.395372689E3	-3.377291479E2
5.942513369E1	1.395470882E3	-3.411040672E2
5.944184492E1	1.395499993E3	-3.437146324E2
5.945855615E1	1.395396258E3	-3.462665306E2
5.947526738E1	1.395543832E3	-3.490501836E2
5.949197861E1	1.395519488E3	-3.518105578E2
5.950868984E1	1.395528894E3	-3.543850529E2
5.952540107E1	1.395487788E3	-3.574161353E2
5.954211230E1	1.395526148E3	-3.606680542E2
5.955882353E1	1.395486964E3	-3.634501226E2
5.957553476E1	1.395477313E3	-3.659804842E2
5.959224599E1	1.395467164E3	-3.673253267E2
5.960895722E1	1.395499208E3	-3.686082902E2
5.962566845E1	1.395505385E3	-3.702262278E2
5.964237968E1	1.395569298E3	-3.720376325E2
5.965909091E1	1.395503141E3	-3.740881907E2
5.967580214E1	1.395453007E3	-3.764482790E2
5.969251337E1	1.395431938E3	-3.793049622E2
5.970922460E1	1.395638219E3	-3.829566579E2
5.972593583E1	1.395598011E3	-3.863772784E2
5.974264706E1	1.395557427E3	-3.897240928E2
5.975935829E1	1.395492063E3	-3.927994223E2
5.977606952E1	1.395411294E3	-3.953817760E2
5.979278075E1	1.395508362E3	-3.975617682E2
5.980949198E1	1.395467630E3	-4.009104152E2
5.982620321E1	1.395486183E3	-4.041927866E2
5.984291444E1	1.395557486E3	-4.069509105E2
5.985962567E1	1.395512527E3	-4.096319104E2
5.987633690E1	1.395505453E3	-4.126585310E2
5.989304813E1	1.395487216E3	-4.165574416E2
5.990975936E1	1.395452075E3	-4.211895218E2
5.992647059E1	1.395541891E3	-4.268088931E2
5.994318182E1	1.395488472E3	-4.323507400E2
5.995989305E1	1.395404766E3	-4.371162626E2
5.997660428E1	1.395471672E3	-4.411689420E2
5.999331551E1	1.395484650E3	-4.445413644E2
6.001002674E1	1.395472855E3	-4.476216924E2
6.002673797E1	1.395453143E3	-4.514101367E2
6.004344920E1	1.395482737E3	-4.567915286E2
6.006016043E1	1.395424785E3	-4.683381325E2
6.007687166E1	1.395324009E3	-4.733547303E2
6.009358289E1	1.395401696E3	-4.776638916E2
6.011029412E1	1.395455753E3	-4.818039714E2
