200-U_row-4_post-3_ref
t	x	y
2.023729947E1	1.398107932E3	-2.885083041E2
2.025401070E1	1.398101986E3	-2.885027675E2
2.027072193E1	1.398082078E3	-2.884592656E2
2.028743316E1	1.398089464E3	-2.892971517E2
2.030414439E1	1.398153527E3	-2.912844855E2
2.032085561E1	1.398099571E3	-2.928623605E2
2.033756684E1	1.398046916E3	-2.933856893E2
2.035427807E1	1.398029432E3	-2.935788135E2
2.037098930E1	1.398129913E3	-2.939785305E2
2.038770053E1	1.398077751E3	-2.950988517E2
2.040441176E1	1.398110985E3	-2.980605047E2
2.042112299E1	1.398092356E3	-3.021809415E2
2.043783422E1	1.398088590E3	-3.055332333E2
2.045454545E1	1.398029324E3	-3.076737105E2
2.047125668E1	1.398098414E3	-3.094111253E2
2.048796791E1	1.398131778E3	-3.111129372E2
2.050467914E1	1.398112946E3	-3.150838116E2
2.052139037E1	1.398083863E3	-3.200250840E2
2.053810160E1	1.397939632E3	-3.251133955E2
2.055481283E1	1.398111880E3	-3.287944221E2
2.057152406E1	1.398082506E3	-3.310927629E2
2.058823529E1	1.398128855E3	-3.336719472E2
2.060494652E1	1.398079378E3	-3.367607168E2
2.062165775E1	1.398132859E3	-3.406352065E2
2.063836898E1	1.398036458E3	-3.454059635E2
2.065508021E1	1.398010473E3	-3.508329616E2
2.067179144E1	1.398085331E3	-3.551071056E2
2.068850267E1	1.398093373E3	-3.569579338E2
2.070521390E1	1.398135688E3	-3.585299595E2
2.072192513E1	1.398095203E3	-3.595333579E2
2.073863636E1	1.398157262E3	-3.611824380E2
2.075534759E1	1.398041527E3	-3.638837997E2
2.077205882E1	1.398027306E3	-3.669883483E2
2.078877005E1	1.398085608E3	-3.693092378E2
2.080548128E1	1.398005835E3	-3.708013927E2
2.082219251E1	1.398137864E3	-3.716310864E2
2.083890374E1	1.398093788E3	-3.733725002E2
2.085561497E1	1.398077540E3	-3.756046553E2
2.087232620E1	1.398012611E3	-3.775411553E2
2.088903743E1	1.398095108E3	-3.789030091E2
2.090574866E1	1.398018119E3	-3.809438931E2
2.092245989E1	1.398100974E3	-3.828952219E2
2.093917112E1	1.398102607E3	-3.856583538E2
2.095588235E1	1.398027782E3	-3.899458826E2
2.097259358E1	1.398055800E3	-3.950639459E2
2.098930481E1	1.398066119E3	-3.989850910E2
2.100601604E1	1.398098105E3	-4.021244629E2
2.102272727E1	1.398076742E3	-4.037647642E2
2.103943850E1	1.398023740E3	-4.053250129E2
2.105614973E1	1.398044569E3	-4.072887303E2
2.107286096E1	1.398009291E3	-4.110250110E2
2.108957219E1	1.398079837E3	-4.160912340E2
2.110628342E1	1.397975893E3	-4.208093292E2
2.112299465E1	1.398010703E3	-4.248258652E2
2.113970588E1	1.398011803E3	-4.281871132E2
2.115641711E1	1.398130326E3	-4.304311725E2
2.117312834E1	1.398144739E3	-4.326763762E2
2.118983957E1	1.398062679E3	-4.353236307E2
2.120655080E1	1.397985820E3	-4.391664836E2
2.122326203E1	1.397994585E3	-4.439764302E2
2.123997326E1	1.398039405E3	-4.487371419E2
2.125668449E1	1.398076584E3	-4.521051148E2
2.127339572E1	1.398110626E3	-4.547775730E2
2.129010695E1	1.398025870E3	-4.572710455E2
2.130681818E1	1.397989022E3	-4.602924702E2
2.132352941E1	1.398127461E3	-4.641429086E2
2.134024064E1	1.398039515E3	-4.688130468E2
2.135695187E1	1.398071163E3	-4.739575475E2
2.137366310E1	1.398068523E3	-4.779169059E2
2.139037433E1	1.398119973E3	-4.813756865E2
2.140708556E1	1.398051527E3	-4.837294885E2
2.142379679E1	1.398023340E3	-4.851900309E2
2.144050802E1	1.398109154E3	-4.876718637E2
2.145721925E1	1.398012724E3	-4.915806959E2
2.147393048E1	1.397959834E3	-4.947812399E2
2.149064171E1	1.398079976E3	-4.964150567E2
2.150735294E1	1.398067888E3	-4.967767007E2
2.152406417E1	1.398075456E3	-4.974143675E2
2.154077540E1	1.398057936E3	-4.982471232E2
2.155748663E1	1.398098797E3	-4.990090027E2
2.157419786E1	1.398088753E3	-5.006463865E2
2.159090909E1	1.398037350E3	-5.020371087E2
2.160762032E1	1.397994904E3	-5.031448900E2
2.162433155E1	1.398137615E3	-5.038559453E2
2.164104278E1	1.398081362E3	-5.037828550E2
2.165775401E1	1.398099350E3	-5.037975415E2
2.167446524E1	1.398092643E3	-5.037771588E2
2.169117647E1	1.398089399E3	-5.037047266E2
2.170788770E1	1.398046497E3	-5.037688832E2
2.172459893E1	1.398058629E3	-5.036843035E2
2.174131016E1	1.398079169E3	-5.037267573E2
2.175802139E1	1.398107296E3	-5.037353034E2
2.177473262E1	1.398112687E3	-5.036972288E2
2.179144385E1	1.398086504E3	-5.037000781E2
2.180815508E1	1.398101702E3	-5.037259974E2
2.182486631E1	1.398079603E3	-5.036776270E2
2.184157754E1	1.398092076E3	-5.037256569E2
2.185828877E1	1.398085006E3	-5.037201687E2
2.187500000E1	1.398106536E3	-5.036732016E2
2.189171123E1	1.398114142E3	-5.037447647E2
2.190842246E1	1.398093730E3	-5.037375037E2
2.192513369E1	1.398090350E3	-5.038330149E2
2.194184492E1	1.398067494E3	-5.036985707E2
2.195855615E1	1.398094317E3	-5.036337140E2
2.197526738E1	1.398180824E3	-5.037329242E2
2.199197861E1	1.398052082E3	-5.036525555E2
2.200868984E1	1.398089170E3	-5.036653344E2
2.202540107E1	1.398055273E3	-5.035925769E2
2.204211230E1	1.398080143E3	-5.034605038E2
2.205882353E1	1.398076336E3	-5.035663988E2
2.207553476E1	1.398098001E3	-5.037104651E2
2.209224599E1	1.398148787E3	-5.035373160E2
2.210895722E1	1.398221669E3	-5.030627163E2
2.212566845E1	1.398315298E3	-5.028485790E2
2.214237968E1	1.398583662E3	-5.027684907E2
2.215909091E1	1.398857310E3	-5.027503469E2
2.217580214E1	1.399075269E3	-5.027293074E2
2.219251337E1	1.399468139E3	-5.026811016E2
2.220922460E1	1.399872667E3	-5.026822101E2
2.222593583E1	1.400507801E3	-5.027808041E2
2.224264706E1	1.401262619E3	-5.027890214E2
2.225935829E1	1.402237890E3	-5.026074654E2
2.227606952E1	1.403196793E3	-5.023987985E2
2.229278075E1	1.404654031E3	-5.022989330E2
2.230949198E1	1.406565721E3	-5.022218315E2
2.232620321E1	1.409259034E3	-5.022803268E2
2.234291444E1	1.412426552E3	-5.021401081E2
2.235962567E1	1.416682061E3	-5.021336128E2
2.237633690E1	1.422384145E3	-5.020254466E2
2.239304813E1	1.429976144E3	-5.022195023E2
2.240975936E1	1.439810802E3	-5.022056402E2
2.242647059E1	1.452163669E3	-5.020406477E2
2.244318182E1	1.466009897E3	-5.021500985E2
2.245989305E1	1.480248306E3	-5.021366550E2
2.247660428E1	1.494824310E3	-5.018113203E2
2.249331551E1	1.511038391E3	-5.018932249E2
2.251002674E1	1.528546846E3	-5.016432249E2
2.252673797E1	1.546784198E3	-5.016455212E2
2.254344920E1	1.565145248E3	-5.013919042E2
2.256016043E1	1.583242610E3	-5.014050919E2
2.257687166E1	1.601906484E3	-5.014011423E2
2.259358289E1	1.620711328E3	-5.012827737E2
2.261029412E1	1.639254690E3	-5.011746590E2
2.262700535E1	1.657784308E3	-5.007154004E2
2.264371658E1	1.677160671E3	-5.006322240E2
2.266042781E1	1.697097570E3	-5.004318317E2
2.267713904E1	1.717354022E3	-5.004185335E2
2.269385027E1	1.737481015E3	-5.002125203E2
2.271056150E1	1.757540123E3	-5.002645012E2
2.272727273E1	1.778347701E3	-5.001330503E2
2.274398396E1	1.798639144E3	-4.998922137E2
2.276069519E1	1.817651548E3	-4.998799855E2
2.277740642E1	1.837030538E3	-4.994723794E2
2.279411765E1	1.857210419E3	-4.994215283E2
2.281082888E1	1.877546504E3	-4.992793881E2
2.282754011E1	1.898324288E3	-4.989651766E2
2.284425134E1	1.919636656E3	-4.987041257E2
2.286096257E1	1.943154806E3	-4.986688986E2
2.287767380E1	1.969458243E3	-4.983483214E2
2.289438503E1	1.996276776E3	-4.979861113E2
2.291109626E1	2.023344076E3	-4.979251283E2
2.292780749E1	2.050916135E3	-4.979552417E2
2.294451872E1	2.077699699E3	-4.979420418E2
2.296122995E1	2.103604986E3	-4.977550242E2
2.297794118E1	2.128851874E3	-4.980025979E2
2.299465241E1	2.150232602E3	-4.979069892E2
2.301136364E1	2.168218304E3	-4.978022645E2
2.302807487E1	2.184135861E3	-4.975791876E2
2.304478610E1	2.197355224E3	-4.975860414E2
2.306149733E1	2.209016966E3	-4.978821883E2
2.307820856E1	2.219540443E3	-4.978483774E2
2.309491979E1	2.227820086E3	-4.978887827E2
2.311163102E1	2.233497510E3	-4.979686362E2
2.312834225E1	2.237571793E3	-4.980628295E2
2.314505348E1	2.241847632E3	-4.983852910E2
2.316176471E1	2.247066777E3	-4.981193270E2
2.317847594E1	2.253006221E3	-4.981266704E2
2.319518717E1	2.259783667E3	-4.981755499E2
2.321189840E1	2.267413676E3	-4.980889702E2
2.322860963E1	2.274298576E3	-4.982406111E2
2.324532086E1	2.279740933E3	-4.985581847E2
2.326203209E1	2.283213259E3	-4.986643472E2
2.327874332E1	2.285568039E3	-4.987337620E2
2.329545455E1	2.287398272E3	-4.988148702E2
2.331216578E1	2.288881203E3	-4.989220908E2
2.332887701E1	2.290264474E3	-4.989547049E2
2.334558824E1	2.291412622E3	-4.991378519E2
2.336229947E1	2.292202658E3	-4.990128096E2
2.337901070E1	2.292273909E3	-4.990466252E2
2.339572193E1	2.292400165E3	-4.990679815E2
2.341243316E1	2.292410311E3	-4.995070166E2
2.342914439E1	2.292279257E3	-4.992099027E2
2.344585561E1	2.292252164E3	-4.991067922E2
2.346256684E1	2.292331474E3	-4.993231181E2
2.347927807E1	2.292348348E3	-4.995152953E2
2.349598930E1	2.292380256E3	-4.996462819E2
2.351270053E1	2.292582527E3	-4.996437457E2
2.352941176E1	2.292504922E3	-5.001492521E2
2.354612299E1	2.292395680E3	-5.000405343E2
2.356283422E1	2.292358795E3	-5.001597438E2
2.357954545E1	2.292295203E3	-5.011570642E2
2.359625668E1	2.292228968E3	-5.029486816E2
2.361296791E1	2.292107997E3	-5.070560062E2
2.362967914E1	2.291975884E3	-5.127909654E2
2.364639037E1	2.292225622E3	-5.191030050E2
2.366310160E1	2.291776479E3	-5.265067765E2
2.367981283E1	2.291790859E3	-5.373751718E2
2.369652406E1	2.291502723E3	-5.505141260E2
2.371323529E1	2.291177835E3	-5.633635857E2
2.372994652E1	2.290962823E3	-5.749224794E2
2.374665775E1	2.290780384E3	-5.859401856E2
2.376336898E1	2.290772624E3	-5.986626191E2
2.378008021E1	2.290470872E3	-6.127013798E2
2.379679144E1	2.290359332E3	-6.285105739E2
2.381350267E1	2.290189537E3	-6.460980487E2
2.383021390E1	2.289910579E3	-6.635121458E2
2.384692513E1	2.289710349E3	-6.763888134E2
2.386363636E1	2.289550210E3	-6.844567907E2
2.388034759E1	2.289198444E3	-6.897767116E2
2.389705882E1	2.289366860E3	-6.971478978E2
2.391377005E1	2.289207256E3	-7.106531678E2
2.393048128E1	2.288931123E3	-7.297588467E2
2.394719251E1	2.288828559E3	-7.472281052E2
2.396390374E1	2.288753678E3	-7.577735637E2
2.398061497E1	2.288839536E3	-7.609118845E2
2.399732620E1	2.288426790E3	-7.614914042E2
2.401403743E1	2.288030176E3	-7.615239471E2
2.403074866E1	2.287112469E3	-7.616019877E2
2.404745989E1	2.284849393E3	-7.616826932E2
2.406417112E1	2.281145245E3	-7.616904193E2
2.408088235E1	2.276313032E3	-7.616894915E2
2.409759358E1	2.270233786E3	-7.618216624E2
2.411430481E1	2.262981143E3	-7.617493993E2
2.413101604E1	2.253238981E3	-7.616173175E2
2.414772727E1	2.241338656E3	-7.615008633E2
2.416443850E1	2.227316780E3	-7.615972927E2
2.418114973E1	2.212386361E3	-7.611474761E2
2.419786096E1	2.198240102E3	-7.609376622E2
2.421457219E1	2.185602360E3	-7.608552769E2
2.423128342E1	2.173146785E3	-7.606636539E2
2.424799465E1	2.159408489E3	-7.604558270E2
2.426470588E1	2.144579068E3	-7.605270292E2
2.428141711E1	2.128323162E3	-7.602947494E2
2.429812834E1	2.111469135E3	-7.600894483E2
2.431483957E1	2.094447834E3	-7.598163334E2
2.433155080E1	2.076696822E3	-7.597387124E2
2.434826203E1	2.059068065E3	-7.595657046E2
2.436497326E1	2.042875994E3	-7.589925994E2
2.438168449E1	2.029225672E3	-7.588044761E2
2.439839572E1	2.019553398E3	-7.586294034E2
2.441510695E1	2.012919133E3	-7.584190937E2
2.443181818E1	2.007418972E3	-7.584252114E2
2.444852941E1	2.003325415E3	-7.575515833E2
2.446524064E1	2.000606011E3	-7.566138665E2
2.448195187E1	1.998855883E3	-7.557740109E2
2.449866310E1	1.997967111E3	-7.544101692E2
2.451537433E1	1.997261578E3	-7.519815259E2
2.453208556E1	1.997145640E3	-7.485539310E2
2.454879679E1	1.996802563E3	-7.430456120E2
2.456550802E1	1.996456463E3	-7.363837886E2
2.458221925E1	1.996331748E3	-7.302200999E2
2.459893048E1	1.996272105E3	-7.237868554E2
2.461564171E1	1.996133156E3	-7.157619176E2
2.463235294E1	1.996054445E3	-7.043764349E2
2.464906417E1	1.996258906E3	-6.931503602E2
2.466577540E1	1.996336470E3	-6.837703375E2
2.468248663E1	1.996312888E3	-6.746294748E2
2.469919786E1	1.996340044E3	-6.636931893E2
2.471590909E1	1.996286603E3	-6.491345597E2
2.473262032E1	1.996305626E3	-6.280255150E2
2.474933155E1	1.996377803E3	-6.018761868E2
2.476604278E1	1.996444283E3	-5.786807198E2
2.478275401E1	1.996552413E3	-5.608211544E2
2.479946524E1	1.996501553E3	-5.487689013E2
2.481617647E1	1.996475390E3	-5.412059579E2
2.483288770E1	1.996544367E3	-5.339876565E2
2.484959893E1	1.996887618E3	-5.259986571E2
2.486631016E1	1.996992798E3	-5.167599103E2
2.488302139E1	1.997134660E3	-5.068656965E2
2.489973262E1	1.997065454E3	-4.985123046E2
2.491644385E1	1.997130453E3	-4.908409607E2
2.493315508E1	1.997322271E3	-4.795461907E2
2.494986631E1	1.997914634E3	-4.617619004E2
