200-U_row-4_post-2_ref
t	x	y
3.592914439E0	1.405996416E3	-2.830810391E2
3.609625668E0	1.406059690E3	-2.847782102E2
3.626336898E0	1.406062132E3	-2.863321526E2
3.643048128E0	1.406046136E3	-2.867542257E2
3.659759358E0	1.405972252E3	-2.871664661E2
3.676470588E0	1.405995369E3	-2.876256682E2
3.693181818E0	1.405959918E3	-2.879759119E2
3.709893048E0	1.406025708E3	-2.881609627E2
3.726604278E0	1.405990633E3	-2.884379272E2
3.743315508E0	1.406018862E3	-2.887501344E2
3.760026738E0	1.405947710E3	-2.888565336E2
3.776737968E0	1.406008885E3	-2.888540218E2
3.793449198E0	1.405999743E3	-2.891014647E2
3.810160428E0	1.406021835E3	-2.893260738E2
3.826871658E0	1.406005145E3	-2.901144123E2
3.843582888E0	1.406026129E3	-2.903221509E2
3.860294118E0	1.406086860E3	-2.905163243E2
3.877005348E0	1.405947434E3	-2.906510045E2
3.893716578E0	1.405963657E3	-2.911478305E2
3.910427807E0	1.405975433E3	-2.916385489E2
3.927139037E0	1.406006359E3	-2.921320950E2
3.943850267E0	1.405983788E3	-2.925750860E2
3.960561497E0	1.406002221E3	-2.927845286E2
3.977272727E0	1.405973095E3	-2.933110909E2
3.993983957E0	1.405991364E3	-2.930707492E2
4.010695187E0	1.406041759E3	-2.930164871E2
4.027406417E0	1.406041283E3	-2.934688190E2
4.044117647E0	1.406019974E3	-2.934837867E2
4.060828877E0	1.406018584E3	-2.935630897E2
4.077540107E0	1.405967219E3	-2.939613038E2
4.094251337E0	1.406032403E3	-2.943022259E2
4.110962567E0	1.405997828E3	-2.945072437E2
4.127673797E0	1.406056247E3	-2.946329570E2
4.144385027E0	1.405948400E3	-2.949569444E2
4.161096257E0	1.405995263E3	-2.954268864E2
4.177807487E0	1.405995111E3	-2.957203653E2
4.194518717E0	1.405965964E3	-2.959322457E2
4.211229947E0	1.406103030E3	-2.960963865E2
4.227941176E0	1.406045441E3	-2.961179106E2
4.244652406E0	1.406001395E3	-2.961277083E2
4.261363636E0	1.406026444E3	-2.961845533E2
4.278074866E0	1.405936436E3	-2.964128685E2
4.294786096E0	1.405938881E3	-2.966773844E2
4.311497326E0	1.405994314E3	-2.968376559E2
4.328208556E0	1.405990701E3	-2.975304382E2
4.344919786E0	1.405946756E3	-2.981435638E2
4.361631016E0	1.406058964E3	-2.990216012E2
4.378342246E0	1.406069169E3	-3.000494470E2
4.395053476E0	1.406004730E3	-3.011678128E2
4.411764706E0	1.406000140E3	-3.023336144E2
4.428475936E0	1.405954266E3	-3.037646532E2
4.445187166E0	1.405988819E3	-3.048488164E2
4.461898396E0	1.405964572E3	-3.065459635E2
4.478609626E0	1.406018717E3	-3.080984256E2
4.495320856E0	1.405934263E3	-3.103132183E2
4.512032086E0	1.406029966E3	-3.122402825E2
4.528743316E0	1.405942186E3	-3.139768090E2
4.545454545E0	1.405989015E3	-3.155713413E2
4.562165775E0	1.406003664E3	-3.176119894E2
4.578877005E0	1.405989571E3	-3.197912020E2
4.595588235E0	1.405940635E3	-3.225310538E2
4.612299465E0	1.406006656E3	-3.252826708E2
4.629010695E0	1.405984384E3	-3.276850726E2
4.645721925E0	1.405974482E3	-3.298078508E2
4.662433155E0	1.405896226E3	-3.321133710E2
4.679144385E0	1.405953689E3	-3.347227545E2
4.695855615E0	1.405997392E3	-3.377626681E2
4.712566845E0	1.405994233E3	-3.411353610E2
4.729278075E0	1.405943503E3	-3.444689724E2
4.745989305E0	1.406028389E3	-3.474987849E2
4.762700535E0	1.405927538E3	-3.492637617E2
4.779411765E0	1.406030306E3	-3.508675170E2
4.796122995E0	1.405983368E3	-3.530564746E2
4.812834225E0	1.405869101E3	-3.550951484E2
4.829545455E0	1.405875182E3	-3.570891954E2
4.846256684E0	1.405976395E3	-3.589212747E2
4.862967914E0	1.405911594E3	-3.612491587E2
4.879679144E0	1.405976577E3	-3.642205054E2
4.896390374E0	1.405949524E3	-3.671363621E2
4.913101604E0	1.405945524E3	-3.698560752E2
4.929812834E0	1.406007710E3	-3.726244239E2
4.946524064E0	1.405938399E3	-3.756696092E2
4.963235294E0	1.405972494E3	-3.790269743E2
4.979946524E0	1.406011811E3	-3.822018494E2
4.996657754E0	1.405851652E3	-3.853674039E2
5.013368984E0	1.405974287E3	-3.884311862E2
5.030080214E0	1.405873945E3	-3.909702975E2
5.046791444E0	1.405958575E3	-3.935899766E2
5.063502674E0	1.405992461E3	-3.966873155E2
5.080213904E0	1.405916581E3	-3.999350567E2
5.096925134E0	1.405950098E3	-4.030846393E2
5.113636364E0	1.406042746E3	-4.064546867E2
5.130347594E0	1.405968994E3	-4.097085343E2
5.147058824E0	1.406019658E3	-4.130949093E2
5.163770053E0	1.405935955E3	-4.160304421E2
5.180481283E0	1.405894647E3	-4.179951089E2
5.197192513E0	1.405887542E3	-4.194629682E2
5.213903743E0	1.405958129E3	-4.214333871E2
5.230614973E0	1.405968797E3	-4.240739031E2
5.247326203E0	1.405921765E3	-4.260471126E2
5.264037433E0	1.405930018E3	-4.287254953E2
5.280748663E0	1.405934471E3	-4.308164741E2
5.297459893E0	1.405947450E3	-4.338713882E2
5.314171123E0	1.406042908E3	-4.372940718E2
5.330882353E0	1.406009485E3	-4.405112804E2
5.347593583E0	1.405947066E3	-4.439317751E2
5.364304813E0	1.405946828E3	-4.475642135E2
5.381016043E0	1.405926064E3	-4.514945445E2
5.397727273E0	1.405953900E3	-4.555022665E2
