200-U_row-4_post-5_wire
t	x	y
5.848930481E1	1.412939676E3	-6.967457092E2
5.850601604E1	1.413016414E3	-6.977146144E2
5.852272727E1	1.413128889E3	-6.982928896E2
5.853943850E1	1.413529369E3	-6.984013209E2
5.855614973E1	1.413769312E3	-6.990492894E2
5.857286096E1	1.413421656E3	-6.997697445E2
5.858957219E1	1.413004155E3	-7.007405256E2
5.860628342E1	1.412761188E3	-7.015164176E2
5.862299465E1	1.412875727E3	-7.017691962E2
5.863970588E1	1.413329788E3	-7.020755727E2
5.865641711E1	1.413788922E3	-7.024326513E2
5.867312834E1	1.413847686E3	-7.032490902E2
5.868983957E1	1.413512314E3	-7.048107917E2
5.870655080E1	1.413075690E3	-7.064372540E2
5.872326203E1	1.412812150E3	-7.073602270E2
5.873997326E1	1.412889671E3	-7.073659869E2
5.875668449E1	1.413118484E3	-7.074965274E2
5.877339572E1	1.413285357E3	-7.078428416E2
5.879010695E1	1.413144078E3	-7.078112813E2
5.880681818E1	1.412779413E3	-7.079988266E2
5.882352941E1	1.412680218E3	-7.083869564E2
5.884024064E1	1.412951199E3	-7.087418869E2
5.885695187E1	1.413359454E3	-7.091121093E2
5.887366310E1	1.413886913E3	-7.090369899E2
5.889037433E1	1.413182777E3	-7.092730140E2
5.890708556E1	1.412664474E3	-7.094155711E2
5.892379679E1	1.412338391E3	-7.096671373E2
5.894050802E1	1.412708308E3	-7.097288125E2
5.895721925E1	1.413437535E3	-7.097674391E2
5.897393048E1	1.413932851E3	-7.104256389E2
5.899064171E1	1.413572699E3	-7.105713654E2
5.900735294E1	1.413239898E3	-7.107544756E2
5.902406417E1	1.413131126E3	-7.112219699E2
5.904077540E1	1.413153878E3	-7.120825250E2
5.905748663E1	1.413042813E3	-7.129118592E2
5.907419786E1	1.412978661E3	-7.137851207E2
5.909090909E1	1.412990380E3	-7.145518044E2
5.910762032E1	1.413100066E3	-7.160765204E2
5.912433155E1	1.413585798E3	-7.176851761E2
5.914104278E1	1.413605417E3	-7.193818813E2
5.915775401E1	1.413394161E3	-7.210374498E2
5.917446524E1	1.413276577E3	-7.225157793E2
5.919117647E1	1.413060000E3	-7.239467388E2
5.920788770E1	1.413040826E3	-7.249189894E2
5.922459893E1	1.413411582E3	-7.256911617E2
5.924131016E1	1.413540609E3	-7.265192067E2
5.925802139E1	1.413456774E3	-7.274411456E2
5.927473262E1	1.413064737E3	-7.290135485E2
5.929144385E1	1.413080992E3	-7.306352951E2
5.930815508E1	1.413153316E3	-7.322373371E2
5.932486631E1	1.413691335E3	-7.345992361E2
5.934157754E1	1.413539005E3	-7.374233164E2
5.935828877E1	1.413300550E3	-7.403125664E2
5.937500000E1	1.412651101E3	-7.434221938E2
5.939171123E1	1.412905272E3	-7.460430055E2
5.940842246E1	1.413422297E3	-7.488104291E2
5.942513369E1	1.413825483E3	-7.515877172E2
5.944184492E1	1.413624950E3	-7.540059457E2
5.945855615E1	1.412975543E3	-7.564400755E2
5.947526738E1	1.413095098E3	-7.589483719E2
5.949197861E1	1.413594468E3	-7.613380351E2
5.950868984E1	1.414341626E3	-7.636955041E2
5.952540107E1	1.413943280E3	-7.664618437E2
5.954211230E1	1.413238310E3	-7.692947784E2
5.955882353E1	1.412575194E3	-7.721200497E2
5.957553476E1	1.413074502E3	-7.740610207E2
5.959224599E1	1.413707183E3	-7.750265187E2
5.960895722E1	1.414283039E3	-7.763177335E2
5.962566845E1	1.413890227E3	-7.778251610E2
5.964237968E1	1.413423609E3	-7.797487396E2
5.965909091E1	1.413351092E3	-7.815392581E2
5.967580214E1	1.413635801E3	-7.837678225E2
5.969251337E1	1.414243445E3	-7.862569125E2
5.970922460E1	1.414478589E3	-7.894558469E2
5.972593583E1	1.413770708E3	-7.926702860E2
5.974264706E1	1.413249279E3	-7.958888099E2
5.975935829E1	1.413216953E3	-7.984610845E2
5.977606952E1	1.413869634E3	-8.008409378E2
5.979278075E1	1.414534622E3	-8.029552646E2
5.980949198E1	1.414273193E3	-8.056895624E2
5.982620321E1	1.413660053E3	-8.088098976E2
5.984291444E1	1.413558299E3	-8.114172401E2
5.985962567E1	1.413644073E3	-8.138290360E2
5.987633690E1	1.414417962E3	-8.165927503E2
5.989304813E1	1.414184044E3	-8.201032806E2
5.990975936E1	1.413749573E3	-8.248585213E2
5.992647059E1	1.413101381E3	-8.299198498E2
5.994318182E1	1.413067872E3	-8.346822964E2
5.995989305E1	1.413841267E3	-8.391910378E2
5.997660428E1	1.414591523E3	-8.425352418E2
5.999331551E1	1.414473540E3	-8.439368782E2
6.001002674E1	1.413740355E3	-8.452803290E2
6.002673797E1	1.413290414E3	-8.480995225E2
6.004344920E1	1.413099701E3	-8.514068497E2
