200-U_row-4_post-3_wire
t	x	y
2.023729947E1	1.418581904E3	-7.021730314E2
2.025401070E1	1.418901003E3	-7.020921492E2
2.027072193E1	1.418788864E3	-7.021805717E2
2.028743316E1	1.418567108E3	-7.030171123E2
2.030414439E1	1.418453955E3	-7.046248490E2
2.032085561E1	1.418524056E3	-7.062089974E2
2.033756684E1	1.418797418E3	-7.067795046E2
2.035427807E1	1.418824346E3	-7.069937710E2
2.037098930E1	1.418716776E3	-7.072704378E2
2.038770053E1	1.418581432E3	-7.084706418E2
2.040441176E1	1.418503685E3	-7.110427307E2
2.042112299E1	1.418587570E3	-7.148131337E2
2.043783422E1	1.424255159E3	-7.197115173E2
2.045454545E1	1.418654676E3	-7.193199851E2
2.047125668E1	1.418758556E3	-7.207349162E2
2.048796791E1	1.418678215E3	-7.223575627E2
2.050467914E1	1.418769091E3	-7.261688261E2
2.052139037E1	1.418545103E3	-7.308165198E2
2.053810160E1	1.418604162E3	-7.352574058E2
2.055481283E1	1.418690334E3	-7.384965268E2
2.057152406E1	1.419122091E3	-7.406981107E2
2.058823529E1	1.419249493E3	-7.425554728E2
2.060494652E1	1.419144132E3	-7.457025211E2
2.062165775E1	1.418954554E3	-7.489452979E2
2.063836898E1	1.418537582E3	-7.537053269E2
2.065508021E1	1.418528725E3	-7.585684832E2
2.067179144E1	1.419296542E3	-7.618301752E2
2.068850267E1	1.419507093E3	-7.634543861E2
2.070521390E1	1.419561756E3	-7.647895233E2
2.072192513E1	1.419247978E3	-7.659117044E2
2.073863636E1	1.418906690E3	-7.674585198E2
2.075534759E1	1.418616982E3	-7.698471311E2
2.077205882E1	1.418702012E3	-7.730226783E2
2.078877005E1	1.418914285E3	-7.748713761E2
2.080548128E1	1.419061996E3	-7.762469913E2
2.082219251E1	1.419417926E3	-7.771570929E2
2.083890374E1	1.419151856E3	-7.786701845E2
2.085561497E1	1.418748094E3	-7.804812622E2
2.087232620E1	1.418617803E3	-7.824892068E2
2.088903743E1	1.418599001E3	-7.838092294E2
2.090574866E1	1.418777729E3	-7.856109266E2
2.092245989E1	1.419210917E3	-7.869153176E2
2.093917112E1	1.419522590E3	-7.899323275E2
2.095588235E1	1.419365696E3	-7.939920404E2
2.097259358E1	1.418800662E3	-7.986506661E2
2.098930481E1	1.418094642E3	-8.021338244E2
2.100601604E1	1.418451422E3	-8.045249307E2
2.102272727E1	1.418912423E3	-8.058279538E2
2.103943850E1	1.419445704E3	-8.072522002E2
2.105614973E1	1.419544522E3	-8.091172983E2
2.107286096E1	1.418568417E3	-8.128113557E2
2.108957219E1	1.417845558E3	-8.174554635E2
2.110628342E1	1.417756565E3	-8.213947310E2
2.112299465E1	1.417976168E3	-8.242073769E2
2.113970588E1	1.418614591E3	-8.241071472E2
