201-I_row-1_post-14_ref
t	x	y
4.955686978E1	6.115998551E2	-1.487234824E1
4.957362328E1	6.115753445E2	-6.760096783E0
4.959037679E1	6.115632002E2	3.830838454E-2
4.960713029E1	6.114522467E2	8.984456604E0
4.962388380E1	6.113291686E2	1.812106170E1
4.964063730E1	6.115188302E2	2.593200057E1
4.965739081E1	6.115902498E2	3.160364184E1
4.967414431E1	6.115563456E2	3.572631876E1
4.969089782E1	6.116034566E2	3.983503470E1
4.970765133E1	6.116260431E2	4.534270322E1
4.972440483E1	6.115603557E2	5.121207237E1
4.974115834E1	6.115519148E2	5.749184584E1
4.975791184E1	6.116038531E2	6.201131562E1
4.977466535E1	6.115549206E2	6.413174503E1
4.979141885E1	6.116416316E2	6.503413610E1
4.980817236E1	6.116166245E2	6.572345614E1
4.982492587E1	6.115841953E2	6.713799562E1
4.984167937E1	6.115433000E2	6.922035707E1
4.985843288E1	6.115874759E2	7.070861790E1
4.987518638E1	6.115991440E2	7.187403165E1
4.989193989E1	6.116521343E2	7.274573298E1
4.990869339E1	6.115913413E2	7.322691159E1
4.992544690E1	6.115798599E2	7.457709159E1
4.994220041E1	6.116465139E2	7.637381895E1
4.995895391E1	6.116581228E2	7.883605658E1
4.997570742E1	6.115490462E2	8.064212357E1
4.999246092E1	6.115837345E2	8.278143820E1
5.000921443E1	6.116009479E2	8.456091391E1
5.002596793E1	6.114535948E2	8.692507606E1
5.004272144E1	6.116618105E2	8.952731028E1
5.005947495E1	6.116392131E2	9.261956881E1
5.007622845E1	6.117068476E2	9.743216043E1
5.009298196E1	6.116251573E2	1.051981768E2
5.010973546E1	6.116324112E2	1.162261115E2
5.012648897E1	6.115962622E2	1.278651592E2
5.014324247E1	6.117475009E2	1.383770788E2
5.015999598E1	6.118473367E2	1.473706422E2
5.017674948E1	6.118447333E2	1.551109320E2
5.019350299E1	6.117524535E2	1.629925901E2
5.021025650E1	6.117219834E2	1.706043513E2
5.022701000E1	6.117955042E2	1.792595023E2
5.024376351E1	6.117647196E2	1.912422858E2
5.026051701E1	6.118584803E2	2.026639330E2
5.027727052E1	6.121738056E2	2.108161454E2
5.029402402E1	6.121103700E2	2.174001890E2
5.031077753E1	6.120082743E2	2.228903564E2
5.032753104E1	6.122497636E2	2.265450393E2
5.034428454E1	6.123056193E2	2.288170961E2
5.036103805E1	6.123484792E2	2.318049194E2
5.037779155E1	6.123089539E2	2.360275497E2
5.039454506E1	6.124156907E2	2.404857497E2
5.041129856E1	6.124091486E2	2.451716051E2
5.042805207E1	6.123961702E2	2.492143587E2
5.044480558E1	6.124693779E2	2.527445574E2
5.046155908E1	6.124686425E2	2.559184853E2
5.047831259E1	6.124725291E2	2.597094931E2
5.049506609E1	6.123769912E2	2.627233639E2
5.051181960E1	6.124997894E2	2.654402824E2
5.052857310E1	6.126984911E2	2.676829120E2
5.054532661E1	6.124408637E2	2.696004847E2
5.056208012E1	6.126036477E2	2.719814211E2
5.057883362E1	6.124034939E2	2.747134277E2
5.059558713E1	6.125950718E2	2.783513399E2
5.061234063E1	6.126876738E2	2.842008555E2
5.062909414E1	6.125348290E2	2.891538457E2
5.064584764E1	6.126529263E2	2.932793600E2
5.066260115E1	6.124545618E2	2.972517839E2
5.067935465E1	6.125874125E2	3.032736242E2
5.069610816E1	6.127524620E2	3.082975898E2
5.071286167E1	6.125556816E2	3.131249067E2
5.072961517E1	6.128223808E2	3.173386789E2
5.074636868E1	6.125754174E2	3.203824341E2
5.076312218E1	6.126021660E2	3.227183987E2
5.077987569E1	6.125663566E2	3.249103285E2
5.079662919E1	6.127056151E2	3.262561820E2
5.081338270E1	6.124086756E2	3.282772081E2
5.083013621E1	6.124907615E2	3.305662913E2
5.084688971E1	6.125791339E2	3.332107407E2
5.086364322E1	6.125676901E2	3.362586880E2
5.088039672E1	6.124213166E2	3.380473282E2
5.089715023E1	6.127354627E2	3.401909213E2
5.091390373E1	6.126647279E2	3.437792319E2
5.093065724E1	6.126008984E2	3.494043960E2
5.094741075E1	6.126323312E2	3.569828787E2
5.096416425E1	6.127592617E2	3.643796442E2
5.098091776E1	6.126520785E2	3.713393544E2
5.099767126E1	6.126874611E2	3.779772993E2
5.101442477E1	6.130077207E2	3.832292039E2
5.103117827E1	6.131533933E2	3.874056448E2
5.104793178E1	6.131243003E2	3.909476488E2
5.106468529E1	6.132382152E2	3.934067986E2
5.108143879E1	6.131585697E2	3.967550019E2
5.109819230E1	6.132279115E2	4.008978498E2
5.111494580E1	6.132303620E2	4.064131968E2
5.113169931E1	6.133457075E2	4.120344035E2
5.114845281E1	6.133201963E2	4.154279887E2
5.116520632E1	6.134857070E2	4.177540524E2
5.118195983E1	6.133618312E2	4.201133905E2
5.119871333E1	6.135375988E2	4.231491878E2
5.121546684E1	6.133173084E2	4.262813813E2
5.123222034E1	6.132767415E2	4.292760600E2
5.124897385E1	6.132578317E2	4.321417247E2
5.126572735E1	6.133798826E2	4.343480129E2
5.128248086E1	6.137081375E2	4.359385108E2
5.129923436E1	6.135147408E2	4.371989353E2
5.131598787E1	6.132998750E2	4.379674491E2
5.133274138E1	6.133679531E2	4.393408519E2
5.134949488E1	6.133161660E2	4.414619405E2
5.136624839E1	6.134428334E2	4.450921347E2
5.138300189E1	6.134789584E2	4.491186998E2
5.139975540E1	6.134860537E2	4.528109638E2
5.141650890E1	6.133434176E2	4.553053744E2
5.143326241E1	6.135314260E2	4.565729764E2
5.145001592E1	6.133356478E2	4.571640447E2
5.146676942E1	6.132199932E2	4.578122213E2
5.148352293E1	6.134412778E2	4.592958329E2
5.150027643E1	6.133638914E2	4.612535638E2
5.151702994E1	6.132714001E2	4.634935344E2
5.153378344E1	6.132904369E2	4.657751536E2
5.155053695E1	6.134643582E2	4.681248810E2
5.156729046E1	6.134528651E2	4.708553188E2
5.158404396E1	6.134941381E2	4.733140256E2
5.160079747E1	6.132725488E2	4.748804061E2
5.161755097E1	6.133465100E2	4.768738358E2
5.163430448E1	6.135036115E2	4.792478337E2
5.165105798E1	6.133510652E2	4.821953813E2
5.166781149E1	6.134314077E2	4.854435012E2
5.168456500E1	6.134348895E2	4.894221897E2
5.170131850E1	6.134301117E2	4.944080863E2
5.171807201E1	6.134917426E2	4.995314405E2
5.173482551E1	6.137759402E2	5.039032765E2
5.175157902E1	6.134266648E2	5.093872438E2
5.176833252E1	6.139832286E2	5.145779672E2
5.178508603E1	6.137813577E2	5.191944134E2
5.180183953E1	6.139229197E2	5.234252206E2
5.181859304E1	6.138400029E2	5.265505645E2
5.183534655E1	6.140522328E2	5.286141640E2
5.185210005E1	6.140449730E2	5.307122237E2
5.186885356E1	6.140649532E2	5.342588372E2
5.188560706E1	6.139520888E2	5.385134413E2
5.190236057E1	6.139648611E2	5.409540905E2
5.191911407E1	6.140613538E2	5.422517465E2
5.193586758E1	6.140734150E2	5.432743007E2
5.195262109E1	6.142545677E2	5.442667990E2
5.196937459E1	6.141364162E2	5.457586060E2
5.198612810E1	6.141105305E2	5.475346632E2
5.200288160E1	6.139540137E2	5.493511641E2
5.201963511E1	6.141479042E2	5.513873355E2
5.203638861E1	6.141673763E2	5.531235211E2
5.205314212E1	6.141169884E2	5.550151377E2
5.206989563E1	6.140566232E2	5.566813388E2
5.208664913E1	6.143425653E2	5.585464416E2
5.210340264E1	6.143320770E2	5.605872524E2
