201-I_row-1_post-20_wire
t	x	y
2.897389679E1	3.957990659E1	1.462033284E1
2.899058682E1	3.966105052E1	1.467396297E1
2.900727685E1	3.934032525E1	1.543360042E1
2.902396689E1	3.911086931E1	1.621319401E1
2.904065692E1	3.896343470E1	1.633527582E1
2.905734695E1	3.898222562E1	1.699341892E1
2.907403699E1	3.878545210E1	1.780221186E1
2.909072702E1	3.928240213E1	1.870566452E1
2.910741705E1	3.940332006E1	2.040329511E1
2.912410708E1	3.946966644E1	2.121884047E1
2.914079712E1	3.905114716E1	2.177094593E1
2.915748715E1	3.864576059E1	2.192403958E1
2.917417718E1	3.872295396E1	2.213027802E1
2.919086721E1	3.941690070E1	2.253473090E1
2.920755725E1	4.011777148E1	2.264630705E1
2.922424728E1	4.004948087E1	2.254736009E1
2.924093731E1	3.911631142E1	2.274346443E1
2.925762734E1	3.821744431E1	2.279616985E1
2.927431738E1	3.832664954E1	2.318651502E1
2.929100741E1	3.929015139E1	2.327749170E1
2.930769744E1	4.017979206E1	2.360545336E1
2.932438748E1	4.005926679E1	2.367817900E1
2.934107751E1	3.921974704E1	2.406196589E1
2.935776754E1	3.855439942E1	2.421019341E1
2.937445757E1	3.874913231E1	2.492692071E1
2.939114761E1	3.953938710E1	2.564598188E1
2.940783764E1	3.997652649E1	2.686445836E1
2.942452767E1	3.938461105E1	2.797953408E1
2.944121770E1	3.866108066E1	2.913917698E1
2.945790774E1	3.862973391E1	3.080395743E1
2.947459777E1	3.952723860E1	3.250063223E1
2.949128780E1	4.022639089E1	3.406693892E1
2.950797784E1	3.996008792E1	3.509961365E1
2.952466787E1	3.905608550E1	3.638663469E1
2.954135790E1	3.828666268E1	3.719388877E1
2.955804793E1	3.862239542E1	3.819207951E1
2.957473797E1	3.929355252E1	3.895252514E1
2.959142800E1	3.959481585E1	3.989891964E1
2.960811803E1	3.941443712E1	4.142921328E1
2.962480806E1	3.875436555E1	4.472670717E1
2.964149810E1	3.884636286E1	4.890351508E1
2.965818813E1	3.951677981E1	5.348637240E1
2.967487816E1	3.950925097E1	5.701708176E1
2.969156820E1	3.932000877E1	6.010751547E1
2.970825823E1	3.853952978E1	6.212895404E1
2.972494826E1	3.855485095E1	6.342974051E1
2.974163829E1	3.849207077E1	6.503595966E1
2.975832833E1	3.878014891E1	6.749006523E1
2.977501836E1	3.900105147E1	7.083627205E1
2.979170839E1	3.912646436E1	7.453015919E1
2.980839842E1	3.866018834E1	7.653336682E1
2.982508846E1	3.859236678E1	7.742747838E1
2.984177849E1	3.843671412E1	7.815551982E1
2.985846852E1	3.866209194E1	7.974183543E1
2.987515856E1	3.876068467E1	8.142765581E1
2.989184859E1	3.891817513E1	8.366436852E1
2.990853862E1	3.853458339E1	8.464083834E1
2.992522865E1	3.810263763E1	8.556321893E1
2.994191869E1	3.803445162E1	8.632637246E1
2.995860872E1	3.843486310E1	8.710058313E1
2.997529875E1	3.860951313E1	8.788653923E1
2.999198878E1	3.872238827E1	8.947294423E1
3.000867882E1	3.828135454E1	9.128687331E1
3.002536885E1	3.818905415E1	9.433612973E1
3.004205888E1	3.789969506E1	9.748019712E1
3.005874892E1	3.776475771E1	1.008712612E2
3.007543895E1	3.766805146E1	1.041824179E2
3.009212898E1	3.775532821E1	1.076252108E2
3.010881901E1	3.763548216E1	1.107357326E2
3.012550905E1	3.772488780E1	1.144811979E2
3.014219908E1	3.744228513E1	1.173436874E2
3.015888911E1	3.760035134E1	1.210601066E2
3.017557914E1	3.703840045E1	1.237656712E2
3.019226918E1	3.702872173E1	1.259988971E2
3.020895921E1	3.636849773E1	1.279215107E2
3.022564924E1	3.665725262E1	1.311608214E2
3.024233927E1	3.712223570E1	1.365623705E2
3.025902931E1	3.730206208E1	1.431838994E2
3.027571934E1	3.650966495E1	1.489151596E2
3.029240937E1	3.575491357E1	1.553946318E2
3.030909941E1	3.530540820E1	1.611520638E2
3.032578944E1	3.572068929E1	1.676389860E2
3.034247947E1	3.616852767E1	1.735682305E2
3.035916950E1	3.644201847E1	1.798485164E2
3.037585954E1	3.504696379E1	1.848678486E2
3.039254957E1	3.376877317E1	1.906377818E2
3.040923960E1	3.309829926E1	1.964903572E2
3.042592963E1	3.450014414E1	2.016569670E2
3.044261967E1	3.541160937E1	2.059774438E2
3.045930970E1	3.566869348E1	2.097960380E2
3.047599973E1	3.417167308E1	2.132386918E2
3.049268977E1	3.284028251E1	2.173428997E2
3.050937980E1	3.263696139E1	2.213909695E2
3.052606983E1	3.312609092E1	2.254631854E2
3.054275986E1	3.338769555E1	2.288855037E2
3.055944990E1	3.399725738E1	2.319189704E2
3.057613993E1	3.330670692E1	2.334797482E2
3.059282996E1	3.224902671E1	2.345486220E2
3.060951999E1	3.235119764E1	2.367989823E2
3.062621003E1	3.261698786E1	2.398784654E2
3.064290006E1	3.264105585E1	2.447852253E2
3.065959009E1	3.212741107E1	2.499196911E2
3.067628013E1	3.179867542E1	2.553832094E2
3.069297016E1	3.147184556E1	2.610748696E2
3.070966019E1	3.115715535E1	2.653530676E2
3.072635022E1	3.063172675E1	2.680342195E2
3.074304026E1	3.031153814E1	2.719482205E2
3.075973029E1	3.028300974E1	2.767589545E2
3.077642032E1	3.005005028E1	2.816323407E2
3.079311035E1	2.962735380E1	2.851092283E2
3.080980039E1	2.969904192E1	2.874318615E2
3.082649042E1	2.926277634E1	2.890551626E2
3.084318045E1	2.923928385E1	2.921823712E2
3.085987049E1	2.906290625E1	2.962567623E2
3.087656052E1	2.916279537E1	3.017173058E2
3.089325055E1	2.882881750E1	3.068792379E2
3.090994058E1	2.794970483E1	3.111178579E2
3.092663062E1	2.790836210E1	3.142916507E2
3.094332065E1	2.712318677E1	3.168121610E2
3.096001068E1	2.769285354E1	3.197861609E2
3.097670071E1	2.775888565E1	3.229185094E2
3.099339075E1	2.727509173E1	3.264280534E2
3.101008078E1	2.776511973E1	3.295279067E2
3.102677081E1	2.781670413E1	3.320464069E2
3.104346085E1	2.733336465E1	3.336930616E2
3.106015088E1	2.586492711E1	3.339489665E2
3.107684091E1	2.546884802E1	3.347837722E2
3.109353094E1	2.578863509E1	3.363397107E2
3.111022098E1	2.625548077E1	3.387597996E2
3.112691101E1	2.729794918E1	3.417951927E2
3.114360104E1	2.629714697E1	3.443533035E2
3.116029107E1	2.603831060E1	3.474714923E2
3.117698111E1	2.454341202E1	3.493760654E2
3.119367114E1	2.625942138E1	3.523870652E2
3.121036117E1	2.608602224E1	3.557239193E2
3.122705121E1	2.583253032E1	3.589826352E2
3.124374124E1	2.467542420E1	3.622531820E2
3.126043127E1	2.363981819E1	3.663350465E2
3.127712130E1	2.270644575E1	3.721018318E2
3.129381134E1	2.349108583E1	3.777240462E2
3.131050137E1	2.330385690E1	3.826653724E2
3.132719140E1	2.226373160E1	3.876502892E2
3.134388143E1	2.131728608E1	3.925372356E2
3.136057147E1	2.030129638E1	3.973678115E2
3.137726150E1	2.081341565E1	4.029472265E2
3.139395153E1	2.056663962E1	4.070532655E2
3.141064156E1	2.073407461E1	4.102369415E2
3.142733160E1	2.089790068E1	4.126079167E2
3.144402163E1	2.093417274E1	4.150070681E2
3.146071166E1	2.026545505E1	4.175691441E2
3.147740170E1	1.975752186E1	4.209251063E2
3.149409173E1	2.007305750E1	4.248837215E2
3.151078176E1	1.978265066E1	4.289580528E2
3.152747179E1	1.919012734E1	4.322422124E2
3.154416183E1	1.780516148E1	4.355680804E2
3.156085186E1	1.763312664E1	4.404649541E2
3.157754189E1	1.674507653E1	4.454174655E2
3.159423192E1	1.751886834E1	4.509541679E2
3.161092196E1	1.698913068E1	4.558063526E2
3.162761199E1	1.522968150E1	4.600168036E2
3.164430202E1	1.574419757E1	4.640027837E2
3.166099206E1	1.476731999E1	4.666211018E2
3.167768209E1	1.559714598E1	4.697060506E2
3.169437212E1	1.506330616E1	4.729759995E2
3.171106215E1	1.458860608E1	4.770131621E2
3.172775219E1	1.511892741E1	4.818268698E2
3.174444222E1	1.363364197E1	4.859896881E2
3.176113225E1	1.253861235E1	4.901802902E2
3.177782228E1	1.290925166E1	4.949038856E2
3.179451232E1	1.343227339E1	4.981387999E2
3.181120235E1	1.188875654E1	4.999511857E2
3.182789238E1	1.207522813E1	5.014682030E2
3.184458242E1	1.276532773E1	5.030195195E2
3.186127245E1	1.130885868E1	5.039284058E2
3.187796248E1	1.114749054E1	5.047560132E2
3.189465251E1	1.277373843E1	5.062199162E2
3.191134255E1	1.201478590E1	5.079340580E2
3.192803258E1	1.093364282E1	5.097128613E2
3.194472261E1	1.150987051E1	5.120404852E2
3.196141264E1	1.177104464E1	5.144651744E2
3.197810268E1	1.126288212E1	5.168902953E2
3.199479271E1	1.014963869E1	5.186658436E2
3.201148274E1	9.316881808E0	5.194993669E2
3.202817278E1	1.012229993E1	5.201960866E2
3.204486281E1	1.111246438E1	5.208975237E2
3.206155284E1	1.040650709E1	5.210403646E2
3.207824287E1	1.151628958E1	5.225854550E2
3.209493291E1	1.103186522E1	5.242429695E2
3.211162294E1	9.619331232E0	5.258832364E2
3.212831297E1	8.723458083E0	5.275878492E2
3.214500300E1	9.441818046E0	5.291356321E2
3.216169304E1	9.828409222E0	5.307256548E2
3.217838307E1	1.036102240E1	5.323079936E2
3.219507310E1	9.299129956E0	5.332476960E2
3.221176314E1	8.808800602E0	5.348385028E2
3.222845317E1	7.863827451E0	5.357273469E2
3.224514320E1	8.181975842E0	5.380276775E2
3.226183323E1	8.938693199E0	5.404002998E2
3.227852327E1	7.548770059E0	5.422735447E2
3.229521330E1	7.764813708E0	5.446194058E2
3.231190333E1	7.299221064E0	5.462240241E2
3.232859336E1	6.750173948E0	5.487555399E2
3.234528340E1	6.999275165E0	5.518990338E2
3.236197343E1	6.602233954E0	5.542726428E2
3.237866346E1	6.642715902E0	5.567717655E2
3.239535349E1	5.332053481E0	5.593135140E2
3.241204353E1	6.390056926E0	5.624088348E2
3.242873356E1	5.531715074E0	5.649378337E2
3.244542359E1	5.074532179E0	5.698372139E2
3.246211363E1	3.117546351E0	5.747623431E2
3.247880366E1	2.432231808E0	5.803776409E2
3.249549369E1	1.834710521E0	5.853318386E2
3.251218372E1	1.423443871E0	5.901713855E2
3.252887376E1	9.600436725E-1	5.950976674E2
3.254556379E1	-8.439831191E-1	6.008329954E2
3.256225382E1	-1.806631978E0	6.081309771E2
3.257894385E1	-2.869174379E0	6.154608858E2
3.259563389E1	-4.474466882E0	6.212611330E2
3.261232392E1	-4.784323785E0	6.268823526E2
3.262901395E1	-5.440322305E0	6.309086325E2
3.264570399E1	-6.358456270E0	6.341789875E2
3.266239402E1	-6.897203614E0	6.374455291E2
3.267908405E1	-7.495081405E0	6.407277248E2
3.269577408E1	-8.074287756E0	6.439666019E2
3.271246412E1	-9.240776588E0	6.464314371E2
3.272915415E1	-1.089199853E1	6.489059108E2
3.274584418E1	-1.008747586E1	6.519917162E2
3.276253421E1	-1.110608820E1	6.546272715E2
3.277922425E1	-1.117169005E1	6.579197836E2
3.279591428E1	-1.178758058E1	6.603091600E2
3.281260431E1	-1.314388636E1	6.626683617E2
3.282929435E1	-1.407626846E1	6.634903085E2
