201-I_row-1_post-14_ref
t	x	y
3.983983649E1	6.289817771E2	-1.784021040E1
3.985658999E1	6.291033388E2	-6.311533274E0
3.987334350E1	6.289441642E2	5.635443502E0
3.989009700E1	6.288913490E2	1.724065464E1
3.990685051E1	6.288607472E2	2.585134369E1
3.992360401E1	6.291363210E2	3.312468177E1
3.994035752E1	6.288212667E2	4.031275098E1
3.995711103E1	6.289337971E2	4.699493816E1
3.997386453E1	6.288626274E2	5.335980217E1
3.999061804E1	6.289758093E2	5.711092541E1
4.000737154E1	6.290486436E2	5.924231276E1
4.002412505E1	6.290583582E2	6.075767052E1
4.004087855E1	6.291026650E2	6.253313606E1
4.005763206E1	6.290062949E2	6.522202136E1
4.007438557E1	6.289671874E2	6.775366635E1
4.009113907E1	6.290248126E2	6.985482962E1
4.010789258E1	6.290071946E2	7.044580492E1
4.012464608E1	6.290436795E2	7.048048687E1
4.014139959E1	6.289876255E2	7.062043168E1
4.015815309E1	6.290207657E2	7.088448329E1
4.017490660E1	6.289767983E2	7.096319935E1
4.019166010E1	6.289982726E2	7.099925411E1
4.020841361E1	6.289700075E2	7.113728991E1
4.022516712E1	6.289792433E2	7.111215524E1
4.024192062E1	6.290152416E2	7.250197486E1
4.025867413E1	6.289529407E2	7.424484389E1
4.027542763E1	6.289257334E2	7.582196260E1
4.029218114E1	6.290485566E2	7.720510563E1
4.030893464E1	6.290730686E2	7.840869015E1
4.032568815E1	6.288832582E2	7.933935527E1
4.034244166E1	6.289321010E2	8.068164561E1
4.035919516E1	6.290393252E2	8.157913004E1
4.037594867E1	6.290265983E2	8.228062652E1
4.039270217E1	6.290397927E2	8.252624419E1
4.040945568E1	6.289063549E2	8.345833231E1
4.042620918E1	6.290667899E2	8.398701069E1
4.044296269E1	6.290017708E2	8.565575817E1
4.045971620E1	6.290071027E2	8.878158446E1
4.047646970E1	6.289108592E2	9.254363362E1
4.049322321E1	6.290356214E2	9.624382418E1
4.050997671E1	6.290457962E2	9.948823198E1
4.052673022E1	6.289792585E2	1.020255284E2
4.054348372E1	6.290313124E2	1.047540783E2
4.056023723E1	6.289386270E2	1.092070493E2
4.057699074E1	6.290131157E2	1.138000275E2
4.059374424E1	6.291386567E2	1.187543908E2
4.061049775E1	6.289557574E2	1.240290125E2
4.062725125E1	6.290213381E2	1.302857490E2
4.064400476E1	6.290096793E2	1.373152252E2
4.066075826E1	6.289302756E2	1.435883115E2
4.067751177E1	6.289944734E2	1.491635167E2
4.069426528E1	6.290503663E2	1.541646484E2
4.071101878E1	6.291538292E2	1.588357769E2
4.072777229E1	6.291629411E2	1.631595909E2
4.074452579E1	6.290443258E2	1.663723277E2
4.076127930E1	6.291843227E2	1.691950098E2
4.077803280E1	6.290400960E2	1.728007820E2
4.079478631E1	6.290184105E2	1.754241819E2
4.081153981E1	6.290562021E2	1.775492927E2
4.082829332E1	6.290846749E2	1.816177645E2
4.084504683E1	6.289792343E2	1.875316503E2
4.086180033E1	6.290454536E2	1.923236966E2
4.087855384E1	6.290074430E2	1.954949897E2
4.089530734E1	6.289861833E2	1.966485175E2
4.091206085E1	6.290094056E2	1.980938783E2
4.092881435E1	6.290246952E2	1.991056425E2
4.094556786E1	6.289929227E2	2.005262702E2
4.096232137E1	6.289849942E2	2.023241667E2
4.097907487E1	6.290816492E2	2.052398434E2
4.099582838E1	6.291346022E2	2.087555000E2
4.101258188E1	6.290153646E2	2.130406601E2
4.102933539E1	6.290452591E2	2.177184138E2
4.104608889E1	6.289839739E2	2.210524806E2
4.106284240E1	6.290238108E2	2.232511106E2
4.107959591E1	6.290518793E2	2.257923265E2
4.109634941E1	6.290896596E2	2.297759356E2
4.111310292E1	6.290394862E2	2.355697111E2
4.112985642E1	6.292016986E2	2.414048676E2
4.114660993E1	6.290303282E2	2.472124225E2
4.116336343E1	6.291968079E2	2.525892309E2
4.118011694E1	6.290285088E2	2.577798117E2
4.119687045E1	6.293409097E2	2.633708889E2
4.121362395E1	6.290755083E2	2.691710203E2
4.123037746E1	6.292614666E2	2.747959896E2
4.124713096E1	6.292386134E2	2.794200462E2
4.126388447E1	6.291970701E2	2.836490531E2
4.128063797E1	6.290998867E2	2.892805152E2
4.129739148E1	6.290823992E2	2.951620669E2
4.131414498E1	6.290144689E2	2.995281288E2
4.133089849E1	6.291593254E2	3.020550234E2
4.134765200E1	6.290989678E2	3.032334724E2
4.136440550E1	6.290365636E2	3.040193303E2
4.138115901E1	6.289639327E2	3.049535001E2
4.139791251E1	6.290429471E2	3.064989947E2
4.141466602E1	6.291170619E2	3.086391331E2
4.143141952E1	6.290714664E2	3.113753244E2
4.144817303E1	6.290478652E2	3.145373478E2
4.146492654E1	6.290366565E2	3.172880434E2
4.148168004E1	6.291884389E2	3.210168918E2
4.149843355E1	6.292442601E2	3.244497272E2
4.151518705E1	6.290811080E2	3.270638113E2
4.153194056E1	6.291310478E2	3.293679593E2
4.154869406E1	6.291071424E2	3.314179608E2
4.156544757E1	6.290649171E2	3.350279519E2
4.158220108E1	6.290925506E2	3.382603888E2
4.159895458E1	6.291509859E2	3.419570264E2
4.161570809E1	6.290137341E2	3.466920074E2
4.163246159E1	6.291284634E2	3.529215776E2
4.164921510E1	6.294543129E2	3.592136577E2
4.166596860E1	6.296438367E2	3.637014631E2
4.168272211E1	6.294897539E2	3.669366292E2
4.169947562E1	6.297231201E2	3.701487727E2
4.171622912E1	6.296889082E2	3.740795266E2
4.173298263E1	6.298042283E2	3.782590994E2
4.174973613E1	6.297620044E2	3.840961759E2
4.176648964E1	6.298350908E2	3.893365026E2
4.178324314E1	6.298011715E2	3.936856861E2
4.179999665E1	6.299887070E2	3.959056935E2
4.181675015E1	6.298166944E2	3.978889061E2
4.183350366E1	6.298684798E2	4.000283729E2
4.185025717E1	6.299274969E2	4.020989597E2
4.186701067E1	6.298135832E2	4.048097447E2
4.188376418E1	6.299593656E2	4.075999567E2
4.190051768E1	6.298751169E2	4.115870591E2
4.191727119E1	6.298757236E2	4.150536763E2
4.193402469E1	6.300348802E2	4.178527697E2
4.195077820E1	6.299371562E2	4.206540617E2
4.196753171E1	6.298937579E2	4.236666539E2
4.198428521E1	6.300392461E2	4.273098419E2
4.200103872E1	6.298906988E2	4.304270180E2
4.201779222E1	6.299234846E2	4.329099490E2
4.203454573E1	6.298380583E2	4.352817017E2
4.205129923E1	6.299669452E2	4.376439572E2
4.206805274E1	6.299386140E2	4.410315706E2
4.208480625E1	6.299627283E2	4.465449846E2
4.210155975E1	6.299951227E2	4.530912563E2
4.211831326E1	6.300757494E2	4.606060092E2
4.213506676E1	6.300537349E2	4.679366774E2
4.215182027E1	6.301225595E2	4.741982506E2
4.216857377E1	6.299490527E2	4.791250209E2
4.218532728E1	6.300042576E2	4.843363029E2
4.220208079E1	6.299833350E2	4.921471192E2
4.221883429E1	6.299692181E2	5.018384796E2
4.223558780E1	6.302728493E2	5.104709973E2
4.225234130E1	6.302553254E2	5.158978584E2
4.226909481E1	6.305704233E2	5.194271487E2
4.228584831E1	6.302845002E2	5.224301805E2
4.230260182E1	6.304941238E2	5.260216514E2
4.231935533E1	6.304920355E2	5.310234958E2
4.233610883E1	6.305609383E2	5.367724325E2
4.235286234E1	6.306170157E2	5.415810648E2
4.236961584E1	6.305934673E2	5.441829130E2
4.238636935E1	6.305952464E2	5.460957922E2
4.240312285E1	6.306765331E2	5.490197019E2
4.241987636E1	6.307364932E2	5.533000845E2
4.243662986E1	6.306728258E2	5.578697090E2
4.245338337E1	6.306965140E2	5.622531789E2
4.247013688E1	6.307991394E2	5.656158906E2
4.248689038E1	6.307060211E2	5.682844473E2
