201-I_row-1_post-16_ref
t	x	y
7.922732832E1	6.480676679E2	-4.604316031E1
7.924408182E1	6.481030092E2	-3.796917114E1
7.926083533E1	6.480565110E2	-3.139397446E1
7.927758884E1	6.480811488E2	-2.558217064E1
7.929434234E1	6.480482983E2	-2.043520457E1
7.931109585E1	6.479818211E2	-1.611551437E1
7.932784935E1	6.479977750E2	-1.293158659E1
7.934460286E1	6.480916801E2	-1.078703585E1
7.936135636E1	6.480839986E2	-8.036970898E0
7.937810987E1	6.480938563E2	-3.660837956E0
7.939486338E1	6.481503755E2	1.879718814E0
7.941161688E1	6.479358831E2	6.318734445E0
7.942837039E1	6.480515693E2	9.328191768E0
7.944512389E1	6.480726989E2	1.118974393E1
7.946187740E1	6.480832288E2	1.363994054E1
7.947863090E1	6.479953695E2	1.599507528E1
7.949538441E1	6.478827290E2	1.923147948E1
7.951213791E1	6.480191712E2	2.240530735E1
7.952889142E1	6.480215223E2	2.577479541E1
7.954564493E1	6.480543806E2	2.920516822E1
7.956239843E1	6.481315991E2	3.214572689E1
7.957915194E1	6.480881980E2	3.510783054E1
7.959590544E1	6.480835752E2	3.706090710E1
7.961265895E1	6.480339016E2	3.934011889E1
7.962941245E1	6.480784276E2	4.115518432E1
7.964616596E1	6.480121360E2	4.278530305E1
7.966291947E1	6.480769858E2	4.446720597E1
7.967967297E1	6.481028590E2	4.597025980E1
7.969642648E1	6.481113120E2	4.648317615E1
7.971317998E1	6.481502902E2	4.663870542E1
7.972993349E1	6.480718928E2	4.684420188E1
7.974668699E1	6.480542046E2	4.695237290E1
7.976344050E1	6.480724445E2	4.758767952E1
7.978019401E1	6.480622869E2	4.832892892E1
7.979694751E1	6.480547488E2	4.987134360E1
7.981370102E1	6.482111700E2	5.175773938E1
7.983045452E1	6.480709989E2	5.449324741E1
7.984720803E1	6.480587083E2	5.809845885E1
7.986396153E1	6.480485679E2	6.133288497E1
7.988071504E1	6.480319963E2	6.541317241E1
7.989746855E1	6.481927585E2	7.138698046E1
7.991422205E1	6.480935726E2	8.019625378E1
7.993097556E1	6.480392852E2	8.841586929E1
7.994772906E1	6.482299909E2	9.466677986E1
7.996448257E1	6.480908661E2	9.978348526E1
7.998123607E1	6.481602435E2	1.046161980E2
7.999798958E1	6.481816652E2	1.078122123E2
8.001474308E1	6.480325888E2	1.104973710E2
8.003149659E1	6.481036682E2	1.144000224E2
8.004825010E1	6.481414204E2	1.194005935E2
8.006500360E1	6.481317167E2	1.235218567E2
8.008175711E1	6.481238200E2	1.269512424E2
8.009851061E1	6.480862316E2	1.307493785E2
8.011526412E1	6.480562715E2	1.360823095E2
8.013201762E1	6.479853703E2	1.413562826E2
8.014877113E1	6.480247375E2	1.485121544E2
8.016552464E1	6.481847400E2	1.594726490E2
8.018227814E1	6.483193671E2	1.735611081E2
8.019903165E1	6.482877800E2	1.847556582E2
8.021578515E1	6.481581853E2	1.950702361E2
8.023253866E1	6.482215984E2	2.066904009E2
8.024929216E1	6.482217757E2	2.211482631E2
8.026604567E1	6.484124972E2	2.333853016E2
8.028279918E1	6.482497257E2	2.412236556E2
8.029955268E1	6.482249371E2	2.475349847E2
8.031630619E1	6.482451686E2	2.522330329E2
8.033305969E1	6.481928104E2	2.556117896E2
8.034981320E1	6.483047804E2	2.596516762E2
8.036656670E1	6.483211492E2	2.655452862E2
8.038332021E1	6.483212504E2	2.717427382E2
8.040007372E1	6.481713439E2	2.752080018E2
8.041682722E1	6.483216313E2	2.772487323E2
8.043358073E1	6.484147339E2	2.785258238E2
8.045033423E1	6.482242115E2	2.799123239E2
8.046708774E1	6.481959575E2	2.816713853E2
8.048384124E1	6.481412787E2	2.835747028E2
8.050059475E1	6.483174425E2	2.869995535E2
8.051734826E1	6.482603591E2	2.895856507E2
8.053410176E1	6.482799708E2	2.913197136E2
8.055085527E1	6.484530166E2	2.928537468E2
8.056760877E1	6.481963616E2	2.944932184E2
8.058436228E1	6.482135344E2	2.962231337E2
8.060111578E1	6.481943745E2	2.977523299E2
8.061786929E1	6.482924451E2	2.987801637E2
8.063462279E1	6.483040706E2	2.997834148E2
8.065137630E1	6.481242350E2	3.014263426E2
8.066812981E1	6.481550522E2	3.028122212E2
8.068488331E1	6.481261797E2	3.044095647E2
8.070163682E1	6.482710260E2	3.053554857E2
8.071839032E1	6.482124518E2	3.068644091E2
8.073514383E1	6.481858110E2	3.083415620E2
8.075189733E1	6.481542229E2	3.110158739E2
8.076865084E1	6.482180221E2	3.149192579E2
8.078540435E1	6.484997692E2	3.197167670E2
8.080215785E1	6.485664107E2	3.246361135E2
8.081891136E1	6.486062476E2	3.277392782E2
8.083566486E1	6.485100199E2	3.303998127E2
8.085241837E1	6.487447939E2	3.328519046E2
8.086917187E1	6.487063387E2	3.346016695E2
8.088592538E1	6.488156160E2	3.367324230E2
8.090267889E1	6.488059085E2	3.382917774E2
8.091943239E1	6.488814134E2	3.393119155E2
8.093618590E1	6.488771388E2	3.401562128E2
8.095293940E1	6.488196360E2	3.412237525E2
8.096969291E1	6.489819878E2	3.423121905E2
8.098644641E1	6.488560952E2	3.435728514E2
8.100319992E1	6.490785112E2	3.450414768E2
8.101995343E1	6.488967428E2	3.473927401E2
8.103670693E1	6.490506481E2	3.507070974E2
8.105346044E1	6.490204098E2	3.547415767E2
8.107021394E1	6.490622370E2	3.587887259E2
8.108696745E1	6.488808119E2	3.638269188E2
8.110372095E1	6.490356281E2	3.695298519E2
8.112047446E1	6.490848907E2	3.750346567E2
8.113722796E1	6.492729514E2	3.784734066E2
8.115398147E1	6.492168931E2	3.809188649E2
8.117073498E1	6.491620913E2	3.833101585E2
8.118748848E1	6.490969084E2	3.856929386E2
8.120424199E1	6.490262036E2	3.892165044E2
8.122099549E1	6.492814842E2	3.931815825E2
8.123774900E1	6.490124046E2	3.963590752E2
8.125450250E1	6.491495388E2	3.991379811E2
8.127125601E1	6.490209875E2	4.021038628E2
8.128800952E1	6.490102597E2	4.047613482E2
8.130476302E1	6.490647347E2	4.079072898E2
8.132151653E1	6.492371030E2	4.120044306E2
8.133827003E1	6.491763955E2	4.156333203E2
8.135502354E1	6.491638047E2	4.184627036E2
8.137177704E1	6.493399463E2	4.222478417E2
8.138853055E1	6.496256476E2	4.282367541E2
8.140528406E1	6.495221388E2	4.358572487E2
8.142203756E1	6.496496415E2	4.463848324E2
8.143879107E1	6.497843527E2	4.544298351E2
8.145554457E1	6.496351471E2	4.624459679E2
8.147229808E1	6.497264784E2	4.699671163E2
8.148905158E1	6.499848108E2	4.770876478E2
8.150580509E1	6.498841663E2	4.837933214E2
8.152255860E1	6.500082486E2	4.942834385E2
8.153931210E1	6.502572679E2	5.045163320E2
8.155606561E1	6.501850441E2	5.141589856E2
8.157281911E1	6.504601447E2	5.219063171E2
8.158957262E1	6.502468162E2	5.268005743E2
8.160632612E1	6.503891512E2	5.307996535E2
8.162307963E1	6.505805969E2	5.348996833E2
