201-I_row-1_post-16_wire
t	x	y
7.922732832E1	2.228594800E2	-1.876030456E1
7.924408182E1	2.236760939E2	-1.505576053E1
7.926083533E1	2.237758392E2	-8.844563237E0
7.927758884E1	2.237213405E2	-3.209138533E0
7.929434234E1	2.234439339E2	1.665192796E0
7.931109585E1	2.229501283E2	5.708085924E0
7.932784935E1	2.226623395E2	8.700090160E0
7.934460286E1	2.227700056E2	1.067441220E1
7.936135636E1	2.229922469E2	1.316761348E1
7.937810987E1	2.238887094E2	1.724108617E1
7.939486338E1	2.246519868E2	2.264299253E1
7.941161688E1	2.239789804E2	2.688289262E1
7.942837039E1	2.226309041E2	2.955900435E1
7.944512389E1	2.217832713E2	3.146918088E1
7.946187740E1	2.221392197E2	3.397894322E1
7.947863090E1	2.233294642E2	3.646448715E1
7.949538441E1	2.239782624E2	3.930283863E1
7.951213791E1	2.237032128E2	4.235393120E1
7.952889142E1	2.223561047E2	4.557649395E1
7.954564493E1	2.215577813E2	4.879624622E1
7.956239843E1	2.219735740E2	5.137479372E1
7.957915194E1	2.234408767E2	5.444012883E1
7.959590544E1	2.238879149E2	5.621370327E1
7.961265895E1	2.236264750E2	5.844038101E1
7.962941245E1	2.225207731E2	6.022781323E1
7.964616596E1	2.221068779E2	6.167657809E1
7.966291947E1	2.224660562E2	6.346110323E1
7.967967297E1	2.230121799E2	6.467652130E1
7.969642648E1	2.230632992E2	6.520086127E1
7.971317998E1	2.228434258E2	6.520420590E1
7.972993349E1	2.224120836E2	6.532991321E1
7.974668699E1	2.230065590E2	6.567952461E1
7.976344050E1	2.229624513E2	6.609596158E1
7.978019401E1	2.227223112E2	6.681309752E1
7.979694751E1	2.221081176E2	6.834420686E1
7.981370102E1	2.220890358E2	7.008242935E1
7.983045452E1	2.226303116E2	7.269592458E1
7.984720803E1	2.232619970E2	7.596663235E1
7.986396153E1	2.230621994E2	7.903025093E1
7.988071504E1	2.220584902E2	8.292490669E1
7.989746855E1	2.212524385E2	8.870025588E1
7.991422205E1	2.211947680E2	9.693405910E1
7.993097556E1	2.220764635E2	1.049232743E2
7.994772906E1	2.224532383E2	1.108078049E2
7.996448257E1	2.218784348E2	1.156622767E2
7.998123607E1	2.205838553E2	1.198921152E2
7.999798958E1	2.204098746E2	1.230351164E2
8.001474308E1	2.205679396E2	1.255912507E2
8.003149659E1	2.214463904E2	1.294406131E2
8.004825010E1	2.216358012E2	1.343265850E2
8.006500360E1	2.210284505E2	1.383429031E2
8.008175711E1	2.203410095E2	1.416355661E2
8.009851061E1	2.197956827E2	1.450171133E2
8.011526412E1	2.199000304E2	1.500205202E2
8.013201762E1	2.195281026E2	1.551104756E2
8.014877113E1	2.196900080E2	1.619222605E2
8.016552464E1	2.193607027E2	1.725278496E2
8.018227814E1	2.187979340E2	1.858012991E2
8.019903165E1	2.183906282E2	1.965177543E2
8.021578515E1	2.178676766E2	2.062143214E2
8.023253866E1	2.173515875E2	2.173162345E2
8.024929216E1	2.156734479E2	2.307617768E2
8.026604567E1	2.159521971E2	2.426555483E2
8.028279918E1	2.155720717E2	2.501352029E2
8.029955268E1	2.149194515E2	2.559563834E2
8.031630619E1	2.149306514E2	2.605675908E2
8.033305969E1	2.144476353E2	2.638794695E2
8.034981320E1	2.148095247E2	2.678086070E2
8.036656670E1	2.149604393E2	2.735931182E2
8.038332021E1	2.146827635E2	2.794814381E2
8.040007372E1	2.137863006E2	2.827525346E2
8.041682722E1	2.129773447E2	2.843914312E2
8.043358073E1	2.134512409E2	2.858012284E2
8.045033423E1	2.130484479E2	2.870680968E2
8.046708774E1	2.145281692E2	2.892237725E2
8.048384124E1	2.139700507E2	2.908864478E2
8.050059475E1	2.132316365E2	2.939347758E2
8.051734826E1	2.114291228E2	2.959427758E2
8.053410176E1	2.127577685E2	2.980995950E2
8.055085527E1	2.138980739E2	2.997438655E2
8.056760877E1	2.139794685E2	3.014112009E2
8.058436228E1	2.134048831E2	3.028985106E2
8.060111578E1	2.116963452E2	3.039413380E2
8.061786929E1	2.112754261E2	3.049590336E2
8.063462279E1	2.126053719E2	3.063336258E2
8.065137630E1	2.130603099E2	3.080175270E2
8.066812981E1	2.131165313E2	3.095001996E2
8.068488331E1	2.115090145E2	3.105239313E2
8.070163682E1	2.111531378E2	3.113345862E2
8.071839032E1	2.114387691E2	3.129364369E2
8.073514383E1	2.122033891E2	3.145166512E2
8.075189733E1	2.119796616E2	3.170488232E2
8.076865084E1	2.109158026E2	3.203631081E2
8.078540435E1	2.112835989E2	3.251583922E2
8.080215785E1	2.113465448E2	3.299592641E2
8.081891136E1	2.120976326E2	3.331697180E2
8.083566486E1	2.120298038E2	3.357241853E2
8.085241837E1	2.119383552E2	3.380908562E2
8.086917187E1	2.111224801E2	3.396764894E2
8.088592538E1	2.105589954E2	3.414206909E2
8.090267889E1	2.111473944E2	3.430771225E2
8.091943239E1	2.115454099E2	3.439936340E2
8.093618590E1	2.113880616E2	3.447756516E2
8.095293940E1	2.102687604E2	3.456379890E2
8.096969291E1	2.097112712E2	3.463597262E2
8.098644641E1	2.101632938E2	3.478889594E2
8.100319992E1	2.114877474E2	3.495194073E2
8.101995343E1	2.118165547E2	3.519052995E2
8.103670693E1	2.105062630E2	3.546757242E2
8.105346044E1	2.100010805E2	3.583944769E2
8.107021394E1	2.087430013E2	3.618350836E2
8.108696745E1	2.082951781E2	3.666956151E2
8.110372095E1	2.090264616E2	3.723750245E2
8.112047446E1	2.086855782E2	3.774365247E2
8.113722796E1	2.083337657E2	3.805651187E2
8.115398147E1	2.080155308E2	3.828572849E2
8.117073498E1	2.068736183E2	3.846334705E2
8.118748848E1	2.073570069E2	3.870636449E2
8.120424199E1	2.070509319E2	3.905496032E2
8.122099549E1	2.075501353E2	3.943694576E2
8.123774900E1	2.063835372E2	3.968821880E2
8.125450250E1	2.060911021E2	3.991834581E2
8.127125601E1	2.053786662E2	4.017703590E2
8.128800952E1	2.053729734E2	4.043566575E2
8.130476302E1	2.058031852E2	4.074236591E2
8.132151653E1	2.049372490E2	4.109029228E2
8.133827003E1	2.048730577E2	4.139738316E2
8.135502354E1	2.045322939E2	4.164051759E2
8.137177704E1	2.041492366E2	4.196784658E2
8.138853055E1	2.043810263E2	4.252553639E2
8.140528406E1	2.028132411E2	4.319909154E2
8.142203756E1	2.014524011E2	4.409958192E2
8.143879107E1	2.001337283E2	4.474668739E2
8.145554457E1	1.998857279E2	4.546478537E2
8.147229808E1	1.990530048E2	4.612946616E2
8.148905158E1	1.991530934E2	4.677690185E2
8.150580509E1	1.979287522E2	4.735061444E2
8.152255860E1	1.968967550E2	4.823797908E2
8.153931210E1	1.957876289E2	4.905537288E2
