201-I_row-1_post-13_ref
t	x	y
2.980448659E1	6.324933561E2	-2.614209049E1
2.982124009E1	6.324642677E2	-2.413911008E1
2.983799360E1	6.324090960E2	-2.096408711E1
2.985474711E1	6.324417861E2	-1.791938138E1
2.987150061E1	6.324667973E2	-1.463763212E1
2.988825412E1	6.325369476E2	-1.083495493E1
2.990500762E1	6.324519108E2	-6.922825772E0
2.992176113E1	6.324919383E2	-4.132641274E0
2.993851463E1	6.324391878E2	-1.788806048E0
2.995526814E1	6.324915694E2	-1.920465972E-1
2.997202165E1	6.325739775E2	1.234312328E0
2.998877515E1	6.323752033E2	4.301821163E0
3.000552866E1	6.323236858E2	6.723916506E0
3.002228216E1	6.324563292E2	9.256609672E0
3.003903567E1	6.324692557E2	1.097014569E1
3.005578917E1	6.325252265E2	1.289858719E1
3.007254268E1	6.324829765E2	1.479027798E1
3.008929619E1	6.324649282E2	1.707920652E1
3.010604969E1	6.325344740E2	1.938292818E1
3.012280320E1	6.324601739E2	2.190445769E1
3.013955670E1	6.324187948E2	2.453962711E1
3.015631021E1	6.324578733E2	2.756362640E1
3.017306371E1	6.324572880E2	3.002837222E1
3.018981722E1	6.325178627E2	3.182262341E1
3.020657072E1	6.324829099E2	3.288767144E1
3.022332423E1	6.324327490E2	3.432994491E1
3.024007774E1	6.325058898E2	3.612366626E1
3.025683124E1	6.325563680E2	3.875750828E1
3.027358475E1	6.324922975E2	4.114953368E1
3.029033825E1	6.324562488E2	4.314198163E1
3.030709176E1	6.324231706E2	4.481996063E1
3.032384526E1	6.324414055E2	4.670137392E1
3.034059877E1	6.325341498E2	4.992408331E1
3.035735228E1	6.324647971E2	5.371215248E1
3.037410578E1	6.325240508E2	5.761096380E1
3.039085929E1	6.325096569E2	6.277298902E1
3.040761279E1	6.326329477E2	6.749101416E1
3.042436630E1	6.325109332E2	7.236959085E1
3.044111980E1	6.325700156E2	7.727068553E1
3.045787331E1	6.325741016E2	8.095345409E1
3.047462682E1	6.325563495E2	8.378930790E1
3.049138032E1	6.324982357E2	8.544268231E1
3.050813383E1	6.324481758E2	8.709416668E1
3.052488733E1	6.325099626E2	9.052000028E1
3.054164084E1	6.324540306E2	9.694961216E1
3.055839434E1	6.324896562E2	1.067637539E2
3.057514785E1	6.325878373E2	1.156534444E2
3.059190136E1	6.326017921E2	1.219596488E2
3.060865486E1	6.324998568E2	1.260831826E2
3.062540837E1	6.326578450E2	1.304275065E2
3.064216187E1	6.325734448E2	1.361288813E2
3.065891538E1	6.325233478E2	1.424262767E2
3.067566888E1	6.325781695E2	1.474850437E2
3.069242239E1	6.325861705E2	1.514135453E2
3.070917590E1	6.325443048E2	1.541930734E2
3.072592940E1	6.325771357E2	1.572611570E2
3.074268291E1	6.326121590E2	1.606893596E2
3.075943641E1	6.325583643E2	1.635878526E2
3.077618992E1	6.325499284E2	1.661311364E2
3.079294342E1	6.325116284E2	1.680224139E2
3.080969693E1	6.324748020E2	1.699575140E2
3.082645043E1	6.324903619E2	1.711548005E2
3.084320394E1	6.324431273E2	1.726962722E2
3.085995745E1	6.324830762E2	1.744480496E2
3.087671095E1	6.325245723E2	1.765742344E2
3.089346446E1	6.324826030E2	1.788835852E2
3.091021796E1	6.325538127E2	1.807537576E2
3.092697147E1	6.325262394E2	1.819537104E2
3.094372497E1	6.326248391E2	1.836469919E2
3.096047848E1	6.325506851E2	1.853186886E2
3.097723199E1	6.324814085E2	1.865780558E2
3.099398549E1	6.324858079E2	1.886780069E2
3.101073900E1	6.325833613E2	1.915905661E2
3.102749250E1	6.325536538E2	1.956647400E2
3.104424601E1	6.325381509E2	2.004388041E2
3.106099951E1	6.324931645E2	2.036657882E2
3.107775302E1	6.325748335E2	2.054233206E2
3.109450653E1	6.325056516E2	2.071491682E2
3.111126003E1	6.326355656E2	2.104533398E2
3.112801354E1	6.324305573E2	2.143317282E2
3.114476704E1	6.324678632E2	2.184608103E2
3.116152055E1	6.325294748E2	2.226044268E2
3.117827405E1	6.325769851E2	2.266171411E2
3.119502756E1	6.326427548E2	2.320944180E2
3.121178107E1	6.325445775E2	2.377763227E2
3.122853457E1	6.324936655E2	2.427258760E2
3.124528808E1	6.325725645E2	2.469063036E2
3.126204158E1	6.326196889E2	2.512885064E2
3.127879509E1	6.327438990E2	2.557468054E2
3.129554859E1	6.325070936E2	2.597803771E2
3.131230210E1	6.325375998E2	2.638663623E2
3.132905560E1	6.325293714E2	2.667433480E2
3.134580911E1	6.325691983E2	2.697210572E2
3.136256262E1	6.325330410E2	2.737841679E2
3.137931612E1	6.325978246E2	2.793384324E2
3.139606963E1	6.325619734E2	2.841600734E2
3.141282313E1	6.327529989E2	2.882271701E2
3.142957664E1	6.326239215E2	2.924407736E2
3.144633014E1	6.326359093E2	2.959046038E2
3.146308365E1	6.325401300E2	2.987838722E2
3.147983716E1	6.329700139E2	3.028340200E2
3.149659066E1	6.330440500E2	3.071207830E2
3.151334417E1	6.331796717E2	3.119861620E2
3.153009767E1	6.330029519E2	3.163346947E2
3.154685118E1	6.332486112E2	3.191867583E2
3.156360468E1	6.331632825E2	3.214705519E2
3.158035819E1	6.331242430E2	3.225784645E2
3.159711170E1	6.333621250E2	3.234467649E2
3.161386520E1	6.333686970E2	3.243774597E2
3.163061871E1	6.333376825E2	3.258542289E2
3.164737221E1	6.333584687E2	3.275002258E2
3.166412572E1	6.332845610E2	3.298355638E2
3.168087922E1	6.333027490E2	3.315096652E2
3.169763273E1	6.332378690E2	3.327634349E2
3.171438624E1	6.334020166E2	3.349135617E2
3.173113974E1	6.336308535E2	3.372249702E2
3.174789325E1	6.334834568E2	3.402702686E2
3.176464675E1	6.334184250E2	3.453630012E2
3.178140026E1	6.333794877E2	3.512894923E2
3.179815376E1	6.333522085E2	3.567833760E2
3.181490727E1	6.334888413E2	3.612039179E2
3.183166078E1	6.335275677E2	3.658427532E2
3.184841428E1	6.333676027E2	3.693300300E2
3.186516779E1	6.333049452E2	3.729033511E2
3.188192129E1	6.333849243E2	3.773191152E2
3.189867480E1	6.334546012E2	3.824734488E2
3.191542830E1	6.334480495E2	3.879256768E2
3.193218181E1	6.333945629E2	3.927408305E2
3.194893531E1	6.334228504E2	3.960709955E2
3.196568882E1	6.333600239E2	3.991168343E2
3.198244233E1	6.335096057E2	4.026177957E2
3.199919583E1	6.336482194E2	4.082221819E2
3.201594934E1	6.334137065E2	4.147952938E2
3.203270284E1	6.333445225E2	4.206848473E2
3.204945635E1	6.335591004E2	4.252616986E2
3.206620985E1	6.334132581E2	4.283719374E2
3.208296336E1	6.335433636E2	4.306786364E2
3.209971687E1	6.333788219E2	4.335645820E2
3.211647037E1	6.333527005E2	4.359768782E2
3.213322388E1	6.333535002E2	4.379858527E2
3.214997738E1	6.333820049E2	4.406196718E2
3.216673089E1	6.336478498E2	4.440846002E2
3.218348439E1	6.336030615E2	4.486029680E2
3.220023790E1	6.334310670E2	4.535920399E2
3.221699141E1	6.333771974E2	4.563821644E2
3.223374491E1	6.333505321E2	4.579984038E2
3.225049842E1	6.334368520E2	4.593751324E2
3.226725192E1	6.334523365E2	4.613009963E2
3.228400543E1	6.333358009E2	4.635788501E2
3.230075893E1	6.332940545E2	4.660398494E2
3.231751244E1	6.333585710E2	4.680367037E2
3.233426595E1	6.333744217E2	4.701085783E2
3.235101945E1	6.334314340E2	4.720787100E2
3.236777296E1	6.333924217E2	4.741279558E2
3.238452646E1	6.334348998E2	4.766344865E2
3.240127997E1	6.333897655E2	4.791149820E2
3.241803347E1	6.334001260E2	4.824949100E2
3.243478698E1	6.333937418E2	4.866789663E2
3.245154048E1	6.335518787E2	4.915710015E2
3.246829399E1	6.333713934E2	4.961235368E2
3.248504750E1	6.335368307E2	5.010411119E2
3.250180100E1	6.334767302E2	5.073277858E2
3.251855451E1	6.336007908E2	5.147862332E2
3.253530801E1	6.336123329E2	5.215459064E2
3.255206152E1	6.334765445E2	5.280316549E2
3.256881502E1	6.334676632E2	5.343555661E2
3.258556853E1	6.336240366E2	5.393411359E2
3.260232204E1	6.336359411E2	5.439776839E2
3.261907554E1	6.335836778E2	5.482443116E2
3.263582905E1	6.332867966E2	5.520910346E2
3.265258255E1	6.334140966E2	5.564980847E2
3.266933606E1	6.335964818E2	5.604301783E2
3.268608956E1	6.334733633E2	5.637452282E2
3.270284307E1	6.333500586E2	5.659503364E2
3.271959658E1	6.333527594E2	5.681108671E2
3.273635008E1	6.334589021E2	5.705052192E2
3.275310359E1	6.334518679E2	5.734574813E2
3.276985709E1	6.334312243E2	5.761959123E2
3.278661060E1	6.333643864E2	5.790620119E2
3.280336410E1	6.335119867E2	5.815841344E2
3.282011761E1	6.334159549E2	5.841004633E2
3.283687112E1	6.332474003E2	5.863452067E2
3.285362462E1	6.336465035E2	5.892385572E2
3.287037813E1	6.334300320E2	5.918649250E2
3.288713163E1	6.333871492E2	5.937508196E2
3.290388514E1	6.333171202E2	5.956539369E2
3.292063864E1	6.334119434E2	5.987082064E2
3.293739215E1	6.332824342E2	6.013415418E2
3.295414565E1	6.333885845E2	6.037010870E2
