201-I_row-1_post-18_wire
t	x	y
6.292142333E0	4.173832256E1	1.309719777E1
6.308832365E0	4.192496840E1	1.308883983E1
6.325522398E0	4.182886400E1	1.319163197E1
6.342212431E0	4.098875279E1	1.298648447E1
6.358902463E0	4.077528998E1	1.309510791E1
6.375592496E0	4.126477412E1	1.279037336E1
6.392282529E0	4.209348698E1	1.294563014E1
6.408972562E0	4.209275374E1	1.310071441E1
6.425662594E0	4.159107324E1	1.307789651E1
6.442352627E0	4.086865865E1	1.302907805E1
6.459042660E0	4.081483556E1	1.302659687E1
6.475732692E0	4.109308443E1	1.306796456E1
6.492422725E0	4.174842811E1	1.312841088E1
6.509112758E0	4.175617535E1	1.311200649E1
6.525802791E0	4.161292157E1	1.317830263E1
6.542492823E0	4.107139518E1	1.315682571E1
6.559182856E0	4.124440520E1	1.313760301E1
6.575872889E0	4.148973063E1	1.304743246E1
6.592562921E0	4.153559392E1	1.313731250E1
6.609252954E0	4.100398152E1	1.307270889E1
6.625942987E0	4.097355010E1	1.306724106E1
6.642633020E0	4.130791971E1	1.307522076E1
6.659323052E0	4.171581885E1	1.296261479E1
6.676013085E0	4.165050727E1	1.309301590E1
6.692703118E0	4.120669977E1	1.310706872E1
6.709393150E0	4.085794934E1	1.357662067E1
6.726083183E0	4.115213990E1	1.455127808E1
6.742773216E0	4.181132080E1	1.537328483E1
6.759463249E0	4.206393347E1	1.551048105E1
6.776153281E0	4.102470771E1	1.553120319E1
6.792843314E0	4.031946216E1	1.553439519E1
6.809533347E0	4.009651547E1	1.645984999E1
6.826223379E0	4.087521091E1	1.883341587E1
6.842913412E0	4.160726583E1	2.066336071E1
6.859603445E0	4.156265587E1	2.199527715E1
6.876293478E0	4.100999160E1	2.364317208E1
6.892983510E0	4.078701759E1	2.541155224E1
6.909673543E0	4.095302669E1	2.853352199E1
6.926363576E0	4.090828674E1	3.314187340E1
6.943053608E0	4.071439902E1	3.778426215E1
6.959743641E0	4.065368904E1	4.163105260E1
6.976433674E0	4.070642011E1	4.407208083E1
6.993123707E0	4.084191883E1	4.561892368E1
7.009813739E0	4.107466499E1	4.670401362E1
7.026503772E0	4.098946951E1	4.870083351E1
7.043193805E0	4.045921480E1	5.041821564E1
7.059883837E0	4.030039049E1	5.158314375E1
7.076573870E0	4.073896256E1	5.274761204E1
7.093263903E0	4.099507488E1	5.330039479E1
7.109953936E0	4.080143630E1	5.377141270E1
7.126643968E0	4.000886974E1	5.442761331E1
7.143334001E0	3.963280236E1	5.436789416E1
7.160024034E0	3.997458430E1	5.485844950E1
7.176714066E0	4.072817294E1	5.638205446E1
7.193404099E0	4.109654533E1	5.779878072E1
7.210094132E0	4.029231385E1	5.872454784E1
7.226784164E0	3.978447142E1	5.920682404E1
7.243474197E0	3.946753742E1	5.947293394E1
7.260164230E0	4.005813960E1	6.037647921E1
7.276854263E0	4.045204966E1	6.124251781E1
7.293544295E0	4.025474508E1	6.262250285E1
7.310234328E0	3.940158081E1	6.421056297E1
7.326924361E0	3.905034605E1	6.646310006E1
7.343614393E0	3.996131579E1	6.864533912E1
7.360304426E0	4.088137502E1	7.112019435E1
7.376994459E0	4.071872062E1	7.342466383E1
7.393684492E0	3.940155252E1	7.658891590E1
7.410374524E0	3.845376492E1	7.984420741E1
7.427064557E0	3.888745368E1	8.416067873E1
7.443754590E0	4.019219585E1	8.973356774E1
7.460444622E0	4.069677940E1	9.525491640E1
7.477134655E0	3.943174130E1	1.001472232E2
7.493824688E0	3.819318799E1	1.055467257E2
7.510514721E0	3.754800565E1	1.118818414E2
7.527204753E0	3.858847972E1	1.180884362E2
7.543894786E0	3.938307768E1	1.244865206E2
7.560584819E0	3.920636691E1	1.318983353E2
7.577274851E0	3.799012796E1	1.389950175E2
7.593964884E0	3.681113958E1	1.434741691E2
7.610654917E0	3.684280101E1	1.466486898E2
7.627344950E0	3.772679685E1	1.505571711E2
7.644034982E0	3.760663110E1	1.555722460E2
7.660725015E0	3.694163626E1	1.616284154E2
7.677415048E0	3.626117603E1	1.675848513E2
7.694105080E0	3.617181476E1	1.722749222E2
7.710795113E0	3.654961533E1	1.765141955E2
7.727485146E0	3.675524875E1	1.787003376E2
7.744175179E0	3.617536926E1	1.810118022E2
7.760865211E0	3.538659915E1	1.849533268E2
7.777555244E0	3.515671495E1	1.897105063E2
7.794245277E0	3.541538708E1	1.940435021E2
7.810935309E0	3.587752923E1	1.978702464E2
7.827625342E0	3.500053943E1	2.006486284E2
7.844315375E0	3.407083136E1	2.031316102E2
7.861005408E0	3.454695210E1	2.066304852E2
7.877695440E0	3.449775785E1	2.117090068E2
7.894385473E0	3.484098695E1	2.191086203E2
7.911075506E0	3.448009348E1	2.272009849E2
7.927765538E0	3.345939254E1	2.344416670E2
7.944455571E0	3.265519456E1	2.401303405E2
7.961145604E0	3.260193937E1	2.441860755E2
7.977835637E0	3.327457921E1	2.475049281E2
7.994525669E0	3.329959224E1	2.509436012E2
8.011215702E0	3.255419131E1	2.543537906E2
8.027905735E0	3.256793543E1	2.595931589E2
8.044595767E0	3.126072998E1	2.665239229E2
8.061285800E0	3.158476867E1	2.744684266E2
8.077975833E0	3.191218997E1	2.801038943E2
8.094665866E0	3.193376786E1	2.848536434E2
8.111355898E0	3.062674620E1	2.884914826E2
8.128045931E0	3.105600232E1	2.922322542E2
8.144735964E0	3.072691196E1	2.954920226E2
8.161425996E0	3.111231746E1	2.987403932E2
8.178116029E0	3.078003009E1	3.020790862E2
8.194806062E0	2.993494231E1	3.055021028E2
8.211496095E0	3.059004271E1	3.100542356E2
8.228186127E0	2.958818933E1	3.144505043E2
8.244876160E0	2.941145895E1	3.184629145E2
8.261566193E0	2.907415288E1	3.217063827E2
8.278256225E0	2.936923406E1	3.264848149E2
8.294946258E0	2.955000759E1	3.304856705E2
8.311636291E0	2.975740728E1	3.344760682E2
8.328326324E0	2.849669003E1	3.372294533E2
8.345016356E0	2.871454347E1	3.403030265E2
8.361706389E0	2.800471541E1	3.427935108E2
8.378396422E0	2.704644863E1	3.462520390E2
8.395086454E0	2.868564601E1	3.516598783E2
8.411776487E0	2.770248261E1	3.567975077E2
8.428466520E0	2.749357788E1	3.607879344E2
8.445156553E0	2.634309745E1	3.632589070E2
8.461846585E0	2.524366184E1	3.649358084E2
8.478536618E0	2.549614971E1	3.656833358E2
8.495226651E0	2.693409970E1	3.672264751E2
8.511916683E0	2.763400430E1	3.688343579E2
8.528606716E0	2.721927184E1	3.712385901E2
8.545296749E0	2.661764404E1	3.736283327E2
8.561986781E0	2.553420733E1	3.753591864E2
8.578676814E0	2.574310938E1	3.769850642E2
8.595366847E0	2.631666983E1	3.786130442E2
8.612056880E0	2.647215558E1	3.801894443E2
8.628746912E0	2.580068175E1	3.818194553E2
8.645436945E0	2.476526902E1	3.843120425E2
8.662126978E0	2.390195275E1	3.877410863E2
8.678817010E0	2.574693104E1	3.906732432E2
8.695507043E0	2.540732697E1	3.932400534E2
8.712197076E0	2.515153035E1	3.964771751E2
8.728887109E0	2.400455839E1	3.997775530E2
8.745577141E0	2.350261113E1	4.031163065E2
8.762267174E0	2.398662893E1	4.071105792E2
8.778957207E0	2.420661660E1	4.103511429E2
8.795647239E0	2.414325471E1	4.134879513E2
8.812337272E0	2.318100703E1	4.160034815E2
8.829027305E0	2.252952179E1	4.176840935E2
8.845717338E0	2.249114434E1	4.193294469E2
8.862407370E0	2.362919222E1	4.217766733E2
8.879097403E0	2.350363785E1	4.250433244E2
8.895787436E0	2.288744335E1	4.282730213E2
8.912477468E0	2.219675715E1	4.314810247E2
8.929167501E0	2.203928982E1	4.347718472E2
8.945857534E0	2.249903124E1	4.371886576E2
8.962547567E0	2.302559911E1	4.396418833E2
8.979237599E0	2.230303147E1	4.412917426E2
8.995927632E0	2.078557308E1	4.429731033E2
9.012617665E0	2.021391820E1	4.462654837E2
9.029307697E0	1.978577170E1	4.495848836E2
9.045997730E0	2.079431445E1	4.527076264E2
9.062687763E0	2.041305668E1	4.544041140E2
9.079377796E0	1.984971180E1	4.559852821E2
9.096067828E0	1.951307679E1	4.576106258E2
9.112757861E0	1.931720720E1	4.592033823E2
9.129447894E0	2.024299831E1	4.616411503E2
9.146137926E0	1.939337399E1	4.634225030E2
9.162827959E0	1.935974225E1	4.657662312E2
9.179517992E0	1.872270509E1	4.665499364E2
9.196208025E0	1.813193212E1	4.673910228E2
9.212898057E0	1.883281771E1	4.690138755E2
9.229588090E0	1.886573356E1	4.706752909E2
9.246278123E0	1.812439523E1	4.723844586E2
9.262968155E0	1.819599380E1	4.738759056E2
9.279658188E0	1.754462483E1	4.754614082E2
9.296348221E0	1.704360660E1	4.772179127E2
9.313038254E0	1.890435879E1	4.794656948E2
9.329728286E0	1.800907130E1	4.812887634E2
9.346418319E0	1.862545578E1	4.844085034E2
9.363108352E0	1.717109280E1	4.885257185E2
9.379798384E0	1.505070779E1	4.935139054E2
9.396488417E0	1.493286814E1	4.999779947E2
9.413178450E0	1.513817808E1	5.056421367E2
9.429868483E0	1.493951944E1	5.113277275E2
9.446558515E0	1.437888361E1	5.161333986E2
9.463248548E0	1.240852472E1	5.195402886E2
9.479938581E0	1.166926959E1	5.227442738E2
9.496628613E0	1.174358874E1	5.251475293E2
9.513318646E0	1.107224980E1	5.268778379E2
9.530008679E0	1.094517749E1	5.284926469E2
9.546698712E0	1.168468448E1	5.300268799E2
9.563388744E0	1.066980078E1	5.309409989E2
9.580078777E0	1.074807328E1	5.324983951E2
9.596768810E0	1.075619245E1	5.341234998E2
9.613458842E0	9.904479715E0	5.366245831E2
9.630148875E0	9.773215034E0	5.398651168E2
9.646838908E0	1.051208781E1	5.430411845E2
9.663528941E0	9.961456726E0	5.454927200E2
9.680218973E0	1.020979307E1	5.470048466E2
9.696909006E0	8.229953511E0	5.480935732E2
9.713599039E0	8.840360193E0	5.504180749E2
9.730289071E0	9.135688793E0	5.535881877E2
9.746979104E0	8.184813337E0	5.561422506E2
9.763669137E0	7.330990910E0	5.586836869E2
9.780359170E0	6.896165072E0	5.602440627E2
9.797049202E0	7.567745164E0	5.625828466E2
9.813739235E0	7.492468517E0	5.642215881E2
9.830429268E0	7.336433345E0	5.666643288E2
9.847119300E0	7.302331103E0	5.682425351E2
9.863809333E0	6.078748483E0	5.691070393E2
9.880499366E0	5.889481217E0	5.699539748E2
9.897189398E0	6.748107206E0	5.707223333E2
9.913879431E0	6.580568189E0	5.716159105E2
9.930569464E0	6.714638407E0	5.724317858E2
9.947259497E0	6.808947099E0	5.739925187E2
9.963949529E0	5.680774866E0	5.748479560E2
9.980639562E0	4.479832600E0	5.748163563E2
9.997329595E0	5.834641961E0	5.755523224E2
1.001401963E1	6.117604673E0	5.756455995E2
1.003070966E1	7.775711906E0	5.763637467E2
1.004739969E1	6.773545159E0	5.773081926E2
1.006408973E1	5.513393386E0	5.781542375E2
1.008077976E1	3.893986649E0	5.782069982E2
1.009746979E1	5.039374471E0	5.788453681E2
1.011415982E1	6.497001864E0	5.796816098E2
1.013084986E1	8.093982260E0	5.804638950E2
1.014753989E1	7.413074847E0	5.813527482E2
1.016422992E1	6.032511493E0	5.829445989E2
1.018091995E1	3.955942719E0	5.871120474E2
1.019760999E1	3.981002274E0	5.927557060E2
1.021430002E1	3.851245695E0	5.968024642E2
1.023099005E1	3.651247970E0	5.993221996E2
1.024768009E1	2.627346294E0	6.034070932E2
1.026437012E1	7.063503075E-1	6.099823446E2
1.028106015E1	-4.191474515E-1	6.170504119E2
1.029775018E1	-1.420479315E0	6.235752783E2
1.031444022E1	-2.811253890E0	6.285530752E2
1.033113025E1	-3.481235745E0	6.318405816E2
1.034782028E1	-3.104551762E0	6.342524276E2
1.036451031E1	-4.063531339E0	6.351500361E2
1.038120035E1	-3.988757758E0	6.359031487E2
1.039789038E1	-4.801316386E0	6.367672213E2
1.041458041E1	-3.884323893E0	6.390965808E2
1.043127045E1	-4.466481336E0	6.407224643E2
