201-I_row-1_post-14_wire
t	x	y
3.983983649E1	2.126949529E2	-1.181638627E1
3.985658999E1	2.128347662E2	-7.978941597E-1
3.987334350E1	2.136186033E2	1.048786881E1
3.989009700E1	2.142486804E2	2.154857735E1
3.990685051E1	2.134519338E2	2.970764339E1
3.992360401E1	2.124157152E2	3.634537164E1
3.994035752E1	2.117067071E2	4.340725281E1
3.995711103E1	2.127239095E2	4.980213367E1
3.997386453E1	2.134673124E2	5.586814593E1
3.999061804E1	2.129638439E2	5.935157656E1
4.000737154E1	2.119128416E2	6.145469965E1
4.002412505E1	2.116389432E2	6.295289159E1
4.004087855E1	2.126094919E2	6.473671659E1
4.005763206E1	2.137006016E2	6.719233824E1
4.007438557E1	2.137198650E2	6.966283584E1
4.009113907E1	2.124541973E2	7.142244959E1
4.010789258E1	2.113761229E2	7.210197919E1
4.012464608E1	2.115052509E2	7.217493625E1
4.014139959E1	2.125666016E2	7.221520861E1
4.015815309E1	2.133392472E2	7.242578768E1
4.017490660E1	2.128177677E2	7.227867678E1
4.019166010E1	2.114391422E2	7.223238400E1
4.020841361E1	2.109376497E2	7.248541393E1
4.022516712E1	2.118720814E2	7.239206790E1
4.024192062E1	2.134869506E2	7.373060933E1
4.025867413E1	2.137012230E2	7.537098183E1
4.027542763E1	2.124139827E2	7.692575736E1
4.029218114E1	2.108535310E2	7.797165358E1
4.030893464E1	2.108972748E2	7.932924252E1
4.032568815E1	2.118654384E2	8.028101683E1
4.034244166E1	2.133827219E2	8.154226947E1
4.035919516E1	2.134887219E2	8.261928871E1
4.037594867E1	2.118772120E2	8.299648184E1
4.039270217E1	2.111017513E2	8.341661936E1
4.040945568E1	2.113229359E2	8.428472773E1
4.042620918E1	2.132220081E2	8.492838845E1
4.044296269E1	2.137095839E2	8.654599349E1
4.045971620E1	2.127570710E2	8.931140632E1
4.047646970E1	2.116204032E2	9.296887966E1
4.049322321E1	2.111295200E2	9.656784986E1
4.050997671E1	2.118686530E2	9.979988786E1
4.052673022E1	2.125111153E2	1.022681838E2
4.054348372E1	2.123794855E2	1.047753219E2
4.056023723E1	2.113920969E2	1.088453408E2
4.057699074E1	2.109032125E2	1.131429757E2
4.059374424E1	2.114312172E2	1.177716205E2
4.061049775E1	2.112168640E2	1.227490528E2
4.062725125E1	2.108996933E2	1.285669712E2
4.064400476E1	2.103840039E2	1.355125692E2
4.066075826E1	2.095571925E2	1.414170010E2
4.067751177E1	2.102168412E2	1.467905125E2
4.069426528E1	2.108210458E2	1.518295408E2
4.071101878E1	2.105934724E2	1.560695344E2
4.072777229E1	2.096510018E2	1.601536986E2
4.074452579E1	2.087288754E2	1.633333426E2
4.076127930E1	2.085815639E2	1.658837576E2
4.077803280E1	2.091703174E2	1.691930541E2
4.079478631E1	2.101895633E2	1.720477385E2
4.081153981E1	2.096809733E2	1.739677158E2
4.082829332E1	2.083305804E2	1.776483789E2
4.084504683E1	2.075231922E2	1.830338598E2
4.086180033E1	2.080228938E2	1.877189943E2
4.087855384E1	2.089642167E2	1.907509556E2
4.089530734E1	2.086029205E2	1.920266470E2
4.091206085E1	2.082271872E2	1.934661819E2
4.092881435E1	2.072776113E2	1.943589330E2
4.094556786E1	2.072266174E2	1.956529146E2
4.096232137E1	2.074658643E2	1.976059680E2
4.097907487E1	2.079628826E2	2.001670097E2
4.099582838E1	2.079969607E2	2.034908166E2
4.101258188E1	2.071767353E2	2.075394585E2
4.102933539E1	2.069693692E2	2.121037695E2
4.104608889E1	2.065666907E2	2.153823401E2
4.106284240E1	2.062327584E2	2.172204720E2
4.107959591E1	2.063084322E2	2.197043335E2
4.109634941E1	2.064476988E2	2.236146929E2
4.111310292E1	2.061804291E2	2.291936915E2
4.112985642E1	2.052381191E2	2.346073276E2
4.114660993E1	2.045333101E2	2.400493615E2
4.116336343E1	2.042518503E2	2.450682073E2
4.118011694E1	2.047390131E2	2.503004581E2
4.119687045E1	2.046519465E2	2.556246008E2
4.121362395E1	2.041785933E2	2.612196205E2
4.123037746E1	2.037678467E2	2.666241280E2
4.124713096E1	2.028345340E2	2.709059776E2
4.126388447E1	2.027822857E2	2.749846788E2
4.128063797E1	2.025662515E2	2.802094806E2
4.129739148E1	2.023325444E2	2.857532022E2
4.131414498E1	2.015552714E2	2.897771081E2
4.133089849E1	2.010363108E2	2.922569814E2
4.134765200E1	2.005963204E2	2.932237100E2
4.136440550E1	2.011241007E2	2.939896730E2
4.138115901E1	2.013379148E2	2.948901159E2
4.139791251E1	2.013549354E2	2.962485683E2
4.141466602E1	2.002653878E2	2.981076457E2
4.143141952E1	1.995747637E2	3.005001220E2
4.144817303E1	1.998599246E2	3.035328769E2
4.146492654E1	2.002304071E2	3.063960431E2
4.148168004E1	2.010565890E2	3.100077429E2
4.149843355E1	2.005388199E2	3.131785874E2
4.151518705E1	1.994587747E2	3.157111204E2
4.153194056E1	1.995108702E2	3.179849091E2
4.154869406E1	1.996413295E2	3.198896807E2
4.156544757E1	1.996635971E2	3.232242536E2
4.158220108E1	1.994252978E2	3.263564784E2
4.159895458E1	1.983903232E2	3.297035228E2
4.161570809E1	1.979990042E2	3.344140454E2
4.163246159E1	1.979665819E2	3.402699466E2
4.164921510E1	1.981086910E2	3.461131738E2
4.166596860E1	1.980895103E2	3.506609941E2
4.168272211E1	1.964785393E2	3.533345698E2
4.169947562E1	1.962634564E2	3.564820517E2
4.171622912E1	1.958742329E2	3.599642085E2
4.173298263E1	1.969551602E2	3.645690263E2
4.174973613E1	1.957655598E2	3.697772305E2
4.176648964E1	1.947122995E2	3.745025655E2
4.178324314E1	1.937364205E2	3.785382779E2
4.179999665E1	1.944314449E2	3.808403675E2
4.181675015E1	1.946480463E2	3.827929966E2
4.183350366E1	1.956676876E2	3.849729113E2
4.185025717E1	1.947512347E2	3.867812924E2
4.186701067E1	1.933555389E2	3.890859555E2
4.188376418E1	1.926883429E2	3.915754778E2
4.190051768E1	1.932662338E2	3.955778015E2
4.191727119E1	1.936131143E2	3.991006812E2
4.193402469E1	1.942862290E2	4.017787731E2
4.195077820E1	1.930250762E2	4.044642966E2
4.196753171E1	1.918183190E2	4.069267885E2
4.198428521E1	1.914391566E2	4.103448358E2
4.200103872E1	1.920000077E2	4.135899216E2
4.201779222E1	1.922977584E2	4.160378713E2
4.203454573E1	1.920569281E2	4.183880817E2
4.205129923E1	1.909004777E2	4.200873316E2
4.206805274E1	1.907178776E2	4.232159956E2
4.208480625E1	1.905331334E2	4.281995502E2
4.210155975E1	1.898352300E2	4.340513548E2
4.211831326E1	1.890990291E2	4.406756186E2
4.213506676E1	1.884060125E2	4.469004937E2
4.215182027E1	1.872761903E2	4.519277961E2
4.216857377E1	1.865253539E2	4.560206294E2
4.218532728E1	1.864769153E2	4.608510727E2
4.220208079E1	1.853422173E2	4.675228201E2
4.221883429E1	1.849518545E2	4.762240110E2
4.223558780E1	1.840580994E2	4.836082006E2
4.225234130E1	1.828593222E2	4.877271907E2
4.226909481E1	1.827138750E2	4.908838428E2
4.228584831E1	1.820356981E2	4.933604424E2
4.230260182E1	1.817301787E2	4.967201074E2
4.231935533E1	1.818247441E2	5.015321669E2
4.233610883E1	1.811557630E2	5.064500923E2
4.235286234E1	1.796516305E2	5.098542067E2
4.236961584E1	1.787233983E2	5.113734632E2
4.238636935E1	1.785908442E2	5.129399177E2
4.240312285E1	1.788057972E2	5.154476767E2
4.241987636E1	1.792461509E2	5.195394219E2
4.243662986E1	1.784745330E2	5.236431491E2
