201-I_row-1_post-14_wire
t	x	y
4.955686978E1	1.979535584E2	-1.326159460E1
4.957362328E1	1.972651906E2	-6.003241320E0
4.959037679E1	1.971358026E2	3.248206347E-1
4.960713029E1	1.972095949E2	8.699818588E0
4.962388380E1	1.974311318E2	1.698739267E1
4.964063730E1	1.974162746E2	2.420561105E1
4.965739081E1	1.970383250E2	2.917856801E1
4.967414431E1	1.963025039E2	3.300429000E1
4.969089782E1	1.964174581E2	3.678580961E1
4.970765133E1	1.971028327E2	4.194544907E1
4.972440483E1	1.978270080E2	4.765800159E1
4.974115834E1	1.978033900E2	5.351600024E1
4.975791184E1	1.970711914E2	5.769319190E1
4.977466535E1	1.956715416E2	5.954956460E1
4.979141885E1	1.954152013E2	6.029391541E1
4.980817236E1	1.959504124E2	6.094249114E1
4.982492587E1	1.971755327E2	6.246235187E1
4.984167937E1	1.978096889E2	6.430628762E1
4.985843288E1	1.974481342E2	6.575207328E1
4.987518638E1	1.960829918E2	6.667057959E1
4.989193989E1	1.953388819E2	6.744348995E1
4.990869339E1	1.958309183E2	6.809451116E1
4.992544690E1	1.971715202E2	6.918299244E1
4.994220041E1	1.979575479E2	7.083282963E1
4.995895391E1	1.972223023E2	7.318389370E1
4.997570742E1	1.956168907E2	7.483216156E1
4.999246092E1	1.949396845E2	7.670388900E1
5.000921443E1	1.957462113E2	7.852748335E1
5.002596793E1	1.964901221E2	8.073687890E1
5.004272144E1	1.970305705E2	8.321748832E1
5.005947495E1	1.963536220E2	8.610006615E1
5.007622845E1	1.955197929E2	9.044312911E1
5.009298196E1	1.951742558E2	9.795908310E1
5.010973546E1	1.954817576E2	1.082071981E2
5.012648897E1	1.953833937E2	1.195114449E2
5.014324247E1	1.946066067E2	1.293750831E2
5.015999598E1	1.938518789E2	1.381018901E2
5.017674948E1	1.938184902E2	1.453642284E2
5.019350299E1	1.944407310E2	1.530178855E2
5.021025650E1	1.943917878E2	1.602905032E2
5.022701000E1	1.932953883E2	1.684606082E2
5.024376351E1	1.918688242E2	1.795900310E2
5.026051701E1	1.913091024E2	1.905504985E2
5.027727052E1	1.922883395E2	1.985018997E2
5.029402402E1	1.930087237E2	2.050243066E2
5.031077753E1	1.923099523E2	2.100291596E2
5.032753104E1	1.907306120E2	2.133859526E2
5.034428454E1	1.896648088E2	2.156118904E2
5.036103805E1	1.896929618E2	2.183172806E2
5.037779155E1	1.907271568E2	2.223120974E2
5.039454506E1	1.916654162E2	2.267362344E2
5.041129856E1	1.906183997E2	2.312175431E2
5.042805207E1	1.888897548E2	2.348775953E2
5.044480558E1	1.885032097E2	2.382498480E2
5.046155908E1	1.890917319E2	2.415076311E2
5.047831259E1	1.898169631E2	2.451449666E2
5.049506609E1	1.897150952E2	2.481276068E2
5.051181960E1	1.888890434E2	2.506390839E2
5.052857310E1	1.880490989E2	2.525009287E2
5.054532661E1	1.882011423E2	2.546712666E2
5.056208012E1	1.890269429E2	2.570299614E2
5.057883362E1	1.888861493E2	2.597121162E2
5.059558713E1	1.881960563E2	2.629716941E2
5.061234063E1	1.873631328E2	2.685544483E2
5.062909414E1	1.873771820E2	2.733358364E2
5.064584764E1	1.877328973E2	2.775054564E2
5.066260115E1	1.873574421E2	2.810855863E2
5.067935465E1	1.865563164E2	2.867164684E2
5.069610816E1	1.857773646E2	2.914923633E2
5.071286167E1	1.856275622E2	2.961619751E2
5.072961517E1	1.859809030E2	3.002789566E2
5.074636868E1	1.856195810E2	3.031902256E2
5.076312218E1	1.851445539E2	3.053999976E2
5.077987569E1	1.842730244E2	3.071483826E2
5.079662919E1	1.845228131E2	3.086336877E2
5.081338270E1	1.843648639E2	3.104977259E2
5.083013621E1	1.848484606E2	3.127053404E2
5.084688971E1	1.846529157E2	3.152529429E2
5.086364322E1	1.838714571E2	3.179078413E2
5.088039672E1	1.834034861E2	3.196981683E2
5.089715023E1	1.835729101E2	3.216201273E2
5.091390373E1	1.836281493E2	3.250029665E2
5.093065724E1	1.833274817E2	3.305690089E2
5.094741075E1	1.823878535E2	3.377741351E2
5.096416425E1	1.812027182E2	3.445827032E2
5.098091776E1	1.806289532E2	3.511049850E2
5.099767126E1	1.807385265E2	3.575418327E2
5.101442477E1	1.809684171E2	3.624613745E2
5.103117827E1	1.807560398E2	3.664494119E2
5.104793178E1	1.795666576E2	3.695655455E2
5.106468529E1	1.789810760E2	3.719700865E2
5.108143879E1	1.786760247E2	3.751781025E2
5.109819230E1	1.790393900E2	3.794419435E2
5.111494580E1	1.789626131E2	3.845559370E2
5.113169931E1	1.787265418E2	3.898652339E2
5.114845281E1	1.773528190E2	3.927498020E2
5.116520632E1	1.768502715E2	3.949033392E2
5.118195983E1	1.768317970E2	3.970958424E2
5.119871333E1	1.773223376E2	4.003109886E2
5.121546684E1	1.775996962E2	4.032245195E2
5.123222034E1	1.772451034E2	4.062219763E2
5.124897385E1	1.761072565E2	4.085536061E2
5.126572735E1	1.753117986E2	4.104931001E2
5.128248086E1	1.755296278E2	4.121196181E2
5.129923436E1	1.760152272E2	4.135862956E2
5.131598787E1	1.762889817E2	4.144286713E2
5.133274138E1	1.758516099E2	4.155207288E2
5.134949488E1	1.749260409E2	4.172793633E2
5.136624839E1	1.743713969E2	4.205707909E2
5.138300189E1	1.744710321E2	4.243770802E2
5.139975540E1	1.744244908E2	4.278941292E2
5.141650890E1	1.741591118E2	4.300662305E2
5.143326241E1	1.734883443E2	4.302210246E2
5.145001592E1	1.732675590E2	4.306841291E2
5.146676942E1	1.728373070E2	4.310043222E2
5.148352293E1	1.736238959E2	4.325176101E2
5.150027643E1	1.741825884E2	4.346988528E2
5.151702994E1	1.733669096E2	4.365938801E2
5.153378344E1	1.725430715E2	4.381712942E2
5.155053695E1	1.720897387E2	4.397926451E2
5.156729046E1	1.722344028E2	4.423857385E2
5.158404396E1	1.726610629E2	4.448378538E2
5.160079747E1	1.720053385E2	4.463182976E2
5.161755097E1	1.708525323E2	4.475024955E2
5.163430448E1	1.702803879E2	4.489201672E2
5.165105798E1	1.707069937E2	4.518748292E2
5.166781149E1	1.712321228E2	4.550279061E2
5.168456500E1	1.708516438E2	4.586621603E2
5.170131850E1	1.702544008E2	4.631345173E2
5.171807201E1	1.693551842E2	4.673262200E2
5.173482551E1	1.686980712E2	4.706910482E2
5.175157902E1	1.678595703E2	4.756172445E2
5.176833252E1	1.677152857E2	4.798493846E2
5.178508603E1	1.669816336E2	4.838478374E2
5.180183953E1	1.662851535E2	4.872597557E2
5.181859304E1	1.662579155E2	4.901642833E2
5.183534655E1	1.663463778E2	4.918521985E2
5.185210005E1	1.660785966E2	4.936404409E2
5.186885356E1	1.654606938E2	4.967210651E2
5.188560706E1	1.645026405E2	5.001682161E2
5.190236057E1	1.641341425E2	5.018675121E2
5.191911407E1	1.645046817E2	5.031680644E2
5.193586758E1	1.645985358E2	5.040653011E2
5.195262109E1	1.648408985E2	5.049806547E2
5.196937459E1	1.646384282E2	5.063908579E2
5.198612810E1	1.636887237E2	5.076624801E2
5.200288160E1	1.630871800E2	5.090592337E2
5.201963511E1	1.631274900E2	5.105960794E2
5.203638861E1	1.636436544E2	5.123186459E2
5.205314212E1	1.637249250E2	5.140367175E2
5.206989563E1	1.635318533E2	5.156728393E2
