201-I_row-1_post-19_wire
t	x	y
1.902663729E1	4.272255661E1	1.496431796E1
1.904332732E1	4.245614564E1	1.725594412E1
1.906001736E1	4.212175690E1	2.081536857E1
1.907670739E1	4.189451811E1	2.337617977E1
1.909339742E1	4.223563598E1	2.491645901E1
1.911008746E1	4.266368757E1	2.730366372E1
1.912677749E1	4.252006241E1	3.219802498E1
1.914346752E1	4.215052440E1	4.035864223E1
1.916015755E1	4.191892753E1	4.655792954E1
1.917684759E1	4.149552412E1	4.879322183E1
1.919353762E1	4.125295247E1	4.922814939E1
1.921022765E1	4.118829414E1	4.934246774E1
1.922691768E1	4.133446836E1	4.929124247E1
1.924360772E1	4.146046609E1	4.986665862E1
1.926029775E1	4.159807642E1	4.990023995E1
1.927698778E1	4.181360159E1	4.980117129E1
1.929367782E1	4.125861787E1	4.993314184E1
1.931036785E1	4.096593341E1	4.983700351E1
1.932705788E1	4.098497372E1	4.996134426E1
1.934374791E1	4.124602100E1	5.005213048E1
1.936043795E1	4.186907232E1	4.999580617E1
1.937712798E1	4.165993422E1	4.993453884E1
1.939381801E1	4.117772538E1	4.991459489E1
1.941050804E1	4.052876462E1	4.991883885E1
1.942719808E1	4.107578490E1	4.994480516E1
1.944388811E1	4.183750952E1	4.999664089E1
1.946057814E1	4.233751383E1	5.006007418E1
1.947726818E1	4.232463667E1	5.000629342E1
1.949395821E1	4.164891822E1	4.998817588E1
1.951064824E1	4.124633140E1	4.999282831E1
1.952733827E1	4.111186826E1	4.999797960E1
1.954402831E1	4.138979717E1	4.997865094E1
1.956071834E1	4.199333150E1	4.995833639E1
1.957740837E1	4.202388706E1	4.992630564E1
1.959409840E1	4.193983484E1	5.083776039E1
1.961078844E1	4.134507974E1	5.656207006E1
1.962747847E1	4.064785265E1	7.043346914E1
1.964416850E1	4.001120013E1	9.487593931E1
1.966085854E1	3.972288938E1	1.248224679E2
1.967754857E1	3.947446683E1	1.448595114E2
1.969423860E1	3.880371446E1	1.564624073E2
1.971092863E1	3.849316133E1	1.635859263E2
1.972761867E1	3.790066941E1	1.708431626E2
1.974430870E1	3.792933919E1	1.792908048E2
1.976099873E1	3.787678574E1	1.875465519E2
1.977768876E1	3.757345718E1	1.949482809E2
1.979437880E1	3.753508476E1	2.005283007E2
1.981106883E1	3.746212752E1	2.061729001E2
1.982775886E1	3.699167976E1	2.115182177E2
1.984444890E1	3.701556435E1	2.177289079E2
1.986113893E1	3.662710179E1	2.235841831E2
1.987782896E1	3.581969205E1	2.293583507E2
1.989451899E1	3.583321123E1	2.323196212E2
1.991120903E1	3.577549339E1	2.340321969E2
1.992789906E1	3.661293503E1	2.360973728E2
1.994458909E1	3.702193289E1	2.385699088E2
1.996127912E1	3.670649869E1	2.411232093E2
1.997796916E1	3.527853232E1	2.445601611E2
1.999465919E1	3.535368886E1	2.484201523E2
2.001134922E1	3.465389464E1	2.512453727E2
2.002803925E1	3.547792020E1	2.536408562E2
2.004472929E1	3.656960468E1	2.565734796E2
2.006141932E1	3.514719918E1	2.610379499E2
2.007810935E1	3.386971780E1	2.665925019E2
2.009479939E1	3.340536527E1	2.722776371E2
2.011148942E1	3.394967367E1	2.770362157E2
2.012817945E1	3.377938648E1	2.804419394E2
2.014486948E1	3.379352384E1	2.836299939E2
2.016155952E1	3.328526912E1	2.860975651E2
2.017824955E1	3.230336951E1	2.887267059E2
2.019493958E1	3.216831843E1	2.919168784E2
2.021162961E1	3.267176758E1	2.957850530E2
2.022831965E1	3.164188853E1	3.015987076E2
2.024500968E1	3.097706662E1	3.089956898E2
2.026169971E1	3.153460941E1	3.176093433E2
2.027838975E1	3.033767859E1	3.260562055E2
2.029507978E1	3.109393244E1	3.339673546E2
2.031176981E1	2.985908803E1	3.414706383E2
2.032845984E1	2.988123908E1	3.493985519E2
2.034514988E1	2.892884005E1	3.567771336E2
2.036183991E1	2.796655825E1	3.625726108E2
2.037852994E1	2.813576900E1	3.682530466E2
2.039521997E1	2.884727332E1	3.739327232E2
2.041191001E1	2.927223401E1	3.787839637E2
2.042860004E1	2.715068378E1	3.830840044E2
2.044529007E1	2.633646601E1	3.886704593E2
2.046198011E1	2.619080496E1	3.951188727E2
2.047867014E1	2.625626454E1	4.016515078E2
2.049536017E1	2.770807055E1	4.064460217E2
2.051205020E1	2.749503828E1	4.097179837E2
2.052874024E1	2.615848219E1	4.130579578E2
2.054543027E1	2.489000770E1	4.179423945E2
2.056212030E1	2.521971531E1	4.244152443E2
2.057881033E1	2.545050871E1	4.301243643E2
2.059550037E1	2.496643320E1	4.350352606E2
2.061219040E1	2.515395700E1	4.389575022E2
2.062888043E1	2.444379555E1	4.431456935E2
2.064557047E1	2.396312166E1	4.480390059E2
2.066226050E1	2.368742970E1	4.546097371E2
2.067895053E1	2.363938218E1	4.618895167E2
2.069564056E1	2.293376159E1	4.676110428E2
2.071233060E1	2.209279033E1	4.716808252E2
2.072902063E1	2.078527877E1	4.742204987E2
2.074571066E1	2.198251064E1	4.774404819E2
2.076240069E1	2.292262706E1	4.798733057E2
2.077909073E1	2.329790960E1	4.813847388E2
2.079578076E1	2.216477429E1	4.830344726E2
2.081247079E1	1.931087933E1	4.848104387E2
2.082916083E1	1.895403195E1	4.872863521E2
2.084585086E1	2.001437947E1	4.896063788E2
2.086254089E1	2.080975803E1	4.920873463E2
2.087923092E1	2.097055657E1	4.953077587E2
2.089592096E1	1.931735514E1	4.986359212E2
2.091261099E1	1.851521767E1	5.041444017E2
2.092930102E1	1.676439547E1	5.092126034E2
2.094599105E1	1.634842779E1	5.141395789E2
2.096268109E1	1.740751581E1	5.180555876E2
2.097937112E1	1.747011138E1	5.212812594E2
2.099606115E1	1.689919504E1	5.253429496E2
2.101275118E1	1.637777786E1	5.302777086E2
2.102944122E1	1.464883636E1	5.368386749E2
2.104613125E1	1.347311666E1	5.465203900E2
2.106282128E1	1.082009717E1	5.556472220E2
2.107951132E1	1.092023495E1	5.628376818E2
2.109620135E1	1.160005777E1	5.676886806E2
2.111289138E1	1.120384196E1	5.709794304E2
2.112958141E1	9.509466171E0	5.743502977E2
2.114627145E1	8.363137182E0	5.791563024E2
2.116296148E1	6.511566288E0	5.841065651E2
2.117965151E1	6.324965569E0	5.896503308E2
2.119634154E1	6.528408031E0	5.946403891E2
2.121303158E1	7.088458312E0	5.994102111E2
2.122972161E1	5.472194795E0	6.052414413E2
2.124641164E1	4.171589800E0	6.124798365E2
2.126310168E1	1.390473992E0	6.206047386E2
2.127979171E1	-5.935262931E-1	6.287729024E2
2.129648174E1	-1.056415322E0	6.367754011E2
2.131317177E1	-1.752323603E0	6.433180502E2
2.132986181E1	-2.578913902E0	6.475239664E2
