201-I_row-1_post-20_ref
t	x	y
2.897389679E1	4.500690024E2	3.082664400E0
2.899058682E1	4.500951181E2	3.199424449E0
2.900727685E1	4.500342358E2	3.925625292E0
2.902396689E1	4.500162809E2	4.690960990E0
2.904065692E1	4.500504317E2	4.897384369E0
2.905734695E1	4.500839172E2	5.485443732E0
2.907403699E1	4.500041980E2	6.303610521E0
2.909072702E1	4.501403256E2	7.228305086E0
2.910741705E1	4.500551278E2	8.978329818E0
2.912410708E1	4.500417080E2	1.003552579E1
2.914079712E1	4.500315880E2	1.043589071E1
2.915748715E1	4.501367176E2	1.062017506E1
2.917417718E1	4.501030935E2	1.103245078E1
2.919086721E1	4.500315781E2	1.121659905E1
2.920755725E1	4.500443395E2	1.122660326E1
2.922424728E1	4.500625133E2	1.117054919E1
2.924093731E1	4.501053911E2	1.131055099E1
2.925762734E1	4.500851517E2	1.137173649E1
2.927431738E1	4.500715699E2	1.180373260E1
2.929100741E1	4.500700657E2	1.195099783E1
2.930769744E1	4.500806720E2	1.213364232E1
2.932438748E1	4.500394584E2	1.226953074E1
2.934107751E1	4.500116222E2	1.272969239E1
2.935776754E1	4.500654042E2	1.280111125E1
2.937445757E1	4.500399545E2	1.357455420E1
2.939114761E1	4.500650785E2	1.425518414E1
2.940783764E1	4.500780696E2	1.541825659E1
2.942452767E1	4.500371330E2	1.668053255E1
2.944121770E1	4.500667548E2	1.781320201E1
2.945790774E1	4.500791761E2	1.942973911E1
2.947459777E1	4.501160506E2	2.110345381E1
2.949128780E1	4.500140841E2	2.275905312E1
2.950797784E1	4.500406938E2	2.415023277E1
2.952466787E1	4.500713567E2	2.517292958E1
2.954135790E1	4.500388038E2	2.594931865E1
2.955804793E1	4.500721626E2	2.690735200E1
2.957473797E1	4.500853951E2	2.754633188E1
2.959142800E1	4.500575997E2	2.877715217E1
2.960811803E1	4.501406545E2	3.011468124E1
2.962480806E1	4.501017077E2	3.382081600E1
2.964149810E1	4.500894493E2	3.819171528E1
2.965818813E1	4.501084527E2	4.282097195E1
2.967487816E1	4.500268344E2	4.654568724E1
2.969156820E1	4.500541895E2	4.952466467E1
2.970825823E1	4.499744881E2	5.184776109E1
2.972494826E1	4.501203369E2	5.328480109E1
2.974163829E1	4.500375001E2	5.492534689E1
2.975832833E1	4.500044828E2	5.744500638E1
2.977501836E1	4.500153417E2	6.094086837E1
2.979170839E1	4.500683021E2	6.475335330E1
2.980839842E1	4.500405401E2	6.672633240E1
2.982508846E1	4.501449691E2	6.781506315E1
2.984177849E1	4.501143045E2	6.880656514E1
2.985846852E1	4.500037695E2	7.020888232E1
2.987515856E1	4.500375297E2	7.202127202E1
2.989184859E1	4.501210834E2	7.407396593E1
2.990853862E1	4.500494061E2	7.535792402E1
2.992522865E1	4.500441979E2	7.641934118E1
2.994191869E1	4.500694022E2	7.720423670E1
2.995860872E1	4.501066874E2	7.795915156E1
2.997529875E1	4.500666289E2	7.869196086E1
2.999198878E1	4.500447184E2	8.034802595E1
3.000867882E1	4.500059611E2	8.222688600E1
3.002536885E1	4.500865182E2	8.530184696E1
3.004205888E1	4.500716887E2	8.855069003E1
3.005874892E1	4.500803670E2	9.199133079E1
3.007543895E1	4.499655679E2	9.558664007E1
3.009212898E1	4.500197882E2	9.917993791E1
3.010881901E1	4.500283956E2	1.024258628E2
3.012550905E1	4.500520719E2	1.062198976E2
3.014219908E1	4.501042345E2	1.094008634E2
3.015888911E1	4.501583261E2	1.130103871E2
3.017557914E1	4.500198176E2	1.160765390E2
3.019226918E1	4.500860360E2	1.180754949E2
3.020895921E1	4.500244906E2	1.203313610E2
3.022564924E1	4.501434677E2	1.236521910E2
3.024233927E1	4.500796209E2	1.290586668E2
3.025902931E1	4.501408319E2	1.358176326E2
3.027571934E1	4.501082630E2	1.418254945E2
3.029240937E1	4.502439764E2	1.485345673E2
3.030909941E1	4.501848229E2	1.545105151E2
3.032578944E1	4.501291371E2	1.610115251E2
3.034247947E1	4.500947425E2	1.670201908E2
3.035916950E1	4.501524970E2	1.733115282E2
3.037585954E1	4.503144381E2	1.788813051E2
3.039254957E1	4.502505719E2	1.849147874E2
3.040923960E1	4.501259733E2	1.910643947E2
3.042592963E1	4.501428974E2	1.960711981E2
3.044261967E1	4.502174583E2	2.002581637E2
3.045930970E1	4.502042093E2	2.041283649E2
3.047599973E1	4.501513702E2	2.080476395E2
3.049268977E1	4.502029168E2	2.124018223E2
3.050937980E1	4.502587702E2	2.165380351E2
3.052606983E1	4.501564560E2	2.205448504E2
3.054275986E1	4.501781684E2	2.242213332E2
3.055944990E1	4.502745981E2	2.270542984E2
3.057613993E1	4.502141959E2	2.287721732E2
3.059282996E1	4.503367841E2	2.302112549E2
3.060951999E1	4.503494442E2	2.324792469E2
3.062621003E1	4.501880627E2	2.354456250E2
3.064290006E1	4.501384400E2	2.403872596E2
3.065959009E1	4.502399890E2	2.457362728E2
3.067628013E1	4.502359390E2	2.513945416E2
3.069297016E1	4.502553683E2	2.571614083E2
3.070966019E1	4.503835169E2	2.615780195E2
3.072635022E1	4.502922229E2	2.645051715E2
3.074304026E1	4.501663300E2	2.685503184E2
3.075973029E1	4.502374085E2	2.734438941E2
3.077642032E1	4.502495644E2	2.783876630E2
3.079311035E1	4.502422668E2	2.822220834E2
3.080980039E1	4.502620361E2	2.846535390E2
3.082649042E1	4.502439915E2	2.863471196E2
3.084318045E1	4.502870734E2	2.894773629E2
3.085987049E1	4.501827939E2	2.937150335E2
3.087656052E1	4.501786237E2	2.993278879E2
3.089325055E1	4.503417349E2	3.045454579E2
3.090994058E1	4.502690096E2	3.090972708E2
3.092663062E1	4.503356851E2	3.123838456E2
3.094332065E1	4.501677578E2	3.150127768E2
3.096001068E1	4.502214724E2	3.179837145E2
3.097670071E1	4.502446712E2	3.212677187E2
3.099339075E1	4.503685885E2	3.248014757E2
3.101008078E1	4.503950806E2	3.278357837E2
3.102677081E1	4.504401404E2	3.303344906E2
3.104346085E1	4.502634708E2	3.320651272E2
3.106015088E1	4.502675325E2	3.327328787E2
3.107684091E1	4.501876794E2	3.336148655E2
3.109353094E1	4.502947676E2	3.352260004E2
3.111022098E1	4.502057458E2	3.376129875E2
3.112691101E1	4.501441174E2	3.404017638E2
3.114360104E1	4.501212024E2	3.433217233E2
3.116029107E1	4.501840778E2	3.465560622E2
3.117698111E1	4.502908063E2	3.487429250E2
3.119367114E1	4.504286959E2	3.514928416E2
3.121036117E1	4.502449578E2	3.549330847E2
3.122705121E1	4.501783151E2	3.581944572E2
3.124374124E1	4.501973803E2	3.618521300E2
3.126043127E1	4.503500423E2	3.662897238E2
3.127712130E1	4.502343697E2	3.724810056E2
3.129381134E1	4.504543882E2	3.779983340E2
3.131050137E1	4.503749500E2	3.831479867E2
3.132719140E1	4.502207097E2	3.883423383E2
3.134388143E1	4.504434906E2	3.936536090E2
3.136057147E1	4.504104647E2	3.988384045E2
3.137726150E1	4.502921340E2	4.044245612E2
3.139395153E1	4.504099306E2	4.085752418E2
3.141064156E1	4.503008471E2	4.117842304E2
3.142733160E1	4.503920572E2	4.141433917E2
3.144402163E1	4.502869100E2	4.165807544E2
3.146071166E1	4.503421292E2	4.193323872E2
3.147740170E1	4.502459420E2	4.229087617E2
3.149409173E1	4.500899125E2	4.267679006E2
3.151078176E1	4.502025210E2	4.309366020E2
3.152747179E1	4.503395543E2	4.345108793E2
3.154416183E1	4.501858480E2	4.381484885E2
3.156085186E1	4.502399406E2	4.432588390E2
3.157754189E1	4.502384449E2	4.484368949E2
3.159423192E1	4.503554195E2	4.539473840E2
3.161092196E1	4.502861077E2	4.589858550E2
3.162761199E1	4.503880526E2	4.637083890E2
3.164430202E1	4.502494764E2	4.676425955E2
3.166099206E1	4.503259379E2	4.704793488E2
3.167768209E1	4.502864591E2	4.734583931E2
3.169437212E1	4.503966893E2	4.769091530E2
3.171106215E1	4.503605003E2	4.810505224E2
3.172775219E1	4.505189490E2	4.858331383E2
3.174444222E1	4.503035801E2	4.904636608E2
3.176113225E1	4.506259199E2	4.949518776E2
3.177782228E1	4.505840693E2	4.996956844E2
3.179451232E1	4.507125052E2	5.028742602E2
3.181120235E1	4.507053320E2	5.051828872E2
3.182789238E1	4.507538256E2	5.065812886E2
3.184458242E1	4.508660960E2	5.078789024E2
3.186127245E1	4.508365224E2	5.092399652E2
3.187796248E1	4.508732219E2	5.102030604E2
3.189465251E1	4.510058599E2	5.111732296E2
3.191134255E1	4.508627406E2	5.131464768E2
3.192803258E1	4.509235141E2	5.153011652E2
3.194472261E1	4.508058239E2	5.174688451E2
3.196141264E1	4.510048380E2	5.200303951E2
3.197810268E1	4.509148841E2	5.225311019E2
3.199479271E1	4.509468787E2	5.246531799E2
3.201148274E1	4.509317497E2	5.257260187E2
3.202817278E1	4.511046265E2	5.263465333E2
3.204486281E1	4.509651507E2	5.265870281E2
3.206155284E1	4.511275067E2	5.270785943E2
3.207824287E1	4.508621968E2	5.282090051E2
3.209493291E1	4.510333511E2	5.301040748E2
3.211162294E1	4.509572783E2	5.322222175E2
3.212831297E1	4.510201270E2	5.341092173E2
3.214500300E1	4.509582201E2	5.355039571E2
3.216169304E1	4.510540376E2	5.370253104E2
3.217838307E1	4.509129019E2	5.383630169E2
3.219507310E1	4.508826156E2	5.396479768E2
3.221176314E1	4.510738946E2	5.414318723E2
3.222845317E1	4.510244527E2	5.426733252E2
3.224514320E1	4.508863295E2	5.449646557E2
3.226183323E1	4.509870660E2	5.471145114E2
3.227852327E1	4.508822067E2	5.493319355E2
3.229521330E1	4.509014192E2	5.517083633E2
3.231190333E1	4.509896092E2	5.535257504E2
3.232859336E1	4.509944141E2	5.561966626E2
3.234528340E1	4.509910283E2	5.591508641E2
3.236197343E1	4.510242665E2	5.617593212E2
3.237866346E1	4.510298971E2	5.641159703E2
3.239535349E1	4.511167677E2	5.671992017E2
3.241204353E1	4.510240948E2	5.699701937E2
3.242873356E1	4.510664308E2	5.728770846E2
3.244542359E1	4.510851211E2	5.778453181E2
3.246211363E1	4.511262631E2	5.835691893E2
3.247880366E1	4.510228280E2	5.892922088E2
3.249549369E1	4.510067201E2	5.944077700E2
3.251218372E1	4.509419430E2	5.995064955E2
3.252887376E1	4.509703332E2	6.047084198E2
3.254556379E1	4.511176169E2	6.112485404E2
3.256225382E1	4.511519065E2	6.189950290E2
3.257894385E1	4.510698880E2	6.268500901E2
3.259563389E1	4.511440293E2	6.333432646E2
3.261232392E1	4.511301697E2	6.395940928E2
3.262901395E1	4.511800457E2	6.439187844E2
3.264570399E1	4.511094611E2	6.478580726E2
3.266239402E1	4.510977989E2	6.514725009E2
3.267908405E1	4.511793407E2	6.551304572E2
3.269577408E1	4.510151028E2	6.585560448E2
3.271246412E1	4.509962178E2	6.617579788E2
3.272915415E1	4.510329198E2	6.652774745E2
3.274584418E1	4.510537195E2	6.682224209E2
3.276253421E1	4.511943228E2	6.714401614E2
3.277922425E1	4.509875057E2	6.747675134E2
3.279591428E1	4.510244959E2	6.775487534E2
3.281260431E1	4.510280029E2	6.808010900E2
3.282929435E1	4.510761972E2	6.845665363E2
