201-I_row-1_post-13_wire
t	x	y
2.980448659E1	2.249188008E2	-1.915069500E1
2.982124009E1	2.256520551E2	-1.830968104E1
2.983799360E1	2.259023386E2	-1.583504893E1
2.985474711E1	2.251353858E2	-1.318797084E1
2.987150061E1	2.241299249E2	-1.015701210E1
2.988825412E1	2.240739462E2	-6.671966576E0
2.990500762E1	2.251253322E2	-2.930318016E0
2.992176113E1	2.262052533E2	-3.684464955E-1
2.993851463E1	2.259473188E2	1.934449708E0
2.995526814E1	2.246285175E2	3.413666536E0
2.997202165E1	2.238668818E2	4.672282831E0
2.998877515E1	2.241368812E2	7.662407583E0
3.000552866E1	2.251250122E2	1.017026818E1
3.002228216E1	2.258379649E2	1.258095934E1
3.003903567E1	2.254487145E2	1.422021856E1
3.005578917E1	2.247864633E2	1.588312712E1
3.007254268E1	2.246124045E2	1.779528331E1
3.008929619E1	2.250960712E2	1.992923528E1
3.010604969E1	2.256486737E2	2.225735402E1
3.012280320E1	2.251884356E2	2.465255738E1
3.013955670E1	2.243004230E2	2.728843707E1
3.015631021E1	2.242742622E2	2.982099799E1
3.017306371E1	2.247499593E2	3.219014728E1
3.018981722E1	2.248979038E2	3.388554885E1
3.020657072E1	2.246582301E2	3.482420925E1
3.022332423E1	2.241936340E2	3.629010100E1
3.024007774E1	2.242777278E2	3.801102700E1
3.025683124E1	2.248144810E2	4.041444837E1
3.027358475E1	2.250180963E2	4.276092099E1
3.029033825E1	2.242762116E2	4.452180819E1
3.030709176E1	2.232952765E2	4.608380084E1
3.032384526E1	2.230313532E2	4.782825760E1
3.034059877E1	2.240166632E2	5.100124816E1
3.035735228E1	2.249578889E2	5.460132010E1
3.037410578E1	2.248285951E2	5.829751574E1
3.039085929E1	2.237032131E2	6.322037055E1
3.040761279E1	2.235048299E2	6.769590081E1
3.042436630E1	2.232704175E2	7.218804410E1
3.044111980E1	2.244709042E2	7.698104830E1
3.045787331E1	2.245200523E2	8.058088443E1
3.047462682E1	2.242432616E2	8.329968247E1
3.049138032E1	2.225923075E2	8.466287979E1
3.050813383E1	2.224430416E2	8.605395004E1
3.052488733E1	2.231685160E2	8.943074859E1
3.054164084E1	2.240912563E2	9.572727699E1
3.055839434E1	2.233510184E2	1.048171683E2
3.057514785E1	2.222872966E2	1.132259319E2
3.059190136E1	2.220235007E2	1.192683296E2
3.060865486E1	2.223680052E2	1.231792476E2
3.062540837E1	2.231367642E2	1.275020628E2
3.064216187E1	2.232669110E2	1.331433825E2
3.065891538E1	2.221235058E2	1.389378570E2
3.067566888E1	2.214158932E2	1.438203232E2
3.069242239E1	2.207343457E2	1.473331293E2
3.070917590E1	2.217519966E2	1.502812040E2
3.072592940E1	2.226013460E2	1.533661229E2
3.074268291E1	2.226721810E2	1.567218324E2
3.075943641E1	2.216874231E2	1.593112404E2
3.077618992E1	2.211057398E2	1.617257491E2
3.079294342E1	2.204865551E2	1.634875815E2
3.080969693E1	2.206528986E2	1.651998276E2
3.082645043E1	2.215877980E2	1.665649589E2
3.084320394E1	2.217097090E2	1.681302937E2
3.085995745E1	2.211647405E2	1.698637549E2
3.087671095E1	2.206295857E2	1.716005103E2
3.089346446E1	2.207952624E2	1.739403095E2
3.091021796E1	2.209332855E2	1.755936499E2
3.092697147E1	2.204459901E2	1.767453215E2
3.094372497E1	2.206236694E2	1.782996949E2
3.096047848E1	2.205260970E2	1.798470124E2
3.097723199E1	2.207757817E2	1.812595135E2
3.099398549E1	2.199646895E2	1.830164480E2
3.101073900E1	2.204740458E2	1.861622223E2
3.102749250E1	2.198849365E2	1.897297527E2
3.104424601E1	2.205841258E2	1.943627311E2
3.106099951E1	2.206761752E2	1.975448218E2
3.107775302E1	2.200644849E2	1.992490823E2
3.109450653E1	2.193109750E2	2.008817732E2
3.111126003E1	2.193831821E2	2.041374916E2
3.112801354E1	2.190105493E2	2.076329092E2
3.114476704E1	2.193147480E2	2.115486395E2
3.116152055E1	2.189331352E2	2.155842952E2
3.117827405E1	2.186970480E2	2.195521071E2
3.119502756E1	2.180735203E2	2.245922156E2
3.121178107E1	2.185690659E2	2.301261545E2
3.122853457E1	2.184561695E2	2.349595153E2
3.124528808E1	2.169206712E2	2.385616835E2
3.126204158E1	2.172782541E2	2.430378857E2
3.127879509E1	2.173092089E2	2.473073238E2
3.129554859E1	2.179131388E2	2.512939809E2
3.131230210E1	2.183258479E2	2.552452596E2
3.132905560E1	2.167914902E2	2.579177558E2
3.134580911E1	2.152235085E2	2.604987890E2
3.136256262E1	2.151798924E2	2.644538239E2
3.137931612E1	2.165458749E2	2.700425693E2
3.139606963E1	2.163165216E2	2.743532739E2
3.141282313E1	2.161086292E2	2.782789988E2
3.142957664E1	2.148414799E2	2.822709239E2
3.144633014E1	2.142861350E2	2.855888535E2
3.146308365E1	2.140725675E2	2.882603397E2
3.147983716E1	2.158459389E2	2.921834123E2
3.149659066E1	2.157875686E2	2.962639585E2
3.151334417E1	2.141237149E2	3.004610379E2
3.153009767E1	2.122142475E2	3.044658124E2
3.154685118E1	2.130262281E2	3.074262026E2
3.156360468E1	2.141090260E2	3.099479096E2
3.158035819E1	2.144792711E2	3.108893318E2
3.159711170E1	2.144865604E2	3.116914315E2
3.161386520E1	2.133197322E2	3.125433237E2
3.163061871E1	2.118704958E2	3.135535986E2
3.164737221E1	2.122755667E2	3.150672204E2
3.166412572E1	2.131516599E2	3.174898568E2
3.168087922E1	2.135432013E2	3.190725043E2
3.169763273E1	2.132798733E2	3.205048261E2
3.171438624E1	2.119805717E2	3.223094734E2
3.173113974E1	2.124792642E2	3.246457312E2
3.174789325E1	2.123515044E2	3.273255645E2
3.176464675E1	2.124486781E2	3.322046728E2
3.178140026E1	2.118093866E2	3.378491470E2
3.179815376E1	2.104440153E2	3.427105395E2
3.181490727E1	2.111336648E2	3.473541693E2
3.183166078E1	2.106961449E2	3.516820472E2
3.184841428E1	2.106891657E2	3.550672500E2
3.186516779E1	2.102523860E2	3.582734314E2
3.188192129E1	2.092180786E2	3.623605380E2
3.189867480E1	2.084480034E2	3.671863466E2
3.191542830E1	2.093077694E2	3.727703739E2
3.193218181E1	2.101746995E2	3.775604205E2
3.194893531E1	2.100546081E2	3.809414392E2
3.196568882E1	2.086642307E2	3.834164604E2
3.198244233E1	2.077672364E2	3.866794167E2
3.199919583E1	2.068601725E2	3.918210852E2
3.201594934E1	2.071359320E2	3.981921900E2
3.203270284E1	2.071397179E2	4.039042601E2
3.204945635E1	2.078033353E2	4.084743727E2
3.206620985E1	2.060965712E2	4.110821359E2
3.208296336E1	2.062964144E2	4.134152740E2
3.209971687E1	2.055095903E2	4.160356457E2
3.211647037E1	2.059430496E2	4.185037481E2
3.213322388E1	2.054124819E2	4.202263766E2
3.214997738E1	2.051802117E2	4.225993023E2
3.216673089E1	2.049265753E2	4.257730277E2
3.218348439E1	2.045369064E2	4.299250584E2
3.220023790E1	2.045006092E2	4.347366805E2
3.221699141E1	2.036471463E2	4.372401930E2
3.223374491E1	2.031249060E2	4.388358330E2
3.225049842E1	2.040210726E2	4.402191819E2
3.226725192E1	2.037345768E2	4.421216159E2
3.228400543E1	2.041714322E2	4.445002952E2
3.230075893E1	2.038064859E2	4.467788931E2
3.231751244E1	2.026292201E2	4.485872795E2
3.233426595E1	2.017331909E2	4.503564289E2
3.235101945E1	2.029398015E2	4.525685503E2
3.236777296E1	2.030012211E2	4.543669898E2
3.238452646E1	2.031383054E2	4.567921936E2
3.240127997E1	2.023525009E2	4.591726856E2
3.241803347E1	2.003502453E2	4.618768138E2
3.243478698E1	1.996791287E2	4.649773568E2
3.245154048E1	2.000436554E2	4.697595788E2
3.246829399E1	1.996328014E2	4.739228021E2
3.248504750E1	2.000307309E2	4.786722600E2
3.250180100E1	1.984382303E2	4.837721050E2
3.251855451E1	1.984034287E2	4.899116499E2
3.253530801E1	1.965637843E2	4.950692346E2
3.255206152E1	1.961767805E2	5.006940309E2
3.256881502E1	1.947990114E2	5.057053327E2
3.258556853E1	1.955260446E2	5.105207968E2
3.260232204E1	1.949336558E2	5.146766994E2
3.261907554E1	1.950568389E2	5.186047216E2
3.263582905E1	1.931025425E2	5.211594217E2
3.265258255E1	1.924705972E2	5.242389037E2
3.266933606E1	1.910916812E2	5.268828331E2
3.268608956E1	1.917975674E2	5.301021242E2
3.270284307E1	1.928268798E2	5.325368259E2
3.271959658E1	1.916905150E2	5.342270047E2
3.273635008E1	1.916383679E2	5.364924394E2
3.275310359E1	1.902345672E2	5.381635778E2
3.276985709E1	1.892211683E2	5.399456928E2
3.278661060E1	1.907550399E2	5.430629576E2
3.280336410E1	1.913079181E2	5.455254813E2
3.282011761E1	1.896703076E2	5.472955106E2
