201-I_row-1_post-18_ref
t	x	y
6.292142333E0	4.512056594E2	-1.439252502E-1
6.308832365E0	4.511846706E2	-1.622473731E-1
6.325522398E0	4.511939718E2	-3.290629800E-2
6.342212431E0	4.511625500E2	-2.092182276E-1
6.358902463E0	4.511678278E2	-9.324380121E-2
6.375592496E0	4.511916076E2	-3.619644589E-1
6.392282529E0	4.512182442E2	-3.280172421E-1
6.408972562E0	4.511274914E2	-1.497285836E-1
6.425662594E0	4.511191584E2	-1.700548729E-1
6.442352627E0	4.512106463E2	-1.622583977E-1
6.459042660E0	4.512614489E2	-1.977378747E-1
6.475732692E0	4.511961095E2	-1.988395662E-1
6.492422725E0	4.512285645E2	-1.506703438E-1
6.509112758E0	4.512118794E2	-1.447818871E-1
6.525802791E0	4.512431183E2	-7.208656110E-2
6.542492823E0	4.512140270E2	-7.347396961E-2
6.559182856E0	4.511668583E2	-1.188649103E-1
6.575872889E0	4.511758727E2	-2.199207900E-1
6.592562921E0	4.511686054E2	-1.090883327E-1
6.609252954E0	4.511857940E2	-1.783945383E-1
6.625942987E0	4.512602415E2	-1.793293267E-1
6.642633020E0	4.512392601E2	-1.733239327E-1
6.659323052E0	4.512034822E2	-2.411255943E-1
6.676013085E0	4.512001043E2	-1.587806299E-1
6.692703118E0	4.512364468E2	-1.195871289E-1
6.709393150E0	4.512283310E2	3.512988086E-1
6.726083183E0	4.511852935E2	1.333991274E0
6.742773216E0	4.512132702E2	2.180892480E0
6.759463249E0	4.513655173E2	2.297741040E0
6.776153281E0	4.511795184E2	2.327373354E0
6.792843314E0	4.511966043E2	2.303843232E0
6.809533347E0	4.510974238E2	3.327292482E0
6.826223379E0	4.511698853E2	5.708249241E0
6.842913412E0	4.512400304E2	7.914497771E0
6.859603445E0	4.511868762E2	8.977968678E0
6.876293478E0	4.511669441E2	1.051566852E1
6.892983510E0	4.511701334E2	1.274245310E1
6.909673543E0	4.511941910E2	1.585469493E1
6.926363576E0	4.511461828E2	2.060547749E1
6.943053608E0	4.511361110E2	2.551037438E1
6.959743641E0	4.512664441E2	2.965203364E1
6.976433674E0	4.512578265E2	3.230666353E1
6.993123707E0	4.511250129E2	3.380057647E1
7.009813739E0	4.511581339E2	3.494052624E1
7.026503772E0	4.512125299E2	3.694317685E1
7.043193805E0	4.511934886E2	3.883934854E1
7.059883837E0	4.512188595E2	4.013127591E1
7.076573870E0	4.513046491E2	4.112227836E1
7.093263903E0	4.511916970E2	4.185445123E1
7.109953936E0	4.511776482E2	4.228883452E1
7.126643968E0	4.511429365E2	4.299047084E1
7.143334001E0	4.511624323E2	4.297134404E1
7.160024034E0	4.511959468E2	4.365248260E1
7.176714066E0	4.511412341E2	4.526911775E1
7.193404099E0	4.511556333E2	4.639249012E1
7.210094132E0	4.510814187E2	4.753683065E1
7.226784164E0	4.511821923E2	4.795514409E1
7.243474197E0	4.511307016E2	4.821479075E1
7.260164230E0	4.511554124E2	4.920868975E1
7.276854263E0	4.511413903E2	5.027907551E1
7.293544295E0	4.512685446E2	5.146263666E1
7.310234328E0	4.513080089E2	5.303532906E1
7.326924361E0	4.512032653E2	5.531389905E1
7.343614393E0	4.512219330E2	5.765753787E1
7.360304426E0	4.511806900E2	6.015182956E1
7.376994459E0	4.511572871E2	6.260435119E1
7.393684492E0	4.512568344E2	6.583850867E1
7.410374524E0	4.512597218E2	6.934843505E1
7.427064557E0	4.512517154E2	7.388792627E1
7.443754590E0	4.512342304E2	7.958558196E1
7.460444622E0	4.512015024E2	8.522736234E1
7.477134655E0	4.511779464E2	9.022309994E1
7.493824688E0	4.512514331E2	9.598858671E1
7.510514721E0	4.512006695E2	1.025328420E2
7.527204753E0	4.512025884E2	1.089126703E2
7.543894786E0	4.511331548E2	1.153056922E2
7.560584819E0	4.512254965E2	1.228927120E2
7.577274851E0	4.512939161E2	1.302869915E2
7.593964884E0	4.512711431E2	1.351202519E2
7.610654917E0	4.512330489E2	1.383340436E2
7.627344950E0	4.512614002E2	1.422041645E2
7.644034982E0	4.511530400E2	1.473225106E2
7.660725015E0	4.513040316E2	1.537104605E2
7.677415048E0	4.513559028E2	1.599725049E2
7.694105080E0	4.512491957E2	1.648377266E2
7.710795113E0	4.511947553E2	1.690429204E2
7.727485146E0	4.513648029E2	1.713563573E2
7.744175179E0	4.513245099E2	1.739792778E2
7.760865211E0	4.512688741E2	1.781595904E2
7.777555244E0	4.512056441E2	1.830069623E2
7.794245277E0	4.512761978E2	1.874914523E2
7.810935309E0	4.512622323E2	1.911732556E2
7.827625342E0	4.512071391E2	1.943283355E2
7.844315375E0	4.511791601E2	1.969077491E2
7.861005408E0	4.515597984E2	2.006158378E2
7.877695440E0	4.512493523E2	2.058211672E2
7.894385473E0	4.512885219E2	2.133933170E2
7.911075506E0	4.512769557E2	2.216205810E2
7.927765538E0	4.513107879E2	2.293102034E2
7.944455571E0	4.512478852E2	2.351294243E2
7.961145604E0	4.512330453E2	2.392066282E2
7.977835637E0	4.513424589E2	2.424842209E2
7.994525669E0	4.514505047E2	2.461444799E2
8.011215702E0	4.513608147E2	2.497829926E2
8.027905735E0	4.513478522E2	2.552573857E2
8.044595767E0	4.513420842E2	2.627086725E2
8.061285800E0	4.514696820E2	2.708531785E2
8.077975833E0	4.514089834E2	2.765956734E2
8.094665866E0	4.512936297E2	2.813827750E2
8.111355898E0	4.514887250E2	2.854562584E2
8.128045931E0	4.514616739E2	2.890316329E2
8.144735964E0	4.513380291E2	2.923110901E2
8.161425996E0	4.515297202E2	2.955022572E2
8.178116029E0	4.513707336E2	2.988729503E2
8.194806062E0	4.513110110E2	3.026765875E2
8.211496095E0	4.512621893E2	3.071307967E2
8.228186127E0	4.513675376E2	3.118016772E2
8.244876160E0	4.513084951E2	3.158571855E2
8.261566193E0	4.513937937E2	3.193552642E2
8.278256225E0	4.514109066E2	3.239750999E2
8.294946258E0	4.513623594E2	3.279762291E2
8.311636291E0	4.514077730E2	3.320207674E2
8.328326324E0	4.513593685E2	3.351875754E2
8.345016356E0	4.512980184E2	3.381590127E2
8.361706389E0	4.513403620E2	3.409434120E2
8.378396422E0	4.514202433E2	3.447148488E2
8.395086454E0	4.514715913E2	3.498764273E2
8.411776487E0	4.513791771E2	3.553966277E2
8.428466520E0	4.514476793E2	3.596240677E2
8.445156553E0	4.514420555E2	3.623711989E2
8.461846585E0	4.513440667E2	3.643156830E2
8.478536618E0	4.513889806E2	3.651601164E2
8.495226651E0	4.513472199E2	3.663017856E2
8.511916683E0	4.513063475E2	3.678122201E2
8.528606716E0	4.512480029E2	3.703331092E2
8.545296749E0	4.513473875E2	3.729253661E2
8.561986781E0	4.512590956E2	3.748775670E2
8.578676814E0	4.513312823E2	3.766465355E2
8.595366847E0	4.512751214E2	3.781481831E2
8.612056880E0	4.512312520E2	3.796127927E2
8.628746912E0	4.513159099E2	3.814161855E2
8.645436945E0	4.512537142E2	3.841557817E2
8.662126978E0	4.513235059E2	3.879805564E2
8.678817010E0	4.513141368E2	3.905757522E2
8.695507043E0	4.512746356E2	3.930794932E2
8.712197076E0	4.513547155E2	3.964107112E2
8.728887109E0	4.512193265E2	4.000404759E2
8.745577141E0	4.512988719E2	4.036565498E2
8.762267174E0	4.512118740E2	4.076515969E2
8.778957207E0	4.513294893E2	4.109423180E2
8.795647239E0	4.513874817E2	4.141569420E2
8.812337272E0	4.513297675E2	4.167308590E2
8.829027305E0	4.514519963E2	4.185062733E2
8.845717338E0	4.513162628E2	4.201017957E2
8.862407370E0	4.514523677E2	4.223500447E2
8.879097403E0	4.513610538E2	4.256850662E2
8.895787436E0	4.512529073E2	4.290279506E2
8.912477468E0	4.512364290E2	4.323978316E2
8.929167501E0	4.513259304E2	4.356646976E2
8.945857534E0	4.513022182E2	4.379640957E2
8.962547567E0	4.513556858E2	4.403023419E2
8.979237599E0	4.512314980E2	4.420559704E2
8.995927632E0	4.512492906E2	4.442853842E2
9.012617665E0	4.512208147E2	4.476552895E2
9.029307697E0	4.513221260E2	4.512334688E2
9.045997730E0	4.512422599E2	4.540933336E2
9.062687763E0	4.512108510E2	4.558095596E2
9.079377796E0	4.512506541E2	4.575554813E2
9.096067828E0	4.512490451E2	4.591595339E2
9.112757861E0	4.512528698E2	4.608304376E2
9.129447894E0	4.513028229E2	4.630353950E2
9.146137926E0	4.513464538E2	4.651759004E2
9.162827959E0	4.511903838E2	4.675342552E2
9.179517992E0	4.511840082E2	4.685411048E2
9.196208025E0	4.511894290E2	4.695707803E2
9.212898057E0	4.512644047E2	4.711089202E2
9.229588090E0	4.511743272E2	4.728215795E2
9.246278123E0	4.511681113E2	4.746599741E2
9.262968155E0	4.513909578E2	4.761715352E2
9.279658188E0	4.512524207E2	4.778159584E2
9.296348221E0	4.512199502E2	4.797739404E2
9.313038254E0	4.512514332E2	4.815245605E2
9.329728286E0	4.512539741E2	4.836175804E2
9.346418319E0	4.512610395E2	4.866317174E2
9.363108352E0	4.513199492E2	4.911856420E2
9.379798384E0	4.513902929E2	4.970210955E2
9.396488417E0	4.514052888E2	5.037116797E2
9.413178450E0	4.515063942E2	5.094988666E2
9.429868483E0	4.513385526E2	5.152103897E2
9.446558515E0	4.512925961E2	5.201394151E2
9.463248548E0	4.515334546E2	5.241762153E2
9.479938581E0	4.514933061E2	5.276298360E2
9.496628613E0	4.514005450E2	5.300014814E2
9.513318646E0	4.513787330E2	5.321608039E2
9.530008679E0	4.512213746E2	5.337961660E2
9.546698712E0	4.512639726E2	5.349853373E2
9.563388744E0	4.513013121E2	5.362722848E2
9.580078777E0	4.513023857E2	5.378238954E2
9.596768810E0	4.512449257E2	5.395517225E2
9.613458842E0	4.512172044E2	5.422284292E2
9.630148875E0	4.512579805E2	5.454940515E2
9.646838908E0	4.514594310E2	5.485960548E2
9.663528941E0	4.512945655E2	5.511366198E2
9.680218973E0	4.512563239E2	5.526699493E2
9.696909006E0	4.511975666E2	5.542816796E2
9.713599039E0	4.512887634E2	5.565561415E2
9.730289071E0	4.513755463E2	5.597559687E2
9.746979104E0	4.512989964E2	5.626099387E2
9.763669137E0	4.512926452E2	5.656152015E2
9.780359170E0	4.514402731E2	5.673909926E2
9.797049202E0	4.512908750E2	5.695496488E2
9.813739235E0	4.513400654E2	5.712699798E2
9.830429268E0	4.512327702E2	5.737522688E2
9.847119300E0	4.512328112E2	5.754206637E2
9.863809333E0	4.511856721E2	5.768968990E2
9.880499366E0	4.512379302E2	5.778610413E2
9.897189398E0	4.513319965E2	5.783854666E2
9.913879431E0	4.511948856E2	5.793805923E2
9.930569464E0	4.511932302E2	5.802601834E2
9.947259497E0	4.511752531E2	5.817580859E2
9.963949529E0	4.511959693E2	5.829402278E2
9.980639562E0	4.511613005E2	5.834445954E2
9.997329595E0	4.512199005E2	5.836651835E2
1.001401963E1	4.513462129E2	5.837244535E2
1.003070966E1	4.512627443E2	5.838952010E2
1.004739969E1	4.512956629E2	5.851639624E2
1.006408973E1	4.513177658E2	5.862625109E2
1.008077976E1	4.512232875E2	5.867862324E2
1.009746979E1	4.511772784E2	5.870584474E2
1.011415982E1	4.512393815E2	5.875540170E2
1.013084986E1	4.512520493E2	5.877359468E2
1.014753989E1	4.512242692E2	5.888249709E2
1.016422992E1	4.512588142E2	5.908551065E2
1.018091995E1	4.512778116E2	5.957865211E2
1.019760999E1	4.514314357E2	6.017144111E2
1.021430002E1	4.512550202E2	6.059712204E2
1.023099005E1	4.512825253E2	6.087406285E2
1.024768009E1	4.512109518E2	6.129909930E2
1.026437012E1	4.514492984E2	6.208731932E2
1.028106015E1	4.513058209E2	6.290299449E2
1.029775018E1	4.514413341E2	6.363868449E2
1.031444022E1	4.514411654E2	6.421517025E2
1.033113025E1	4.513204832E2	6.456282086E2
1.034782028E1	4.512195699E2	6.479228452E2
1.036451031E1	4.512043605E2	6.492869943E2
1.038120035E1	4.512172354E2	6.502619237E2
1.039789038E1	4.511443960E2	6.516941422E2
1.041458041E1	4.511979094E2	6.536955839E2
1.043127045E1	4.511663230E2	6.561771147E2
1.044796048E1	4.504601213E2	6.574931802E2
1.046465051E1	4.507478350E2	6.581362972E2
1.048134054E1	4.505925418E2	6.584718502E2
