201-I_row-1_post-17_ref
t	x	y
8.584496306E1	6.380431440E2	-3.452697762E1
8.586171656E1	6.372727208E2	-2.479576955E1
8.587847007E1	6.365640935E2	-1.827202410E1
8.589522358E1	6.362145542E2	-1.455861833E1
8.591197708E1	6.357971790E2	-1.263118585E1
8.592873059E1	6.355816254E2	-1.099570992E1
8.594548409E1	6.350165112E2	-9.103240935E0
8.596223760E1	6.344410780E2	-5.981179618E0
8.597899110E1	6.333718037E2	-2.041944376E0
8.599574461E1	6.328066235E2	6.853879616E-1
8.601249812E1	6.328920764E2	1.377743927E0
8.602925162E1	6.327061013E2	1.737351073E0
8.604600513E1	6.325894326E2	2.051863860E0
8.606275863E1	6.325547785E2	2.132710104E0
8.607951214E1	6.323656804E2	2.281907449E0
8.609626564E1	6.324017496E2	2.849681053E0
8.611301915E1	6.322583498E2	3.045762936E0
8.612977265E1	6.321802215E2	3.082228176E0
8.614652616E1	6.322050346E2	3.085834824E0
8.616327967E1	6.321649825E2	3.135328690E0
8.618003317E1	6.320802592E2	3.659710247E0
8.619678668E1	6.322067366E2	4.873387265E0
8.621354018E1	6.322011784E2	7.850678922E0
8.623029369E1	6.319454866E2	1.291304138E1
8.624704719E1	6.321991976E2	1.841602258E1
8.626380070E1	6.321729641E2	2.606768222E1
8.628055421E1	6.320632869E2	3.322843677E1
8.629730771E1	6.322677434E2	3.967289030E1
8.631406122E1	6.322462938E2	4.572437557E1
8.633081472E1	6.324197358E2	5.156299600E1
8.634756823E1	6.324107517E2	5.735547826E1
8.636432173E1	6.322822984E2	6.159909584E1
8.638107524E1	6.323729072E2	6.487559522E1
8.639782875E1	6.323755012E2	6.775747853E1
8.641458225E1	6.323097124E2	7.000610150E1
8.643133576E1	6.323682982E2	7.213420704E1
8.644808926E1	6.323905282E2	7.445778888E1
8.646484277E1	6.323016924E2	7.731808402E1
8.648159627E1	6.325409893E2	8.029106366E1
8.649834978E1	6.324867755E2	8.280281302E1
8.651510329E1	6.323623931E2	8.499474258E1
8.653185679E1	6.323728641E2	8.788013608E1
8.654861030E1	6.322586623E2	9.242491952E1
8.656536380E1	6.325649442E2	9.649905086E1
8.658211731E1	6.324164770E2	1.001608583E2
8.659887081E1	6.324647157E2	1.032497883E2
8.661562432E1	6.324199118E2	1.064155750E2
8.663237783E1	6.324008780E2	1.094482317E2
8.664913133E1	6.321440972E2	1.142735728E2
8.666588484E1	6.324225170E2	1.212901109E2
8.668263834E1	6.324702287E2	1.281774691E2
8.669939185E1	6.324974862E2	1.338383215E2
8.671614535E1	6.324983657E2	1.382470208E2
8.673289886E1	6.323713169E2	1.416252763E2
8.674965236E1	6.324519749E2	1.453798908E2
8.676640587E1	6.324328183E2	1.489390026E2
8.678315938E1	6.326277165E2	1.520869236E2
8.679991288E1	6.325633202E2	1.572500093E2
8.681666639E1	6.324376938E2	1.653059152E2
8.683341989E1	6.324511068E2	1.773817803E2
8.685017340E1	6.323809410E2	1.840029656E2
8.686692690E1	6.323928924E2	1.877383682E2
8.688368041E1	6.323762761E2	1.912547509E2
8.690043392E1	6.324720332E2	1.943386667E2
8.691718742E1	6.324040685E2	1.978645416E2
8.693394093E1	6.325331128E2	2.027247974E2
8.695069443E1	6.324732760E2	2.071269100E2
8.696744794E1	6.324407222E2	2.107729578E2
8.698420144E1	6.328139828E2	2.153805952E2
8.700095495E1	6.329059307E2	2.212539387E2
8.701770846E1	6.327136763E2	2.281777446E2
8.703446196E1	6.324838934E2	2.383111866E2
8.705121547E1	6.326872615E2	2.501776571E2
8.706796897E1	6.329103371E2	2.604870656E2
8.708472248E1	6.330783254E2	2.694782554E2
8.710147598E1	6.329190539E2	2.776331803E2
8.711822949E1	6.330760233E2	2.839245718E2
8.713498300E1	6.331557677E2	2.913804227E2
8.715173650E1	6.333873758E2	3.018222957E2
8.716849001E1	6.336406814E2	3.120121962E2
8.718524351E1	6.336000528E2	3.240122909E2
8.720199702E1	6.338111816E2	3.347165506E2
8.721875052E1	6.338601934E2	3.428325699E2
8.723550403E1	6.339090499E2	3.509455522E2
8.725225753E1	6.340411878E2	3.617933434E2
8.726901104E1	6.344448607E2	3.730598806E2
8.728576455E1	6.342464768E2	3.849054908E2
8.730251805E1	6.347438230E2	3.964195331E2
8.731927156E1	6.345475145E2	4.078577977E2
8.733602506E1	6.347553547E2	4.177438904E2
8.735277857E1	6.348562266E2	4.272094150E2
8.736953207E1	6.348520337E2	4.364348724E2
8.738628558E1	6.349385440E2	4.462867290E2
8.740303909E1	6.348134977E2	4.576529638E2
8.741979259E1	6.350126779E2	4.648996447E2
8.743654610E1	6.352136070E2	4.702774956E2
8.745329960E1	6.352250410E2	4.768571333E2
8.747005311E1	6.354548974E2	4.852532431E2
8.748680661E1	6.356599195E2	4.940199328E2
8.750356012E1	6.358465976E2	5.027526212E2
8.752031363E1	6.361309237E2	5.117282354E2
8.753706713E1	6.360500977E2	5.201436731E2
8.755382064E1	6.362779378E2	5.264048523E2
