201-I_row-1_post-10_wire
t	x	y
1.775871601E0	2.325984729E2	-3.085582551E0
1.792625107E0	2.327990837E2	-3.073998146E0
1.809378612E0	2.326393791E2	-3.039197137E0
1.826132118E0	2.329871777E2	-3.102223616E0
1.842885624E0	2.332205492E2	-3.107149991E0
1.859639129E0	2.328211805E2	-3.086368019E0
1.876392635E0	2.323733931E2	-3.081715912E0
1.893146141E0	2.322504985E2	-3.032278821E0
1.909899647E0	2.325252835E2	-3.094650481E0
1.926653152E0	2.326428701E2	-3.055209898E0
1.943406658E0	2.329809844E2	-3.103582542E0
1.960160164E0	2.328246496E2	-3.097147847E0
1.976913669E0	2.326336314E2	-3.096917085E0
1.993667175E0	2.324440100E2	-3.090752842E0
2.010420681E0	2.324752785E2	-3.040277234E0
2.027174186E0	2.328352652E2	-3.040450434E0
2.043927692E0	2.329485502E2	-2.963742248E0
2.060681198E0	2.326583912E2	-3.093277185E0
2.077434703E0	2.324506738E2	-3.066216663E0
2.094188209E0	2.320305943E2	-3.187620252E0
2.110941715E0	2.319813630E2	-3.084193327E0
2.127695220E0	2.321284975E2	-3.067616181E0
2.144448726E0	2.325972699E2	-2.994058352E0
2.161202232E0	2.325870447E2	-3.094560377E0
2.177955737E0	2.325665623E2	-3.087036447E0
2.194709243E0	2.323569372E2	-3.015408199E0
2.211462749E0	2.319970207E2	-3.095135935E0
2.228216254E0	2.318184173E2	-3.083144392E0
2.244969760E0	2.320810980E2	-3.150543393E0
2.261723266E0	2.325154526E2	-3.075763580E0
2.278476771E0	2.326293733E2	-3.072441651E0
2.295230277E0	2.323412682E2	-3.083187339E0
2.311983783E0	2.319571058E2	-3.130946471E0
2.328737288E0	2.319659136E2	-3.064557959E0
2.345490794E0	2.323386781E2	-3.091821324E0
2.362244300E0	2.326645717E2	-3.085317621E0
2.378997805E0	2.326269029E2	-3.044879374E0
2.395751311E0	2.323840596E2	-3.153720082E0
2.412504817E0	2.318764035E2	-3.090907263E0
2.429258322E0	2.318837000E2	-3.112130142E0
2.446011828E0	2.320167623E2	-3.172185345E0
2.462765334E0	2.322876439E2	-3.292102140E0
2.479518839E0	2.322723475E2	-3.699736168E0
2.496272345E0	2.323942025E2	-4.020289628E0
2.513025851E0	2.325531101E2	-4.699801253E0
2.529779356E0	2.328023227E2	-5.523230898E0
2.546532862E0	2.327444513E2	-5.992679587E0
2.563286368E0	2.323696401E2	-6.367362949E0
2.580039873E0	2.317718206E2	-6.444311117E0
2.596793379E0	2.316968353E2	-7.032416945E0
2.613546885E0	2.321156885E2	-7.988215612E0
2.630300390E0	2.327731395E2	-8.914746873E0
2.647053896E0	2.328998959E2	-1.062298140E1
2.663807402E0	2.327199778E2	-1.260925036E1
2.680560907E0	2.319536698E2	-1.529974388E1
2.697314413E0	2.318949798E2	-1.700735159E1
2.714067919E0	2.320587973E2	-1.869660507E1
2.730821424E0	2.324887834E2	-1.983782735E1
2.747574930E0	2.324594763E2	-2.103028696E1
2.764328436E0	2.322577921E2	-2.240482147E1
2.781081941E0	2.319195503E2	-2.427831322E1
2.797835447E0	2.318674721E2	-2.590071536E1
2.814588953E0	2.321764645E2	-2.721269405E1
2.831342458E0	2.324643337E2	-2.835705413E1
2.848095964E0	2.325138896E2	-2.910768848E1
2.864849470E0	2.322638711E2	-2.932495424E1
2.881602975E0	2.322498996E2	-3.063059240E1
2.898356481E0	2.325325705E2	-3.227887848E1
2.915109987E0	2.325038931E2	-3.388122488E1
2.931863492E0	2.326427212E2	-3.564103914E1
2.948616998E0	2.324921256E2	-3.727569190E1
2.965370504E0	2.327284266E2	-3.802073914E1
2.982124009E0	2.325843802E2	-3.844292671E1
2.998877515E0	2.328514588E2	-3.885254211E1
3.015631021E0	2.325928404E2	-3.898703141E1
3.032384526E0	2.324635803E2	-3.955423146E1
3.049138032E0	2.320520139E2	-3.986243408E1
3.065891538E0	2.318134610E2	-4.055622701E1
3.082645043E0	2.320186114E2	-4.064047185E1
3.099398549E0	2.326333992E2	-4.063621376E1
3.116152055E0	2.326693336E2	-4.112379502E1
3.132905560E0	2.325875025E2	-4.169489193E1
3.149659066E0	2.322796340E2	-4.223293392E1
3.166412572E0	2.324503325E2	-4.304410347E1
3.183166078E0	2.326089322E2	-4.384507832E1
3.199919583E0	2.326544390E2	-4.456516570E1
3.216673089E0	2.328306433E2	-4.510072525E1
3.233426595E0	2.324744742E2	-4.605531953E1
3.250180100E0	2.323605131E2	-4.708860479E1
3.266933606E0	2.321659178E2	-4.824880777E1
3.283687112E0	2.324378671E2	-4.952721766E1
3.300440617E0	2.330362519E2	-5.087079989E1
3.317194123E0	2.332698382E2	-5.208098005E1
3.333947629E0	2.333548937E2	-5.351793077E1
3.350701134E0	2.326624962E2	-5.468262776E1
3.367454640E0	2.320719385E2	-5.614238735E1
3.384208146E0	2.323210708E2	-5.818623782E1
3.400961651E0	2.324281178E2	-6.033883334E1
3.417715157E0	2.326977345E2	-6.255471290E1
3.434468663E0	2.329153286E2	-6.477348169E1
3.451222168E0	2.325036669E2	-6.616721396E1
3.467975674E0	2.325562863E2	-6.747780823E1
3.484729180E0	2.324645032E2	-6.973953427E1
3.501482685E0	2.324240261E2	-7.220934486E1
3.518236191E0	2.324277094E2	-7.405146056E1
3.534989697E0	2.326196601E2	-7.630133338E1
3.551743202E0	2.325611416E2	-7.805882122E1
3.568496708E0	2.322888584E2	-7.897628417E1
3.585250214E0	2.321466880E2	-7.984044345E1
3.602003719E0	2.322245581E2	-8.057411591E1
3.618757225E0	2.324809335E2	-8.214161980E1
3.635510731E0	2.329162361E2	-8.417776736E1
3.652264236E0	2.325267315E2	-8.653119812E1
3.669017742E0	2.325720684E2	-8.860693156E1
3.685771248E0	2.323045801E2	-8.969299366E1
3.702524753E0	2.325103019E2	-9.098403740E1
3.719278259E0	2.322922253E2	-9.211310359E1
3.736031765E0	2.326939684E2	-9.348071192E1
3.752785270E0	2.323414918E2	-9.556913709E1
3.769538776E0	2.325490227E2	-9.838865972E1
3.786292282E0	2.324308181E2	-1.000904998E2
3.803045787E0	2.325221912E2	-1.010047174E2
3.819799293E0	2.326059872E2	-1.024943604E2
3.836552799E0	2.324654624E2	-1.035808943E2
3.853306304E0	2.323451877E2	-1.051689435E2
3.870059810E0	2.322509900E2	-1.074189619E2
3.886813316E0	2.320010050E2	-1.099839398E2
3.903566821E0	2.323389563E2	-1.128121929E2
3.920320327E0	2.320687815E2	-1.149098754E2
3.937073833E0	2.319423648E2	-1.173234675E2
3.953827338E0	2.319056015E2	-1.204021770E2
3.970580844E0	2.316946712E2	-1.231002524E2
3.987334350E0	2.317291355E2	-1.253997631E2
4.004087855E0	2.318550253E2	-1.275171272E2
4.020841361E0	2.319091355E2	-1.293097730E2
4.037594867E0	2.318722510E2	-1.310944242E2
4.054348372E0	2.319086612E2	-1.333871492E2
4.071101878E0	2.315304386E2	-1.351627773E2
4.087855384E0	2.309519017E2	-1.368845884E2
4.104608889E0	2.310155447E2	-1.383824243E2
4.121362395E0	2.312060769E2	-1.399702353E2
4.138115901E0	2.317371751E2	-1.415853253E2
4.154869406E0	2.319103663E2	-1.433175235E2
4.171622912E0	2.312502755E2	-1.450911257E2
4.188376418E0	2.305256412E2	-1.473778682E2
4.205129923E0	2.304730924E2	-1.496381250E2
4.221883429E0	2.303712828E2	-1.514144887E2
4.238636935E0	2.309718171E2	-1.530390751E2
4.255390440E0	2.310714991E2	-1.538590970E2
4.272143946E0	2.303564871E2	-1.538915975E2
4.288897452E0	2.299017862E2	-1.548737917E2
4.305650957E0	2.299174192E2	-1.555701316E2
4.322404463E0	2.305081697E2	-1.562881193E2
4.339157969E0	2.309283335E2	-1.578631608E2
4.355911474E0	2.308511042E2	-1.595478562E2
4.372664980E0	2.299223124E2	-1.606562738E2
4.389418486E0	2.295624038E2	-1.612064358E2
4.406171991E0	2.302014212E2	-1.619815657E2
4.422925497E0	2.302823402E2	-1.629614433E2
4.439679003E0	2.306072514E2	-1.643871631E2
4.456432509E0	2.305080610E2	-1.650248553E2
4.473186014E0	2.300514354E2	-1.660449853E2
4.489939520E0	2.301560795E2	-1.666864699E2
4.506693026E0	2.301904745E2	-1.668999560E2
4.523446531E0	2.305117800E2	-1.675652366E2
4.540200037E0	2.307900820E2	-1.683166948E2
4.556953543E0	2.301718637E2	-1.692989390E2
4.573707048E0	2.300459785E2	-1.701338997E2
4.590460554E0	2.301452591E2	-1.709565051E2
4.607214060E0	2.304171744E2	-1.717386493E2
4.623967565E0	2.302042426E2	-1.726766001E2
4.640721071E0	2.301618517E2	-1.733916859E2
4.657474577E0	2.296653018E2	-1.742437145E2
4.674228082E0	2.293384236E2	-1.751848156E2
4.690981588E0	2.299908411E2	-1.765343915E2
4.707735094E0	2.301816722E2	-1.782210724E2
4.724488599E0	2.301603402E2	-1.790482396E2
4.741242105E0	2.302595652E2	-1.796731678E2
4.757995611E0	2.294272124E2	-1.801539759E2
4.774749116E0	2.295915869E2	-1.814745688E2
4.791502622E0	2.298348970E2	-1.822386553E2
4.808256128E0	2.300500543E2	-1.824075617E2
4.825009633E0	2.296389927E2	-1.833850815E2
4.841763139E0	2.295349883E2	-1.840152566E2
4.858516645E0	2.288362212E2	-1.842704727E2
4.875270150E0	2.290952290E2	-1.847636453E2
4.892023656E0	2.289668212E2	-1.849510158E2
4.908777162E0	2.298117517E2	-1.855775508E2
4.925530667E0	2.301012616E2	-1.864360989E2
4.942284173E0	2.299272426E2	-1.872419741E2
4.959037679E0	2.296036722E2	-1.880230049E2
4.975791184E0	2.292755386E2	-1.889254763E2
4.992544690E0	2.290670801E2	-1.899232627E2
5.009298196E0	2.295017223E2	-1.906293357E2
5.026051701E0	2.292563518E2	-1.923588718E2
5.042805207E0	2.293915087E2	-1.944609769E2
5.059558713E0	2.289825683E2	-1.961980771E2
5.076312218E0	2.292730095E2	-1.978208669E2
5.093065724E0	2.294319864E2	-1.994489129E2
5.109819230E0	2.295081866E2	-2.009229177E2
5.126572735E0	2.290663871E2	-2.020339298E2
5.143326241E0	2.289930009E2	-2.037064728E2
5.160079747E0	2.292929533E2	-2.059665113E2
5.176833252E0	2.294146116E2	-2.083097430E2
5.193586758E0	2.287227829E2	-2.093634097E2
5.210340264E0	2.288670100E2	-2.107796421E2
5.227093769E0	2.287202476E2	-2.122162011E2
5.243847275E0	2.282718725E2	-2.135514175E2
5.260600781E0	2.287386353E2	-2.157382542E2
5.277354286E0	2.287441205E2	-2.181794902E2
5.294107792E0	2.284087026E2	-2.207989448E2
5.310861298E0	2.283213710E2	-2.231263934E2
5.327614803E0	2.277629991E2	-2.248010582E2
5.344368309E0	2.279635143E2	-2.271696469E2
5.361121815E0	2.277881376E2	-2.288110578E2
5.377875320E0	2.277888314E2	-2.312697971E2
5.394628826E0	2.274593876E2	-2.337454632E2
5.411382332E0	2.275888062E2	-2.361984619E2
5.428135837E0	2.275517789E2	-2.394038121E2
5.444889343E0	2.277456603E2	-2.410271595E2
5.461642849E0	2.276706538E2	-2.425362462E2
5.478396354E0	2.273909407E2	-2.434968876E2
5.495149860E0	2.276099119E2	-2.458276382E2
5.511903366E0	2.274168305E2	-2.486064500E2
5.528656871E0	2.278012979E2	-2.522911694E2
5.545410377E0	2.267903326E2	-2.550634826E2
5.562163883E0	2.263370688E2	-2.573392594E2
5.578917388E0	2.268159780E2	-2.595849348E2
5.595670894E0	2.272558387E2	-2.612925691E2
5.612424400E0	2.276668311E2	-2.630261604E2
5.629177905E0	2.273316176E2	-2.647777845E2
5.645931411E0	2.269167440E2	-2.670152227E2
5.662684917E0	2.258707425E2	-2.688296737E2
5.679438422E0	2.262255382E2	-2.710631728E2
5.696191928E0	2.262661961E2	-2.721611972E2
5.712945434E0	2.269495325E2	-2.735886724E2
5.729698940E0	2.267584640E2	-2.744219927E2
5.746452445E0	2.263334010E2	-2.751986414E2
5.763205951E0	2.258925558E2	-2.753837734E2
5.779959457E0	2.263740672E2	-2.768074785E2
5.796712962E0	2.264820882E2	-2.783245711E2
5.813466468E0	2.263749526E2	-2.793016135E2
5.830219974E0	2.260419193E2	-2.801834360E2
5.846973479E0	2.259822481E2	-2.809600103E2
5.863726985E0	2.256964502E2	-2.817786890E2
5.880480491E0	2.261891143E2	-2.825352307E2
5.897233996E0	2.261603306E2	-2.835150811E2
5.913987502E0	2.258368284E2	-2.845227684E2
5.930741008E0	2.255716290E2	-2.858470177E2
5.947494513E0	2.253101483E2	-2.874073057E2
5.964248019E0	2.252522321E2	-2.882750492E2
5.981001525E0	2.258338767E2	-2.898455581E2
5.997755030E0	2.254792845E2	-2.916345708E2
6.014508536E0	2.252504264E2	-2.940875716E2
6.031262042E0	2.245028630E2	-2.957903266E2
6.048015547E0	2.243696990E2	-2.981449270E2
6.064769053E0	2.245988470E2	-3.013244237E2
6.081522559E0	2.245200593E2	-3.046977426E2
6.098276064E0	2.246691999E2	-3.086183945E2
6.115029570E0	2.242894873E2	-3.118710583E2
6.131783076E0	2.232644210E2	-3.134519357E2
6.148536581E0	2.235552480E2	-3.150219464E2
6.165290087E0	2.242392017E2	-3.167941208E2
6.182043593E0	2.246275151E2	-3.186356637E2
6.198797098E0	2.243793172E2	-3.218859284E2
6.215550604E0	2.233333366E2	-3.250354196E2
6.232304110E0	2.220066354E2	-3.274984130E2
6.249057615E0	2.221516320E2	-3.290376803E2
6.265811121E0	2.233666248E2	-3.306338907E2
6.282564627E0	2.245789399E2	-3.322829591E2
6.299318132E0	2.242800931E2	-3.346470466E2
6.316071638E0	2.228340579E2	-3.372633623E2
6.332825144E0	2.219594945E2	-3.403745067E2
6.349578649E0	2.218243301E2	-3.423094637E2
6.366332155E0	2.227678189E2	-3.437249114E2
6.383085661E0	2.236325953E2	-3.453021368E2
6.399839166E0	2.226380337E2	-3.464517733E2
6.416592672E0	2.222747648E2	-3.476099819E2
6.433346178E0	2.218153436E2	-3.491994708E2
6.450099683E0	2.217289157E2	-3.511296686E2
6.466853189E0	2.224365888E2	-3.551039544E2
6.483606695E0	2.222553639E2	-3.592169422E2
6.500360200E0	2.212072080E2	-3.626724435E2
6.517113706E0	2.213169950E2	-3.655556475E2
6.533867212E0	2.205225729E2	-3.674114401E2
6.550620717E0	2.202404350E2	-3.692467725E2
6.567374223E0	2.209287264E2	-3.712942743E2
6.584127729E0	2.205938534E2	-3.736896296E2
6.600881234E0	2.200692869E2	-3.762438310E2
6.617634740E0	2.193286794E2	-3.782519723E2
6.634388246E0	2.199364467E2	-3.803921088E2
6.651141751E0	2.204623058E2	-3.827855465E2
6.667895257E0	2.204021693E2	-3.859987010E2
6.684648763E0	2.196108654E2	-3.901233826E2
6.701402268E0	2.184372222E2	-3.942733450E2
6.718155774E0	2.178266301E2	-3.984000933E2
6.734909280E0	2.178621641E2	-4.024981108E2
6.751662785E0	2.177957715E2	-4.058791616E2
6.768416291E0	2.174371199E2	-4.082418492E2
6.785169797E0	2.171611859E2	-4.106076570E2
6.801923302E0	2.171661027E2	-4.128803537E2
6.818676808E0	2.170915826E2	-4.146698086E2
6.835430314E0	2.173524781E2	-4.169558788E2
6.852183819E0	2.172237270E2	-4.194709349E2
6.868937325E0	2.167824803E2	-4.219296115E2
6.885690831E0	2.155559280E2	-4.236335014E2
6.902444336E0	2.156049705E2	-4.251869338E2
6.919197842E0	2.161896808E2	-4.267676399E2
6.935951348E0	2.162152994E2	-4.284726161E2
6.952704853E0	2.162249616E2	-4.301177189E2
6.969458359E0	2.160301739E2	-4.317022934E2
6.986211865E0	2.159460507E2	-4.333293991E2
7.002965371E0	2.154476286E2	-4.342644767E2
7.019718876E0	2.157381492E2	-4.357615330E2
7.036472382E0	2.154267071E2	-4.367539840E2
7.053225888E0	2.148322908E2	-4.375153556E2
7.069979393E0	2.144667827E2	-4.383471138E2
7.086732899E0	2.147442049E2	-4.405955938E2
7.103486405E0	2.149313195E2	-4.423373087E2
7.120239910E0	2.149414800E2	-4.439687408E2
7.136993416E0	2.146782144E2	-4.447982022E2
7.153746922E0	2.139614167E2	-4.456550531E2
7.170500427E0	2.140205315E2	-4.463300322E2
7.187253933E0	2.138392430E2	-4.480495040E2
7.204007439E0	2.137633521E2	-4.513592257E2
7.220760944E0	2.134096833E2	-4.554412805E2
7.237514450E0	2.123285684E2	-4.586677403E2
7.254267956E0	2.121770713E2	-4.618685035E2
7.271021461E0	2.118467148E2	-4.651953551E2
7.287774967E0	2.119658658E2	-4.685250511E2
7.304528473E0	2.119977284E2	-4.709469354E2
7.321281978E0	2.117171372E2	-4.731996265E2
7.338035484E0	2.107406650E2	-4.749094969E2
7.354788990E0	2.098967226E2	-4.774100735E2
7.371542495E0	2.103179158E2	-4.798140963E2
7.388296001E0	2.103230347E2	-4.823081471E2
7.405049507E0	2.106142469E2	-4.846292746E2
7.421803012E0	2.106112163E2	-4.861249427E2
7.438556518E0	2.098266381E2	-4.863554005E2
7.455310024E0	2.097478984E2	-4.872106002E2
7.472063529E0	2.095107159E2	-4.889472301E2
7.488817035E0	2.095511786E2	-4.911923647E2
7.505570541E0	2.088222437E2	-4.928917975E2
7.522324046E0	2.087292639E2	-4.936457496E2
7.539077552E0	2.084031607E2	-4.945682701E2
7.555831058E0	2.086201638E2	-4.954625506E2
7.572584563E0	2.096890581E2	-4.967311894E2
7.589338069E0	2.091844087E2	-4.984452412E2
7.606091575E0	2.082839425E2	-5.001677876E2
7.622845080E0	2.081612331E2	-5.017608650E2
7.639598586E0	2.081837296E2	-5.034018633E2
7.656352092E0	2.085467823E2	-5.050061762E2
7.673105597E0	2.079572955E2	-5.075469679E2
7.689859103E0	2.073986055E2	-5.107676679E2
7.706612609E0	2.070211279E2	-5.148009723E2
7.723366114E0	2.059244601E2	-5.197953424E2
7.740119620E0	2.054257034E2	-5.255138310E2
7.756873126E0	2.050694924E2	-5.295639813E2
7.773626631E0	2.048691439E2	-5.327099716E2
