201-I_row-1_post-17_wire
t	x	y
8.584496306E1	2.175445848E2	-1.469548965E1
8.586171656E1	2.166442587E2	-5.701776154E0
8.587847007E1	2.161938651E2	6.025014039E-1
8.589522358E1	2.166162970E2	4.049346103E0
8.591197708E1	2.173882431E2	5.744333507E0
8.592873059E1	2.173335820E2	7.324817807E0
8.594548409E1	2.163960656E2	9.261796195E0
8.596223760E1	2.158031178E2	1.218067370E1
8.597899110E1	2.154496595E2	1.568228646E1
8.599574461E1	2.158590696E2	1.849992928E1
8.601249812E1	2.164628628E2	1.922097041E1
8.602925162E1	2.159852230E2	1.954462142E1
8.604600513E1	2.156680723E2	1.966830768E1
8.606275863E1	2.158857396E2	1.964199267E1
8.607951214E1	2.161141601E2	1.986027276E1
8.609626564E1	2.162429756E2	2.038865743E1
8.611301915E1	2.155401149E2	2.056106015E1
8.612977265E1	2.147962668E2	2.062161122E1
8.614652616E1	2.149001716E2	2.057805950E1
8.616327967E1	2.155648503E2	2.057039507E1
8.618003317E1	2.163828500E2	2.111204766E1
8.619678668E1	2.163870099E2	2.215293885E1
8.621354018E1	2.156146706E2	2.515185727E1
8.623029369E1	2.146200807E2	3.003553648E1
8.624704719E1	2.149698368E2	3.506379958E1
8.626380070E1	2.158998406E2	4.239078664E1
8.628055421E1	2.161546746E2	4.919180079E1
8.629730771E1	2.158298198E2	5.537113806E1
8.631406122E1	2.143801416E2	6.110720464E1
8.633081472E1	2.135506223E2	6.673123424E1
8.634756823E1	2.136567756E2	7.203363742E1
8.636432173E1	2.150559392E2	7.621227774E1
8.638107524E1	2.157409980E2	7.929568988E1
8.639782875E1	2.158161119E2	8.222561527E1
8.641458225E1	2.144264531E2	8.409041182E1
8.643133576E1	2.136997154E2	8.617924935E1
8.644808926E1	2.133053144E2	8.829540133E1
8.646484277E1	2.140692791E2	9.122143870E1
8.648159627E1	2.148925974E2	9.389590422E1
8.649834978E1	2.150312198E2	9.622143258E1
8.651510329E1	2.144264598E2	9.842673205E1
8.653185679E1	2.139551843E2	1.010728961E2
8.654861030E1	2.135678807E2	1.051575077E2
8.656536380E1	2.141567227E2	1.091501834E2
8.658211731E1	2.137024153E2	1.125719647E2
8.659887081E1	2.137516695E2	1.156708704E2
8.661562432E1	2.136707812E2	1.187580307E2
8.663237783E1	2.134592356E2	1.214372127E2
8.664913133E1	2.131385901E2	1.261511166E2
8.666588484E1	2.129114688E2	1.328053163E2
8.668263834E1	2.124201462E2	1.393170133E2
8.669939185E1	2.125295332E2	1.447102760E2
8.671614535E1	2.127478294E2	1.490398576E2
8.673289886E1	2.131979071E2	1.523635260E2
8.674965236E1	2.130460308E2	1.556918618E2
8.676640587E1	2.116976942E2	1.591555264E2
8.678315938E1	2.108575222E2	1.621219112E2
8.679991288E1	2.104741594E2	1.670325155E2
8.681666639E1	2.113555698E2	1.750149311E2
8.683341989E1	2.119341526E2	1.865508154E2
8.685017340E1	2.115392190E2	1.930154749E2
8.686692690E1	2.101031664E2	1.963132987E2
8.688368041E1	2.087328567E2	1.996206364E2
8.690043392E1	2.094160751E2	2.026473946E2
8.691718742E1	2.101333693E2	2.061377189E2
8.693394093E1	2.109151380E2	2.109418503E2
8.695069443E1	2.098132326E2	2.150373207E2
8.696744794E1	2.085204720E2	2.183398051E2
8.698420144E1	2.079533107E2	2.225069373E2
8.700095495E1	2.086317473E2	2.281989234E2
8.701770846E1	2.090137160E2	2.349883659E2
8.703446196E1	2.083805554E2	2.444965372E2
8.705121547E1	2.068058182E2	2.558001103E2
8.706796897E1	2.054801730E2	2.655208075E2
8.708472248E1	2.050701140E2	2.739729014E2
8.710147598E1	2.055488268E2	2.819791303E2
8.711822949E1	2.054183031E2	2.879094103E2
8.713498300E1	2.044371313E2	2.949595752E2
8.715173650E1	2.029272659E2	3.046298551E2
8.716849001E1	2.021631300E2	3.144293384E2
8.718524351E1	2.020429562E2	3.259311090E2
8.720199702E1	2.023712755E2	3.363684345E2
8.721875052E1	2.010391733E2	3.439572578E2
8.723550403E1	2.007160640E2	3.517350690E2
8.725225753E1	1.987080556E2	3.618436430E2
8.726901104E1	1.982683311E2	3.725212508E2
8.728576455E1	1.978448906E2	3.838492615E2
8.730251805E1	1.971339359E2	3.944473395E2
8.731927156E1	1.950497977E2	4.041630442E2
8.733602506E1	1.933977532E2	4.124287688E2
8.735277857E1	1.935084105E2	4.211741519E2
8.736953207E1	1.929665884E2	4.296266241E2
8.738628558E1	1.925475169E2	4.382817610E2
8.740303909E1	1.904155586E2	4.473133310E2
8.741979259E1	1.883171778E2	4.524240539E2
8.743654610E1	1.884086877E2	4.570225307E2
8.745329960E1	1.887656909E2	4.635413678E2
8.747005311E1	1.883047331E2	4.711411113E2
8.748680661E1	1.880605595E2	4.790305244E2
8.750356012E1	1.855744668E2	4.850669979E2
