201-I_row-1_post-15_ref
t	x	y
5.907286100E1	6.298148230E2	-2.161129295E1
5.908961450E1	6.298135533E2	-1.456898795E1
5.910636801E1	6.297561072E2	-8.497507978E0
5.912312151E1	6.298315905E2	-3.029948915E0
5.913987502E1	6.297408592E2	-7.447510649E-2
5.915662852E1	6.297817080E2	2.812682408E0
5.917338203E1	6.298513712E2	6.071124122E0
5.919013554E1	6.298579552E2	1.000323331E1
5.920688904E1	6.297396254E2	1.475117596E1
5.922364255E1	6.297446064E2	1.910614489E1
5.924039605E1	6.298259615E2	2.178623133E1
5.925714956E1	6.297900083E2	2.386990661E1
5.927390306E1	6.297807339E2	2.532493703E1
5.929065657E1	6.297567909E2	2.697085917E1
5.930741008E1	6.297395586E2	2.888342036E1
5.932416358E1	6.297912859E2	3.210775737E1
5.934091709E1	6.299153555E2	3.697620788E1
5.935767059E1	6.297444838E2	4.443906653E1
5.937442410E1	6.298308710E2	5.286165077E1
5.939117760E1	6.297157573E2	6.383590914E1
5.940793111E1	6.298100482E2	7.384494077E1
5.942468462E1	6.297825738E2	8.272532753E1
5.944143812E1	6.296743006E2	9.137112570E1
5.945819163E1	6.297966487E2	1.005159824E2
5.947494513E1	6.297586784E2	1.081210300E2
5.949169864E1	6.298418298E2	1.165599626E2
5.950845214E1	6.298509878E2	1.234927011E2
5.952520565E1	6.298415447E2	1.305698471E2
5.954195915E1	6.298009079E2	1.382223715E2
5.955871266E1	6.297747021E2	1.466493559E2
5.957546617E1	6.299363874E2	1.558565117E2
5.959221967E1	6.298493189E2	1.642331137E2
5.960897318E1	6.299277373E2	1.711802478E2
5.962572668E1	6.299825037E2	1.758083128E2
5.964248019E1	6.300674852E2	1.799893542E2
5.965923369E1	6.300402190E2	1.867305699E2
5.967598720E1	6.299384616E2	1.958812471E2
5.969274071E1	6.299483484E2	2.064962236E2
5.970949421E1	6.300429119E2	2.162690671E2
5.972624772E1	6.301514596E2	2.234816973E2
5.974300122E1	6.300849537E2	2.303945607E2
5.975975473E1	6.301044689E2	2.380922069E2
5.977650823E1	6.302507393E2	2.466164287E2
5.979326174E1	6.304686490E2	2.568039940E2
5.981001525E1	6.304570403E2	2.655936238E2
5.982676875E1	6.305022570E2	2.727804358E2
5.984352226E1	6.307121789E2	2.791718784E2
5.986027576E1	6.306314072E2	2.844138754E2
5.987702927E1	6.307585695E2	2.901664842E2
5.989378277E1	6.307298072E2	2.965653031E2
5.991053628E1	6.308268985E2	3.027468470E2
5.992728979E1	6.308525771E2	3.091725137E2
5.994404329E1	6.308646445E2	3.151591998E2
5.996079680E1	6.310088262E2	3.198032341E2
5.997755030E1	6.308455900E2	3.233673283E2
5.999430381E1	6.308395026E2	3.273351589E2
6.001105731E1	6.308561300E2	3.306252661E2
6.002781082E1	6.309142732E2	3.337095128E2
6.004456433E1	6.307118900E2	3.375776648E2
6.006131783E1	6.309462932E2	3.420654579E2
6.007807134E1	6.307957395E2	3.472032543E2
6.009482484E1	6.307039551E2	3.515918617E2
6.011157835E1	6.309901853E2	3.549191254E2
6.012833185E1	6.309537733E2	3.587791456E2
6.014508536E1	6.309121212E2	3.631999933E2
6.016183886E1	6.307879843E2	3.678375345E2
6.017859237E1	6.307860968E2	3.735368629E2
6.019534588E1	6.308056046E2	3.780510707E2
6.021209938E1	6.310085748E2	3.820912758E2
6.022885289E1	6.310691348E2	3.864346361E2
6.024560639E1	6.312937718E2	3.922567277E2
6.026235990E1	6.310939541E2	3.973499739E2
6.027911340E1	6.313711190E2	4.022738268E2
6.029586691E1	6.314090147E2	4.079540548E2
6.031262042E1	6.315101915E2	4.145130176E2
6.032937392E1	6.314388869E2	4.208574632E2
6.034612743E1	6.316311008E2	4.254223087E2
6.036288093E1	6.315183467E2	4.298266323E2
6.037963444E1	6.315458190E2	4.339305610E2
6.039638794E1	6.317878009E2	4.377142295E2
6.041314145E1	6.315807715E2	4.412271039E2
6.042989496E1	6.315588466E2	4.441483269E2
6.044664846E1	6.315132567E2	4.464312149E2
6.046340197E1	6.314812639E2	4.479309082E2
6.048015547E1	6.315355853E2	4.494771722E2
6.049690898E1	6.316628324E2	4.519676751E2
6.051366248E1	6.315545362E2	4.536554821E2
6.053041599E1	6.318496624E2	4.557527602E2
6.054716950E1	6.317498233E2	4.582623973E2
6.056392300E1	6.316042279E2	4.610824513E2
6.058067651E1	6.316083690E2	4.633138941E2
6.059743001E1	6.315933750E2	4.658743979E2
6.061418352E1	6.315854408E2	4.678202905E2
6.063093702E1	6.316940171E2	4.692547145E2
6.064769053E1	6.317428267E2	4.703602769E2
6.066444403E1	6.315536136E2	4.714143389E2
6.068119754E1	6.317381880E2	4.725292042E2
6.069795105E1	6.315009381E2	4.740211560E2
6.071470455E1	6.315107191E2	4.755670188E2
6.073145806E1	6.315038064E2	4.762652111E2
6.074821156E1	6.315365454E2	4.770135115E2
6.076496507E1	6.316928928E2	4.780043090E2
6.078171857E1	6.316025957E2	4.788270738E2
6.079847208E1	6.314479812E2	4.804402149E2
6.081522559E1	6.315290318E2	4.818566468E2
6.083197909E1	6.315352533E2	4.828547051E2
6.084873260E1	6.315199301E2	4.831310288E2
6.086548610E1	6.314881471E2	4.838652772E2
6.088223961E1	6.315967029E2	4.842797948E2
6.089899311E1	6.315566385E2	4.853317873E2
6.091574662E1	6.315515830E2	4.864636768E2
6.093250013E1	6.315154575E2	4.879448770E2
6.094925363E1	6.316022120E2	4.902814083E2
6.096600714E1	6.314729433E2	4.922354771E2
6.098276064E1	6.314517460E2	4.943127264E2
6.099951415E1	6.315930465E2	4.955951221E2
6.101626765E1	6.316865541E2	4.969179458E2
6.103302116E1	6.314911882E2	4.981609012E2
6.104977467E1	6.315327851E2	4.992887455E2
6.106652817E1	6.315245994E2	5.003220444E2
6.108328168E1	6.315703068E2	5.015580674E2
6.110003518E1	6.314729583E2	5.024897179E2
6.111678869E1	6.315128816E2	5.031846094E2
6.113354219E1	6.314403617E2	5.034130607E2
6.115029570E1	6.315753123E2	5.037087823E2
6.116704921E1	6.316340148E2	5.047961855E2
6.118380271E1	6.315595899E2	5.064454473E2
6.120055622E1	6.315778135E2	5.089352313E2
6.121730972E1	6.314108320E2	5.108735771E2
6.123406323E1	6.314082653E2	5.116742891E2
6.125081673E1	6.314281494E2	5.122606824E2
6.126757024E1	6.314959377E2	5.137473082E2
6.128432374E1	6.314492053E2	5.148315253E2
6.130107725E1	6.315786937E2	5.164105894E2
6.131783076E1	6.314640503E2	5.185557456E2
6.133458426E1	6.314874363E2	5.203934903E2
6.135133777E1	6.315406275E2	5.219158499E2
6.136809127E1	6.314795387E2	5.228096050E2
6.138484478E1	6.315874266E2	5.243026416E2
6.140159828E1	6.315093888E2	5.248998597E2
6.141835179E1	6.316004804E2	5.260320659E2
6.143510530E1	6.315506009E2	5.280015057E2
6.145185880E1	6.316073389E2	5.307685826E2
6.146861231E1	6.313854636E2	5.325668497E2
6.148536581E1	6.315780424E2	5.333016029E2
6.150211932E1	6.315461102E2	5.341126047E2
6.151887282E1	6.314575294E2	5.350889431E2
6.153562633E1	6.314990144E2	5.367968396E2
6.155237984E1	6.315515903E2	5.390965379E2
6.156913334E1	6.315378429E2	5.418634535E2
6.158588685E1	6.314759650E2	5.444308650E2
6.160264035E1	6.315826995E2	5.463749778E2
6.161939386E1	6.317395310E2	5.481777440E2
6.163614736E1	6.315859654E2	5.501305586E2
6.165290087E1	6.316584107E2	5.527713306E2
6.166965438E1	6.315067549E2	5.562515438E2
6.168640788E1	6.317632565E2	5.602526118E2
6.170316139E1	6.316416366E2	5.636623069E2
6.171991489E1	6.315177500E2	5.675676321E2
6.173666840E1	6.315760867E2	5.701906866E2
6.175342190E1	6.315903574E2	5.723885790E2
6.177017541E1	6.316025182E2	5.742263475E2
6.178692891E1	6.316219343E2	5.757346798E2
6.180368242E1	6.314578577E2	5.780315020E2
6.182043593E1	6.315859741E2	5.813944602E2
6.183718943E1	6.314958430E2	5.862519084E2
6.185394294E1	6.315763721E2	5.919619604E2
6.187069644E1	6.318448903E2	5.960314015E2
6.188744995E1	6.316594978E2	5.988437297E2
6.190420345E1	6.314467004E2	6.005306194E2
6.192095696E1	6.315275330E2	6.017980857E2
6.193771047E1	6.314387407E2	6.032434735E2
