201-I_row-1_post-19_ref
t	x	y
1.902663729E1	4.558716648E2	5.983995600E0
1.904332732E1	4.557865622E2	1.018389240E1
1.906001736E1	4.559363406E2	1.407780734E1
1.907670739E1	4.557637910E2	1.668973222E1
1.909339742E1	4.557981179E2	1.831314432E1
1.911008746E1	4.558210834E2	2.074045941E1
1.912677749E1	4.557922178E2	2.602497719E1
1.914346752E1	4.557632914E2	3.452331130E1
1.916015755E1	4.558803285E2	4.092013103E1
1.917684759E1	4.557896753E2	4.327910992E1
1.919353762E1	4.558042343E2	4.368652017E1
1.921022765E1	4.557990211E2	4.398770316E1
1.922691768E1	4.558854284E2	4.402696707E1
1.924360772E1	4.559094040E2	4.431626724E1
1.926029775E1	4.558724772E2	4.430376206E1
1.927698778E1	4.559401215E2	4.422677113E1
1.929367782E1	4.557855420E2	4.428876558E1
1.931036785E1	4.558421903E2	4.421988053E1
1.932705788E1	4.558002973E2	4.429627299E1
1.934374791E1	4.557097039E2	4.438556887E1
1.936043795E1	4.558067522E2	4.430736411E1
1.937712798E1	4.557755832E2	4.419781022E1
1.939381801E1	4.559000453E2	4.422819811E1
1.941050804E1	4.557920243E2	4.425156155E1
1.942719808E1	4.558974709E2	4.424941132E1
1.944388811E1	4.559144184E2	4.430521567E1
1.946057814E1	4.558973489E2	4.428026746E1
1.947726818E1	4.559099336E2	4.428477534E1
1.949395821E1	4.558879387E2	4.428418054E1
1.951064824E1	4.559585519E2	4.435093781E1
1.952733827E1	4.559254086E2	4.433917190E1
1.954402831E1	4.558584585E2	4.426225892E1
1.956071834E1	4.559264163E2	4.422817469E1
1.957740837E1	4.558388825E2	4.421536424E1
1.959409840E1	4.558795518E2	4.515035105E1
1.961078844E1	4.559500690E2	5.134181073E1
1.962747847E1	4.558750522E2	6.579365040E1
1.964416850E1	4.559042754E2	9.119046416E1
1.966085854E1	4.559745237E2	1.221480567E2
1.967754857E1	4.560529357E2	1.428138090E2
1.969423860E1	4.559341122E2	1.546958063E2
1.971092863E1	4.559863692E2	1.620268686E2
1.972761867E1	4.560297260E2	1.695575946E2
1.974430870E1	4.559878493E2	1.782313869E2
1.976099873E1	4.560382938E2	1.867388944E2
1.977768876E1	4.560385852E2	1.944776514E2
1.979437880E1	4.561168587E2	2.002411259E2
1.981106883E1	4.563908040E2	2.061288962E2
1.982775886E1	4.565674152E2	2.117740349E2
1.984444890E1	4.563533230E2	2.183167701E2
1.986113893E1	4.565779894E2	2.242970429E2
1.987782896E1	4.565379358E2	2.304886478E2
1.989451899E1	4.566213230E2	2.334233618E2
1.991120903E1	4.567303713E2	2.353890044E2
1.992789906E1	4.567027264E2	2.372018751E2
1.994458909E1	4.566663480E2	2.395955568E2
1.996127912E1	4.566656020E2	2.420964011E2
1.997796916E1	4.566308144E2	2.460625647E2
1.999465919E1	4.567143176E2	2.499495418E2
2.001134922E1	4.566741896E2	2.529417112E2
2.002803925E1	4.567293614E2	2.552016050E2
2.004472929E1	4.568568328E2	2.579490505E2
2.006141932E1	4.567435115E2	2.627406639E2
2.007810935E1	4.565876630E2	2.687853108E2
2.009479939E1	4.566306423E2	2.745926055E2
2.011148942E1	4.567500886E2	2.794180192E2
2.012817945E1	4.567778880E2	2.828852760E2
2.014486948E1	4.567925078E2	2.860711135E2
2.016155952E1	4.568355701E2	2.886794328E2
2.017824955E1	4.568031541E2	2.916117640E2
2.019493958E1	4.568111369E2	2.949855956E2
2.021162961E1	4.569185856E2	2.988068657E2
2.022831965E1	4.567506142E2	3.049885611E2
2.024500968E1	4.569199198E2	3.127429868E2
2.026169971E1	4.568108969E2	3.213061636E2
2.027838975E1	4.568704529E2	3.301078155E2
2.029507978E1	4.572066588E2	3.381113921E2
2.031176981E1	4.572877708E2	3.461859716E2
2.032845984E1	4.572696090E2	3.543126608E2
2.034514988E1	4.573494934E2	3.618173980E2
2.036183991E1	4.574560083E2	3.679777942E2
2.037852994E1	4.575067635E2	3.738063705E2
2.039521997E1	4.575469526E2	3.794492769E2
2.041191001E1	4.578163643E2	3.843911008E2
2.042860004E1	4.578106925E2	3.892209696E2
2.044529007E1	4.577864003E2	3.950609574E2
2.046198011E1	4.576225315E2	4.015755786E2
2.047867014E1	4.575952164E2	4.082052113E2
2.049536017E1	4.575690538E2	4.127328125E2
2.051205020E1	4.575450719E2	4.162516395E2
2.052874024E1	4.576348312E2	4.198381674E2
2.054543027E1	4.577828871E2	4.251073646E2
2.056212030E1	4.577228324E2	4.316128373E2
2.057881033E1	4.578475849E2	4.373798116E2
2.059550037E1	4.579241939E2	4.424967222E2
2.061219040E1	4.578598355E2	4.464239321E2
2.062888043E1	4.579026356E2	4.507212358E2
2.064557047E1	4.580219370E2	4.559583164E2
2.066226050E1	4.580594347E2	4.626583828E2
2.067895053E1	4.581137222E2	4.700700117E2
2.069564056E1	4.581779059E2	4.759154467E2
2.071233060E1	4.582897669E2	4.803374182E2
2.072902063E1	4.583040474E2	4.832712754E2
2.074571066E1	4.583654537E2	4.862569156E2
2.076240069E1	4.584306803E2	4.885687636E2
2.077909073E1	4.582491237E2	4.898853190E2
2.079578076E1	4.582873288E2	4.918336859E2
2.081247079E1	4.582924443E2	4.943722907E2
2.082916083E1	4.584309879E2	4.969273099E2
2.084585086E1	4.583684526E2	4.991545185E2
2.086254089E1	4.584138061E2	5.015038944E2
2.087923092E1	4.583596320E2	5.048576087E2
2.089592096E1	4.584541541E2	5.086877448E2
2.091261099E1	4.582537820E2	5.142218317E2
2.092930102E1	4.584759741E2	5.198500531E2
2.094599105E1	4.584176654E2	5.249216234E2
2.096268109E1	4.585425356E2	5.286079667E2
2.097937112E1	4.585590477E2	5.318731056E2
2.099606115E1	4.584873870E2	5.360669822E2
2.101275118E1	4.586889259E2	5.411386018E2
2.102944122E1	4.583888909E2	5.481750408E2
2.104613125E1	4.584857810E2	5.585759515E2
2.106282128E1	4.583661951E2	5.684113953E2
2.107951132E1	4.584509218E2	5.757725827E2
2.109620135E1	4.584580004E2	5.805470666E2
2.111289138E1	4.584462513E2	5.840283379E2
2.112958141E1	4.584172102E2	5.879352761E2
2.114627145E1	4.584264713E2	5.930688402E2
2.116296148E1	4.586238074E2	5.988963204E2
2.117965151E1	4.584241230E2	6.046671570E2
2.119634154E1	4.585590859E2	6.096377526E2
2.121303158E1	4.583951276E2	6.142622424E2
2.122972161E1	4.584063476E2	6.206846360E2
2.124641164E1	4.584960261E2	6.288441106E2
2.126310168E1	4.586554775E2	6.387724066E2
2.127979171E1	4.586212925E2	6.484094104E2
2.129648174E1	4.585629837E2	6.572759424E2
2.131317177E1	4.584403690E2	6.646706350E2
2.132986181E1	4.584695673E2	6.707556929E2
2.134655184E1	4.582735503E2	6.758035237E2
2.136324187E1	4.582539653E2	6.803990687E2
2.137993190E1	4.582953486E2	6.850552254E2
2.139662194E1	4.584291789E2	6.907437195E2
2.141331197E1	4.580846546E2	6.962517466E2
2.143000200E1	4.582675315E2	7.003047570E2
2.144669204E1	4.583127440E2	7.028992962E2
2.146338207E1	4.583441501E2	7.054856337E2
2.148007210E1	4.582638104E2	7.094107465E2
2.149676213E1	4.584326402E2	7.162899791E2
2.151345217E1	4.584480260E2	7.257879842E2
2.153014220E1	4.583277757E2	7.363702384E2
2.154683223E1	4.582870261E2	7.455625828E2
2.156352226E1	4.584035492E2	7.548943980E2
2.158021230E1	4.583023592E2	7.633230426E2
2.159690233E1	4.582238865E2	7.702840297E2
2.161359236E1	4.582673853E2	7.745510553E2
2.163028240E1	4.582801168E2	7.773533760E2
2.164697243E1	4.582215437E2	7.790698849E2
2.166366246E1	4.583037365E2	7.802084570E2
2.168035249E1	4.580455044E2	7.808010832E2
2.169704253E1	4.581768945E2	7.811131799E2
2.171373256E1	4.582049719E2	7.812334688E2
2.173042259E1	4.582513594E2	7.811979873E2
2.174711262E1	4.582797258E2	7.811988234E2
2.176380266E1	4.581335830E2	7.812735365E2
2.178049269E1	4.582669867E2	7.811044268E2
2.179718272E1	4.581799732E2	7.811396325E2
2.181387276E1	4.582329173E2	7.812775328E2
2.183056279E1	4.581664998E2	7.814480015E2
2.184725282E1	4.582806594E2	7.814190596E2
2.186394285E1	4.582671205E2	7.812166682E2
2.188063289E1	4.582332959E2	7.812052425E2
2.189732292E1	4.583932895E2	7.813269060E2
2.191401295E1	4.582764158E2	7.811447204E2
2.193070298E1	4.581495152E2	7.815468510E2
2.194739302E1	4.583666114E2	7.811032670E2
2.196408305E1	4.583045563E2	7.811004138E2
2.198077308E1	4.582682769E2	7.810873069E2
2.199746312E1	4.584256161E2	7.811013096E2
2.201415315E1	4.584311180E2	7.807846590E2
2.203084318E1	4.584770029E2	7.804017472E2
2.204753321E1	4.583748873E2	7.801854526E2
2.206422325E1	4.583849588E2	7.799687564E2
2.208091328E1	4.586140215E2	7.793547959E2
2.209760331E1	4.590243172E2	7.785257510E2
2.211429334E1	4.593980039E2	7.774067064E2
2.213098338E1	4.600708568E2	7.761095523E2
2.214767341E1	4.615648146E2	7.746372297E2
2.216436344E1	4.650132499E2	7.727553354E2
2.218105347E1	4.700855155E2	7.714505848E2
2.219774351E1	4.746433396E2	7.709167705E2
2.221443354E1	4.794442465E2	7.706549773E2
2.223112357E1	4.854173164E2	7.707855276E2
2.224781361E1	4.928286335E2	7.710912490E2
2.226450364E1	5.045583033E2	7.711835430E2
