201-I_row-1_post-11_wire
t	x	y
7.807133643E0	1.518122424E3	-7.866868984E2
7.823887148E0	1.518107786E3	-7.882643945E2
7.840640654E0	1.517910315E3	-7.897724850E2
7.857394160E0	1.517748430E3	-7.909176320E2
7.874147665E0	1.518030972E3	-7.917887431E2
7.890901171E0	1.518351173E3	-7.924747512E2
7.907654677E0	1.518538969E3	-7.929000578E2
7.924408182E0	1.518315764E3	-7.932986579E2
7.941161688E0	1.517763442E3	-7.938322205E2
7.957915194E0	1.517667239E3	-7.943275635E2
7.974668699E0	1.517834382E3	-7.950209932E2
7.991422205E0	1.518312294E3	-7.955476518E2
8.008175711E0	1.518622767E3	-7.956407286E2
8.024929216E0	1.518161718E3	-7.958844061E2
8.041682722E0	1.517901303E3	-7.955639285E2
8.058436228E0	1.517456906E3	-7.953889522E2
8.075189733E0	1.517540718E3	-7.955928139E2
8.091943239E0	1.517786011E3	-7.954657701E2
8.108696745E0	1.517859664E3	-7.954116442E2
8.125450250E0	1.518036143E3	-7.955850683E2
8.142203756E0	1.518009447E3	-7.955813091E2
8.158957262E0	1.518096388E3	-7.956547419E2
8.175710767E0	1.518057551E3	-7.956505617E2
8.192464273E0	1.518055657E3	-7.955608241E2
8.209217779E0	1.518096257E3	-7.955922255E2
8.225971284E0	1.518114330E3	-7.956637753E2
8.242724790E0	1.518185984E3	-7.956253784E2
8.259478296E0	1.518306934E3	-7.957152628E2
8.276231802E0	1.518143188E3	-7.955287285E2
8.292985307E0	1.517870387E3	-7.952683106E2
8.309738813E0	1.517548691E3	-7.951224291E2
8.326492319E0	1.517902469E3	-7.948796465E2
8.343245824E0	1.518057538E3	-7.949355202E2
8.359999330E0	1.518168438E3	-7.953084664E2
8.376752836E0	1.518179440E3	-7.950318605E2
8.393506341E0	1.518052868E3	-7.947698390E2
8.410259847E0	1.517969715E3	-7.949234651E2
8.427013353E0	1.518135405E3	-7.947841670E2
8.443766858E0	1.518146024E3	-7.948263930E2
8.460520364E0	1.518239564E3	-7.948341027E2
8.477273870E0	1.518042643E3	-7.947809518E2
8.494027375E0	1.518065905E3	-7.947728940E2
8.510780881E0	1.518051179E3	-7.943779794E2
8.527534387E0	1.518057030E3	-7.945596210E2
8.544287892E0	1.518145130E3	-7.945412014E2
8.561041398E0	1.518214475E3	-7.945752270E2
8.577794904E0	1.518218184E3	-7.946432653E2
8.594548409E0	1.518089134E3	-7.946266702E2
8.611301915E0	1.518072073E3	-7.942692837E2
8.628055421E0	1.518095954E3	-7.941841064E2
8.644808926E0	1.518128607E3	-7.942234614E2
8.661562432E0	1.518322657E3	-7.939953198E2
8.678315938E0	1.518179305E3	-7.939333502E2
8.695069443E0	1.518122540E3	-7.934829216E2
8.711822949E0	1.517849174E3	-7.929111794E2
