201-I_row-1_post-15_wire
t	x	y
5.907286100E1	2.194180693E2	-9.575347498E0
5.908961450E1	2.192101388E2	-3.016840656E0
5.910636801E1	2.186531480E2	2.731899499E0
5.912312151E1	2.183360034E2	7.815338351E0
5.913987502E1	2.181098216E2	1.080957716E1
5.915662852E1	2.181931134E2	1.351124089E1
5.917338203E1	2.185449799E2	1.652576364E1
5.919013554E1	2.188229041E2	2.011767634E1
5.920688904E1	2.189692996E2	2.462877967E1
5.922364255E1	2.187051429E2	2.872153134E1
5.924039605E1	2.182918514E2	3.125347917E1
5.925714956E1	2.177438126E2	3.314823733E1
5.927390306E1	2.177976748E2	3.447309977E1
5.929065657E1	2.183757892E2	3.605299923E1
5.930741008E1	2.186331454E2	3.779206904E1
5.932416358E1	2.180525187E2	4.092732211E1
5.934091709E1	2.172419688E2	4.535414932E1
5.935767059E1	2.165300226E2	5.236408053E1
5.937442410E1	2.170568232E2	6.051243883E1
5.939117760E1	2.178143377E2	7.101654401E1
5.940793111E1	2.184599807E2	8.066002472E1
5.942468462E1	2.175204020E2	8.906436554E1
5.944143812E1	2.160048356E2	9.717316437E1
5.945819163E1	2.153509321E2	1.058474649E2
5.947494513E1	2.152533912E2	1.132620512E2
5.949169864E1	2.153560421E2	1.211845707E2
5.950845214E1	2.162467768E2	1.278844989E2
5.952520565E1	2.156175892E2	1.345935390E2
5.954195915E1	2.148610348E2	1.419985651E2
5.955871266E1	2.145468745E2	1.499177375E2
5.957546617E1	2.145141422E2	1.588382250E2
5.959221967E1	2.143847760E2	1.669820375E2
5.960897318E1	2.141919004E2	1.736860487E2
5.962572668E1	2.137012934E2	1.779294874E2
5.964248019E1	2.137112409E2	1.819400896E2
5.965923369E1	2.137047594E2	1.883925581E2
5.967598720E1	2.136101648E2	1.971663917E2
5.969274071E1	2.126901034E2	2.071955196E2
5.970949421E1	2.119012739E2	2.163387293E2
5.972624772E1	2.119625104E2	2.233907634E2
5.974300122E1	2.116084564E2	2.299875817E2
5.975975473E1	2.115517272E2	2.373027656E2
5.977650823E1	2.112796156E2	2.454514683E2
5.979326174E1	2.105309938E2	2.551547358E2
5.981001525E1	2.093882221E2	2.634535458E2
5.982676875E1	2.091297997E2	2.704833495E2
5.984352226E1	2.085309484E2	2.765279867E2
5.986027576E1	2.080403487E2	2.814262092E2
5.987702927E1	2.083509913E2	2.869798063E2
5.989378277E1	2.077295024E2	2.930575502E2
5.991053628E1	2.080985430E2	2.991620299E2
5.992728979E1	2.070735826E2	3.050299708E2
5.994404329E1	2.061843025E2	3.106941325E2
5.996079680E1	2.066466386E2	3.153888493E2
5.997755030E1	2.062459253E2	3.188396274E2
5.999430381E1	2.070339933E2	3.228736616E2
6.001105731E1	2.071348702E2	3.261235492E2
6.002781082E1	2.059025573E2	3.287355731E2
6.004456433E1	2.055303520E2	3.325068086E2
6.006131783E1	2.049124690E2	3.367463598E2
6.007807134E1	2.049670433E2	3.416422085E2
6.009482484E1	2.048371919E2	3.457916202E2
6.011157835E1	2.047812202E2	3.490039743E2
6.012833185E1	2.036735831E2	3.523452572E2
6.014508536E1	2.027184459E2	3.564992233E2
6.016183886E1	2.032957292E2	3.610514583E2
6.017859237E1	2.036983495E2	3.667556990E2
6.019534588E1	2.030183353E2	3.709648438E2
6.021209938E1	2.029275981E2	3.749936080E2
6.022885289E1	2.023655414E2	3.790010733E2
6.024560639E1	2.013568669E2	3.842797366E2
6.026235990E1	2.027827467E2	3.896882742E2
6.027911340E1	2.031854180E2	3.944926513E2
6.029586691E1	2.010915864E2	3.995708492E2
6.031262042E1	1.992873739E2	4.052963947E2
6.032937392E1	1.995444048E2	4.116815990E2
6.034612743E1	1.995870481E2	4.159987876E2
6.036288093E1	2.012465446E2	4.206202581E2
6.037963444E1	2.012597393E2	4.246442946E2
6.039638794E1	1.997421417E2	4.279356829E2
6.041314145E1	1.981345425E2	4.304257850E2
6.042989496E1	1.977111282E2	4.328924440E2
6.044664846E1	1.986012993E2	4.353500741E2
6.046340197E1	1.990897228E2	4.370429615E2
6.048015547E1	1.990189926E2	4.386278283E2
6.049690898E1	1.973376907E2	4.403748626E2
6.051366248E1	1.965244118E2	4.410948078E2
6.053041599E1	1.966032350E2	4.427746115E2
6.054716950E1	1.971987645E2	4.452999280E2
6.056392300E1	1.979714357E2	4.484155991E2
6.058067651E1	1.968692931E2	4.501603660E2
6.059743001E1	1.965145142E2	4.525084435E2
6.061418352E1	1.963363684E2	4.540942436E2
6.063093702E1	1.957453607E2	4.549972019E2
6.064769053E1	1.956025659E2	4.558354509E2
6.066444403E1	1.950735261E2	4.567095173E2
6.068119754E1	1.963631620E2	4.581662244E2
6.069795105E1	1.964445017E2	4.597891834E2
6.071470455E1	1.966898198E2	4.613074508E2
6.073145806E1	1.956418239E2	4.614660488E2
6.074821156E1	1.947037909E2	4.615269085E2
6.076496507E1	1.948973763E2	4.622759255E2
6.078171857E1	1.949953671E2	4.631430946E2
6.079847208E1	1.951379591E2	4.647609572E2
6.081522559E1	1.958571144E2	4.662617896E2
6.083197909E1	1.952030121E2	4.670610755E2
6.084873260E1	1.944481123E2	4.670181581E2
6.086548610E1	1.933044664E2	4.672448800E2
6.088223961E1	1.945453594E2	4.678740959E2
6.089899311E1	1.944428489E2	4.687920501E2
6.091574662E1	1.941323013E2	4.697601141E2
6.093250013E1	1.940681852E2	4.712753473E2
6.094925363E1	1.940599783E2	4.735955166E2
6.096600714E1	1.925279535E2	4.745340856E2
6.098276064E1	1.924339950E2	4.761293191E2
6.099951415E1	1.923284090E2	4.770327502E2
6.101626765E1	1.933633381E2	4.785590565E2
6.103302116E1	1.942075750E2	4.800246419E2
6.104977467E1	1.934456594E2	4.809911181E2
6.106652817E1	1.927050476E2	4.817798054E2
6.108328168E1	1.921099935E2	4.825516132E2
6.110003518E1	1.920749995E2	4.832756113E2
6.111678869E1	1.916396857E2	4.836128648E2
6.113354219E1	1.926479284E2	4.842472355E2
6.115029570E1	1.925016036E2	4.843110238E2
6.116704921E1	1.918589032E2	4.851014385E2
6.118380271E1	1.916305439E2	4.866890973E2
6.120055622E1	1.918587669E2	4.889864158E2
6.121730972E1	1.916363844E2	4.907493788E2
6.123406323E1	1.915843412E2	4.916178568E2
6.125081673E1	1.918083665E2	4.923583752E2
6.126757024E1	1.909015274E2	4.933202286E2
6.128432374E1	1.901291570E2	4.941276300E2
6.130107725E1	1.906407564E2	4.956498371E2
6.131783076E1	1.901664466E2	4.972300860E2
6.133458426E1	1.902089977E2	4.989122445E2
6.135133777E1	1.909872289E2	5.005264920E2
6.136809127E1	1.908739818E2	5.013956249E2
6.138484478E1	1.899194852E2	5.023372804E2
6.140159828E1	1.885368933E2	5.023107545E2
6.141835179E1	1.884943186E2	5.030239072E2
6.143510530E1	1.883596344E2	5.047465590E2
6.145185880E1	1.901909656E2	5.077991017E2
6.146861231E1	1.900288273E2	5.095182166E2
6.148536581E1	1.899620124E2	5.102215185E2
6.150211932E1	1.883175933E2	5.103502815E2
6.151887282E1	1.878465375E2	5.111056236E2
6.153562633E1	1.884559384E2	5.127666179E2
6.155237984E1	1.892601310E2	5.151405111E2
6.156913334E1	1.886313990E2	5.176095140E2
6.158588685E1	1.869276291E2	5.193787989E2
6.160264035E1	1.868934562E2	5.209291850E2
6.161939386E1	1.869401103E2	5.225572615E2
6.163614736E1	1.868921480E2	5.242024899E2
