202-I_row-4_post-24_wire
t	x	y
1.482217067E2	9.024298605E1	3.053815334E1
1.482383964E2	9.048673640E1	3.137081048E1
1.482550862E2	9.128254011E1	3.222779954E1
1.482717760E2	9.124965521E1	3.364345067E1
1.482884657E2	9.042887692E1	3.460391006E1
1.483051555E2	8.953640185E1	3.470829188E1
1.483218452E2	8.941822270E1	3.468521156E1
1.483385350E2	9.030585118E1	3.472443044E1
1.483552247E2	9.128847800E1	3.468402491E1
1.483719145E2	9.136142414E1	3.543677226E1
1.483886042E2	9.037129354E1	3.648436100E1
1.484052940E2	8.932336090E1	3.786316242E1
1.484219837E2	8.887472364E1	3.892757402E1
1.484386735E2	8.952396038E1	4.048636602E1
1.484553633E2	9.037991699E1	4.122722460E1
1.484720530E2	9.105574206E1	4.198637927E1
1.484887428E2	9.072865308E1	4.246946759E1
1.485054325E2	9.016950706E1	4.282256439E1
1.485221223E2	8.963578616E1	4.311450664E1
1.485388120E2	8.952331780E1	4.372032757E1
1.485555018E2	8.993811195E1	4.452135929E1
1.485721915E2	9.032864862E1	4.525276861E1
1.485888813E2	9.053232337E1	4.538267134E1
1.486055710E2	9.054868470E1	4.549732135E1
1.486222608E2	9.012125291E1	4.630099432E1
1.486389505E2	8.984869701E1	4.771544259E1
1.486556403E2	8.983984886E1	4.940965210E1
1.486723301E2	9.009894125E1	5.106385848E1
1.486890198E2	9.033055864E1	5.203372479E1
1.487057096E2	9.081415363E1	5.394987785E1
1.487223993E2	9.085939143E1	5.700431071E1
1.487390891E2	9.068047520E1	6.009005947E1
1.487557788E2	9.000888237E1	6.252283287E1
1.487724686E2	8.965973137E1	6.437174288E1
1.487891583E2	8.991317151E1	6.750392499E1
1.488058481E2	9.074353065E1	7.151951242E1
1.488225378E2	9.163512677E1	7.616915191E1
1.488392276E2	9.173828648E1	8.064752835E1
1.488559174E2	9.092740128E1	8.653945390E1
1.488726071E2	8.997962849E1	9.211058021E1
1.488892969E2	8.976959716E1	9.599393461E1
1.489059866E2	9.022220318E1	1.003528297E2
1.489226764E2	9.093819646E1	1.053128150E2
1.489393661E2	9.109948072E1	1.095735938E2
1.489560559E2	9.060268938E1	1.139608387E2
1.489727456E2	8.951102970E1	1.176085043E2
1.489894354E2	8.918371953E1	1.215404573E2
1.490061251E2	8.962836609E1	1.249362296E2
1.490228149E2	9.021444857E1	1.298188537E2
1.490395046E2	9.063120521E1	1.347605151E2
1.490561944E2	9.025549190E1	1.388765991E2
1.490728842E2	8.975603272E1	1.428603333E2
1.490895739E2	8.923113553E1	1.471001718E2
1.491062637E2	8.859248752E1	1.504909810E2
1.491229534E2	8.874005081E1	1.522689646E2
1.491396432E2	8.925938139E1	1.537007229E2
1.491563329E2	8.962607941E1	1.545918714E2
1.491730227E2	8.996798244E1	1.561437747E2
1.491897124E2	9.002326911E1	1.577747565E2
1.492064022E2	8.927647016E1	1.593281629E2
1.492230919E2	8.817255335E1	1.596157331E2
1.492397817E2	8.844570226E1	1.609089035E2
1.492564715E2	8.927306519E1	1.618157728E2
1.492731612E2	9.032139073E1	1.627682763E2
1.492898510E2	9.056474992E1	1.648541070E2
1.493065407E2	8.960728222E1	1.675497426E2
1.493232305E2	8.868404172E1	1.706173904E2
1.493399202E2	8.798311135E1	1.733916197E2
1.493566100E2	8.861724758E1	1.756698190E2
1.493732997E2	8.943726034E1	1.775384924E2
1.493899895E2	8.982852568E1	1.800203441E2
1.494066792E2	8.932929891E1	1.846762224E2
1.494233690E2	8.859785105E1	1.904705734E2
1.494400587E2	8.773853528E1	1.948272860E2
1.494567485E2	8.780100144E1	1.971787131E2
1.494734383E2	8.777692751E1	1.989452959E2
1.494901280E2	8.834835076E1	2.021885760E2
1.495068178E2	8.863214987E1	2.063275592E2
1.495235075E2	8.840405361E1	2.096070337E2
1.495401973E2	8.771678083E1	2.119710775E2
1.495568870E2	8.689517550E1	2.141831164E2
1.495735768E2	8.682656578E1	2.169374772E2
1.495902665E2	8.760936117E1	2.194457431E2
1.496069563E2	8.836050923E1	2.218886363E2
1.496236460E2	8.785753464E1	2.245999133E2
1.496403358E2	8.718666332E1	2.289468099E2
1.496570256E2	8.588954892E1	2.325588564E2
1.496737153E2	8.613887826E1	2.349278163E2
1.496904051E2	8.679188897E1	2.364967726E2
1.497070948E2	8.724593219E1	2.391519165E2
1.497237846E2	8.693297394E1	2.426669577E2
1.497404743E2	8.640613223E1	2.456593499E2
1.497571641E2	8.587799541E1	2.487966231E2
1.497738538E2	8.541813653E1	2.521434630E2
1.497905436E2	8.513438324E1	2.555889134E2
1.498072333E2	8.606765197E1	2.578955705E2
1.498239231E2	8.624310479E1	2.603043004E2
1.498406128E2	8.615665752E1	2.621110198E2
1.498573026E2	8.595127217E1	2.635750102E2
1.498739924E2	8.581802451E1	2.650921595E2
1.498906821E2	8.527524070E1	2.669894334E2
1.499073719E2	8.535768122E1	2.686413149E2
1.499240616E2	8.553646643E1	2.702477948E2
1.499407514E2	8.595987787E1	2.725739107E2
1.499574411E2	8.530295402E1	2.755097689E2
1.499741309E2	8.483635810E1	2.794182441E2
1.499908206E2	8.376254688E1	2.845328725E2
1.500075104E2	8.369369795E1	2.907850596E2
1.500242001E2	8.344779782E1	2.950199511E2
1.500408899E2	8.379367409E1	2.988985603E2
1.500575797E2	8.382282066E1	3.022351036E2
1.500742694E2	8.368252948E1	3.053275638E2
1.500909592E2	8.297150812E1	3.079073079E2
1.501076489E2	8.238056637E1	3.104177491E2
1.501243387E2	8.194913952E1	3.130405501E2
1.501410284E2	8.236595910E1	3.162788824E2
1.501577182E2	8.280249305E1	3.211316112E2
1.501744079E2	8.222320275E1	3.246973551E2
1.501910977E2	8.174087964E1	3.270426852E2
1.502077874E2	8.142075704E1	3.283415207E2
1.502244772E2	8.061441348E1	3.294426357E2
1.502411669E2	8.054675433E1	3.311771130E2
1.502578567E2	8.140219196E1	3.324615811E2
1.502745465E2	8.135854422E1	3.333328431E2
1.502912362E2	8.115611368E1	3.341248188E2
1.503079260E2	8.036884628E1	3.352360839E2
1.503246157E2	8.039640959E1	3.362076605E2
1.503413055E2	8.082564712E1	3.368936943E2
1.503579952E2	8.063618814E1	3.375821884E2
1.503746850E2	8.045535781E1	3.382638982E2
1.503913747E2	8.036256538E1	3.400181168E2
1.504080645E2	8.078151001E1	3.423764460E2
1.504247542E2	8.106620036E1	3.447561652E2
1.504414440E2	8.039056670E1	3.467346900E2
1.504581338E2	8.027270166E1	3.489184551E2
1.504748235E2	7.960223396E1	3.505994523E2
1.504915133E2	7.954608559E1	3.523624120E2
1.505082030E2	8.018536227E1	3.548378791E2
1.505248928E2	8.050864060E1	3.587745568E2
1.505415825E2	7.957509992E1	3.630379361E2
1.505582723E2	7.847965423E1	3.671957652E2
1.505749620E2	7.806286428E1	3.703751146E2
1.505916518E2	7.802058173E1	3.728698225E2
1.506083415E2	7.834670450E1	3.747999214E2
1.506250313E2	7.909895664E1	3.761594535E2
1.506417210E2	7.860237136E1	3.778540016E2
1.506584108E2	7.727948387E1	3.796609970E2
1.506751006E2	7.703769397E1	3.827528134E2
1.506917903E2	7.709704203E1	3.868232495E2
1.507084801E2	7.721923651E1	3.924371443E2
1.507251698E2	7.647791229E1	3.961230150E2
1.507418596E2	7.636542314E1	3.984040608E2
1.507585493E2	7.619923603E1	4.008396129E2
1.507752391E2	7.578979535E1	4.040753059E2
1.507919288E2	7.508211409E1	4.075109207E2
1.508086186E2	7.482922602E1	4.098454939E2
1.508253083E2	7.416139720E1	4.107397647E2
1.508419981E2	7.377514320E1	4.116700753E2
1.508586879E2	7.474235086E1	4.136984598E2
1.508753776E2	7.447041600E1	4.164400448E2
1.508920674E2	7.479006798E1	4.194928974E2
1.509087571E2	7.360419808E1	4.213508225E2
1.509254469E2	7.268929079E1	4.238830497E2
1.509421366E2	7.303960804E1	4.270727172E2
1.509588264E2	7.299475787E1	4.305228050E2
1.509755161E2	7.382369046E1	4.328039045E2
1.509922059E2	7.312408404E1	4.335923895E2
1.510088956E2	7.204206510E1	4.336072424E2
1.510255854E2	7.154229050E1	4.327609046E2
1.510422751E2	7.146446971E1	4.329666103E2
1.510589649E2	7.293337719E1	4.344628247E2
1.510756547E2	7.391255943E1	4.359334075E2
1.510923444E2	7.285005492E1	4.377699031E2
1.511090342E2	7.212567780E1	4.401635718E2
1.511257239E2	7.130332667E1	4.418827020E2
1.511424137E2	7.161482120E1	4.434447432E2
1.511591034E2	7.141412218E1	4.451926339E2
1.511757932E2	7.198145231E1	4.475883275E2
1.511924829E2	7.197256316E1	4.492341791E2
1.512091727E2	7.144322577E1	4.500152355E2
