202-I_row-4_post-22_wire
t	x	y
1.014069463E2	1.396742676E3	-6.505328292E2
1.014236360E2	1.397023199E3	-6.463597858E2
1.014403258E2	1.397815167E3	-6.439863852E2
1.014570155E2	1.398741547E3	-6.421552432E2
1.014737053E2	1.399026107E3	-6.399050789E2
1.014903950E2	1.398237715E3	-6.381580229E2
1.015070848E2	1.397036262E3	-6.369788136E2
1.015237746E2	1.396011879E3	-6.366042149E2
1.015404643E2	1.396438401E3	-6.359659675E2
1.015571541E2	1.397646716E3	-6.358196638E2
1.015738438E2	1.398803283E3	-6.356076185E2
1.015905336E2	1.398825544E3	-6.356052649E2
1.016072233E2	1.397583363E3	-6.353350869E2
1.016239131E2	1.396035035E3	-6.351056101E2
1.016406028E2	1.396139663E3	-6.349168971E2
1.016572926E2	1.397082956E3	-6.341373948E2
1.016739823E2	1.398532077E3	-6.333755057E2
1.016906721E2	1.398613682E3	-6.325840171E2
1.017073619E2	1.397883209E3	-6.318331185E2
1.017240516E2	1.396677892E3	-6.309454169E2
1.017407414E2	1.396372441E3	-6.302032891E2
1.017574311E2	1.396860467E3	-6.298152687E2
1.017741209E2	1.397996609E3	-6.291162912E2
1.017908106E2	1.398357826E3	-6.284663075E2
1.018075004E2	1.398366444E3	-6.276454507E2
1.018241901E2	1.398302830E3	-6.268347939E2
1.018408799E2	1.398022235E3	-6.253881523E2
1.018575696E2	1.397827804E3	-6.244459717E2
1.018742594E2	1.397221565E3	-6.236075530E2
1.018909491E2	1.397377412E3	-6.220864574E2
1.019076389E2	1.397762841E3	-6.200702763E2
1.019243287E2	1.398748101E3	-6.178745947E2
1.019410184E2	1.399058471E3	-6.161338353E2
1.019577082E2	1.398305526E3	-6.138324484E2
1.019743979E2	1.397315230E3	-6.112726603E2
1.019910877E2	1.396820058E3	-6.069720190E2
1.020077774E2	1.397601987E3	-6.014908667E2
1.020244672E2	1.398690604E3	-5.950608553E2
1.020411569E2	1.399182986E3	-5.867679304E2
1.020578467E2	1.397888526E3	-5.799302636E2
1.020745364E2	1.396679149E3	-5.771617560E2
1.020912262E2	1.395938789E3	-5.752785786E2
1.021079160E2	1.396559733E3	-5.733820372E2
1.021246057E2	1.397712011E3	-5.703858553E2
1.021412955E2	1.398314945E3	-5.663022032E2
1.021579852E2	1.397857976E3	-5.623195531E2
1.021746750E2	1.396507044E3	-5.597131327E2
1.021913647E2	1.395937393E3	-5.573146311E2
1.022080545E2	1.396293407E3	-5.555549091E2
1.022247442E2	1.397087392E3	-5.541217775E2
1.022414340E2	1.397105063E3	-5.523601375E2
1.022581237E2	1.396612965E3	-5.499836826E2
1.022748135E2	1.396042935E3	-5.481425544E2
1.022915032E2	1.396009439E3	-5.466604371E2
1.023081930E2	1.396559849E3	-5.458732419E2
1.023248828E2	1.396740667E3	-5.442912194E2
1.023415725E2	1.396678118E3	-5.418407618E2
1.023582623E2	1.395890183E3	-5.375337149E2
1.023749520E2	1.395771484E3	-5.317084488E2
1.023916418E2	1.395945760E3	-5.267485284E2
1.024083315E2	1.396525650E3	-5.230921509E2
1.024250213E2	1.395988301E3	-5.205638384E2
1.024417110E2	1.395084751E3	-5.180311352E2
1.024584008E2	1.395114335E3	-5.148465812E2
1.024750905E2	1.395846685E3	-5.117642494E2
1.024917803E2	1.395960256E3	-5.083187555E2
1.025084701E2	1.395600877E3	-5.057186522E2
1.025251598E2	1.395261384E3	-5.025941704E2
1.025418496E2	1.395159938E3	-4.993707802E2
1.025585393E2	1.395218597E3	-4.961958196E2
1.025752291E2	1.395316783E3	-4.927816206E2
1.025919188E2	1.395168168E3	-4.870971359E2
1.026086086E2	1.394990906E3	-4.813477914E2
1.026252983E2	1.394329966E3	-4.763785997E2
1.026419881E2	1.394006997E3	-4.722879138E2
1.026586778E2	1.394058999E3	-4.682370110E2
1.026753676E2	1.393954995E3	-4.641085684E2
1.026920573E2	1.393701465E3	-4.591487770E2
1.027087471E2	1.393488653E3	-4.535265725E2
1.027254369E2	1.393346065E3	-4.494709476E2
1.027421266E2	1.392683037E3	-4.468633368E2
1.027588164E2	1.393178234E3	-4.439078211E2
1.027755061E2	1.392819377E3	-4.402426423E2
1.027921959E2	1.393229037E3	-4.356953546E2
1.028088856E2	1.392561225E3	-4.315191020E2
1.028255754E2	1.391764443E3	-4.281821694E2
1.028422651E2	1.391293035E3	-4.248964213E2
1.028589549E2	1.391738389E3	-4.216800077E2
1.028756446E2	1.392633156E3	-4.184784116E2
1.028923344E2	1.392044198E3	-4.166537497E2
1.029090242E2	1.391615879E3	-4.142551633E2
1.029257139E2	1.390407977E3	-4.109927570E2
1.029424037E2	1.390315803E3	-4.069649834E2
1.029590934E2	1.390867051E3	-4.038754275E2
1.029757832E2	1.391131407E3	-4.012375910E2
1.029924729E2	1.390859781E3	-3.987138387E2
1.030091627E2	1.390333734E3	-3.955524831E2
1.030258524E2	1.390016683E3	-3.906768801E2
1.030425422E2	1.390193358E3	-3.850798733E2
1.030592319E2	1.390152658E3	-3.792037262E2
1.030759217E2	1.389631908E3	-3.734029229E2
1.030926114E2	1.389198557E3	-3.669314106E2
1.031093012E2	1.387621636E3	-3.609079508E2
1.031259910E2	1.387791030E3	-3.555061606E2
1.031426807E2	1.387695674E3	-3.505315025E2
1.031593705E2	1.387749618E3	-3.448598014E2
1.031760602E2	1.386475819E3	-3.405491409E2
1.031927500E2	1.385895811E3	-3.357782134E2
1.032094397E2	1.385166573E3	-3.308376922E2
1.032261295E2	1.385226664E3	-3.243774421E2
1.032428192E2	1.385862553E3	-3.171367721E2
1.032595090E2	1.385480831E3	-3.090888088E2
1.032761987E2	1.384188013E3	-3.023839078E2
1.032928885E2	1.383545440E3	-2.967535683E2
1.033095782E2	1.382243638E3	-2.907223234E2
1.033262680E2	1.382201528E3	-2.842094776E2
1.033429578E2	1.382860478E3	-2.780033080E2
1.033596475E2	1.381068208E3	-2.743026246E2
1.033763373E2	1.380571173E3	-2.712515529E2
1.033930270E2	1.380295734E3	-2.688881241E2
1.034097168E2	1.380370419E3	-2.663484880E2
1.034264065E2	1.380184456E3	-2.637605329E2
1.034430963E2	1.380185883E3	-2.613603683E2
1.034597860E2	1.379537756E3	-2.596939382E2
1.034764758E2	1.379084345E3	-2.581465654E2
1.034931655E2	1.379413782E3	-2.558799329E2
1.035098553E2	1.378841928E3	-2.541011224E2
1.035265451E2	1.379346999E3	-2.509783727E2
1.035432348E2	1.378794724E3	-2.483792999E2
1.035599246E2	1.378133289E3	-2.458346927E2
1.035766143E2	1.378169285E3	-2.435125737E2
1.035933041E2	1.377484042E3	-2.409685890E2
1.036099938E2	1.377182571E3	-2.376883297E2
1.036266836E2	1.376430329E3	-2.342939440E2
1.036433733E2	1.376540562E3	-2.312677515E2
1.036600631E2	1.375304913E3	-2.285461061E2
1.036767528E2	1.375739349E3	-2.247599143E2
1.036934426E2	1.375102458E3	-2.221222660E2
