202-I_row-4_post-23_wire
t	x	y
1.097685131E2	1.062252208E2	3.853108085E1
1.097852029E2	1.064179002E2	4.420708068E1
1.098018926E2	1.065962529E2	5.012513525E1
1.098185824E2	1.060477968E2	5.431177736E1
1.098352721E2	1.054776224E2	5.689627094E1
1.098519619E2	1.054899518E2	5.839368078E1
1.098686516E2	1.062169518E2	5.914272939E1
1.098853414E2	1.071356023E2	5.986619946E1
1.099020311E2	1.070975682E2	6.063467730E1
1.099187209E2	1.060782498E2	6.200971858E1
1.099354107E2	1.052202137E2	6.384133936E1
1.099521004E2	1.048852517E2	6.471946038E1
1.099687902E2	1.055382847E2	6.480760079E1
1.099854799E2	1.066088444E2	6.484900780E1
1.100021697E2	1.069019484E2	6.498389952E1
1.100188594E2	1.063385621E2	6.492147302E1
1.100355492E2	1.054550840E2	6.495085323E1
1.100522389E2	1.048487839E2	6.543860285E1
1.100689287E2	1.052813141E2	6.639100614E1
1.100856184E2	1.056924623E2	6.653086437E1
1.101023082E2	1.064882248E2	6.655925266E1
1.101189979E2	1.063878974E2	6.653203907E1
1.101356877E2	1.058522322E2	6.684331435E1
1.101523775E2	1.053167462E2	6.664046364E1
1.101690672E2	1.049022308E2	6.654838596E1
1.101857570E2	1.049090431E2	6.651582558E1
1.102024467E2	1.056264901E2	6.643203833E1
1.102191365E2	1.060370617E2	6.643197362E1
1.102358262E2	1.063799272E2	6.635591811E1
1.102525160E2	1.057188351E2	6.645593337E1
1.102692057E2	1.053671722E2	6.639867766E1
1.102858955E2	1.048138592E2	6.646023089E1
1.103025852E2	1.053826075E2	6.644654508E1
1.103192750E2	1.057589932E2	6.674316162E1
1.103359648E2	1.062137959E2	6.656260993E1
1.103526545E2	1.060784407E2	6.672648009E1
1.103693443E2	1.055608604E2	6.726500245E1
1.103860340E2	1.050215941E2	6.810326210E1
1.104027238E2	1.052118995E2	6.972497427E1
1.104194135E2	1.058672900E2	7.269825616E1
1.104361033E2	1.061149518E2	7.788233603E1
1.104527930E2	1.062910638E2	8.359167513E1
1.104694828E2	1.057960549E2	8.801818321E1
1.104861725E2	1.054232271E2	9.245880384E1
1.105028623E2	1.049459567E2	9.685062867E1
1.105195520E2	1.048386586E2	1.017668508E2
1.105362418E2	1.049712997E2	1.074640855E2
1.105529316E2	1.048006868E2	1.124680663E2
1.105696213E2	1.044196893E2	1.184955710E2
1.105863111E2	1.044239124E2	1.254004597E2
1.106030008E2	1.042753347E2	1.321179039E2
1.106196906E2	1.043762270E2	1.362335398E2
1.106363803E2	1.038734937E2	1.398567942E2
1.106530701E2	1.039506030E2	1.428276986E2
1.106697598E2	1.038711488E2	1.453128994E2
1.106864496E2	1.037859056E2	1.469598873E2
1.107031393E2	1.035972743E2	1.486310390E2
1.107198291E2	1.035409971E2	1.510750742E2
1.107365189E2	1.033818061E2	1.541865690E2
1.107532086E2	1.032353209E2	1.575480057E2
1.107698984E2	1.034137747E2	1.625136403E2
1.107865881E2	1.037807148E2	1.688929279E2
1.108032779E2	1.037365579E2	1.754138602E2
1.108199676E2	1.029285554E2	1.822624896E2
1.108366574E2	1.024866573E2	1.880553945E2
1.108533471E2	1.023185637E2	1.953514938E2
1.108700369E2	1.022999435E2	2.034762561E2
1.108867266E2	1.025385982E2	2.091895079E2
1.109034164E2	1.014475004E2	2.135038177E2
1.109201061E2	1.005954614E2	2.175878250E2
1.109367959E2	1.008047382E2	2.239313237E2
1.109534857E2	1.005496382E2	2.339417264E2
1.109701754E2	1.008921195E2	2.470144883E2
1.109868652E2	1.001886897E2	2.582864034E2
1.110035549E2	9.837584077E1	2.668086406E2
1.110202447E2	9.738508770E1	2.718770383E2
1.110369344E2	9.827107331E1	2.757653458E2
1.110536242E2	9.836478460E1	2.791809072E2
1.110703139E2	9.852340316E1	2.832416201E2
1.110870037E2	9.758715019E1	2.880482696E2
1.111036934E2	9.591340364E1	2.940507404E2
1.111203832E2	9.558645817E1	3.005935832E2
1.111370730E2	9.635531146E1	3.061312403E2
1.111537627E2	9.689000687E1	3.094102840E2
1.111704525E2	9.675322891E1	3.133485802E2
1.111871422E2	9.488431757E1	3.179301559E2
1.112038320E2	9.508176248E1	3.232769155E2
1.112205217E2	9.508196749E1	3.289718222E2
1.112372115E2	9.467263742E1	3.340264548E2
1.112539012E2	9.383653657E1	3.382131373E2
1.112705910E2	9.381618012E1	3.422333392E2
1.112872807E2	9.350350178E1	3.464421938E2
1.113039705E2	9.441778224E1	3.504146317E2
1.113206602E2	9.395871211E1	3.545927538E2
1.113373500E2	9.282402732E1	3.587728876E2
1.113540398E2	9.158121512E1	3.637022589E2
1.113707295E2	9.109707022E1	3.679527600E2
1.113874193E2	9.147264674E1	3.727324232E2
1.114041090E2	9.140201111E1	3.777657971E2
1.114207988E2	9.076921157E1	3.819049797E2
1.114374885E2	9.047204691E1	3.858709210E2
1.114541783E2	9.033404674E1	3.897724977E2
1.114708680E2	9.026837410E1	3.938951378E2
1.114875578E2	8.967176032E1	3.973090984E2
1.115042475E2	8.989184857E1	4.029751027E2
1.115209373E2	8.920741570E1	4.096133032E2
1.115376271E2	8.810156986E1	4.155551597E2
1.115543168E2	8.824334701E1	4.201415753E2
1.115710066E2	8.760009689E1	4.242849482E2
1.115876963E2	8.642785829E1	4.293728971E2
1.116043861E2	8.630901143E1	4.375211611E2
1.116210758E2	8.570975570E1	4.481662710E2
1.116377656E2	8.481962398E1	4.571754242E2
