202-I_row-3_post-25_wire
t	x	y
3.311247225E1	6.530338794E1	3.142321439E1
3.312916201E1	6.453353621E1	3.199312360E1
3.314585176E1	6.441602195E1	3.282796969E1
3.316254152E1	6.521140752E1	3.390087458E1
3.317923127E1	6.588563993E1	3.530153604E1
3.319592102E1	6.571316191E1	3.630240788E1
3.321261078E1	6.470381001E1	3.641539616E1
3.322930053E1	6.479795162E1	3.655733820E1
3.324599029E1	6.508841813E1	3.719571363E1
3.326268004E1	6.596182678E1	3.803709682E1
3.327936979E1	6.591180756E1	3.884408840E1
3.329605955E1	6.526425239E1	3.963597741E1
3.331274930E1	6.459843104E1	4.032972262E1
3.332943906E1	6.507464316E1	4.065637952E1
3.334612881E1	6.607399477E1	4.123909053E1
3.336281857E1	6.649392540E1	4.132012153E1
3.337950832E1	6.551801118E1	4.126402645E1
3.339619807E1	6.449320142E1	4.126117172E1
3.341288783E1	6.397117793E1	4.127363635E1
3.342957758E1	6.461090454E1	4.132166066E1
3.344626734E1	6.527863104E1	4.134549773E1
3.346295709E1	6.537141955E1	4.143521511E1
3.347964684E1	6.484560104E1	4.134590081E1
3.349633660E1	6.442703037E1	4.116740461E1
3.351302635E1	6.448507747E1	4.125246307E1
3.352971611E1	6.475584215E1	4.131944789E1
3.354640586E1	6.472471725E1	4.133971676E1
3.356309562E1	6.443804449E1	4.127035360E1
3.357978537E1	6.444795847E1	4.126721929E1
3.359647512E1	6.449812953E1	4.127663359E1
3.361316488E1	6.454268833E1	4.127226664E1
3.362985463E1	6.447523142E1	4.133548500E1
3.364654439E1	6.441776686E1	4.126056915E1
3.366323414E1	6.449519885E1	4.124628350E1
3.367992389E1	6.521414068E1	4.125938204E1
3.369661365E1	6.574526923E1	4.127264714E1
3.371330340E1	6.561765052E1	4.133964966E1
3.372999316E1	6.462152880E1	4.123910215E1
3.374668291E1	6.383308639E1	4.126277097E1
3.376337267E1	6.380807821E1	4.125983446E1
3.378006242E1	6.467287452E1	4.130364415E1
3.379675217E1	6.592308666E1	4.131511973E1
3.381344193E1	6.596556938E1	4.141907059E1
3.383013168E1	6.516669916E1	4.202909284E1
3.384682144E1	6.427689671E1	4.356344524E1
3.386351119E1	6.443633213E1	4.629852204E1
3.388020094E1	6.502934653E1	4.988479561E1
3.389689070E1	6.581239728E1	5.293104686E1
3.391358045E1	6.537121307E1	5.580881847E1
3.393027021E1	6.511303958E1	5.772789129E1
3.394695996E1	6.487546188E1	5.932793931E1
3.396364972E1	6.497688239E1	6.171323216E1
3.398033947E1	6.513211142E1	6.570460151E1
3.399702922E1	6.511527842E1	7.159739759E1
3.401371898E1	6.502435902E1	7.808223272E1
3.403040873E1	6.509519024E1	8.235978787E1
3.404709849E1	6.524647639E1	8.563777398E1
3.406378824E1	6.520615491E1	8.884216868E1
3.408047799E1	6.463144690E1	9.196617370E1
3.409716775E1	6.427003174E1	9.471653283E1
3.411385750E1	6.437263513E1	9.711029938E1
3.413054726E1	6.510496766E1	9.942398856E1
3.414723701E1	6.585223205E1	1.027503927E2
3.416392677E1	6.486264305E1	1.043332704E2
3.418061652E1	6.401025513E1	1.060374822E2
3.419730627E1	6.375180446E1	1.078148837E2
3.421399603E1	6.451604290E1	1.097070071E2
3.423068578E1	6.518914289E1	1.116921004E2
3.424737554E1	6.469810457E1	1.143392985E2
3.426406529E1	6.399423262E1	1.171852417E2
3.428075504E1	6.373653175E1	1.192646660E2
3.429744480E1	6.376141241E1	1.206745360E2
3.431413455E1	6.383477239E1	1.216346438E2
3.433082431E1	6.388895438E1	1.228452950E2
3.434751406E1	6.403115511E1	1.250754527E2
3.436420382E1	6.404635442E1	1.291756072E2
3.438089357E1	6.389532638E1	1.347058615E2
3.439758332E1	6.329094441E1	1.401166099E2
3.441427308E1	6.279090102E1	1.452702712E2
3.443096283E1	6.231017796E1	1.490565756E2
3.444765259E1	6.297213532E1	1.522111136E2
3.446434234E1	6.368988322E1	1.553577949E2
3.448103209E1	6.373520908E1	1.579592521E2
3.449772185E1	6.286703737E1	1.603458119E2
3.451441160E1	6.162440437E1	1.629543763E2
3.453110136E1	6.123485290E1	1.668996073E2
3.454779111E1	6.193475617E1	1.718083715E2
3.456448087E1	6.284249896E1	1.759328348E2
3.458117062E1	6.310222907E1	1.786527917E2
3.459786037E1	6.263955026E1	1.814677117E2
3.461455013E1	6.197488171E1	1.863997306E2
3.463123988E1	6.121200595E1	1.939586362E2
3.464792964E1	6.122758869E1	2.018718032E2
3.466461939E1	6.054128076E1	2.071892670E2
3.468130914E1	6.036885978E1	2.103949742E2
3.469799890E1	6.035039764E1	2.120779840E2
3.471468865E1	6.105823743E1	2.137176695E2
3.473137841E1	6.124222601E1	2.161244427E2
3.474806816E1	6.070668073E1	2.194193755E2
3.476475792E1	5.960733305E1	2.233972526E2
3.478144767E1	5.882002577E1	2.261750747E2
3.479813742E1	5.916447008E1	2.286377890E2
3.481482718E1	6.028379783E1	2.304737977E2
3.483151693E1	6.090117543E1	2.322493070E2
3.484820669E1	6.041207939E1	2.336062333E2
3.486489644E1	5.919461914E1	2.348865978E2
3.488158619E1	5.836804069E1	2.358645729E2
3.489827595E1	5.886189349E1	2.367489893E2
3.491496570E1	6.025341647E1	2.376312439E2
3.493165546E1	6.062017627E1	2.387476820E2
3.494834521E1	6.022549399E1	2.391994843E2
3.496503497E1	5.906808602E1	2.399106795E2
3.498172472E1	5.840453076E1	2.400225400E2
3.499841447E1	5.873560892E1	2.407551822E2
3.501510423E1	5.953610729E1	2.423916619E2
3.503179398E1	5.956322200E1	2.442637360E2
3.504848374E1	5.916187728E1	2.466482870E2
3.506517349E1	5.890345578E1	2.503702413E2
3.508186324E1	5.878925137E1	2.537112538E2
3.509855300E1	5.866614698E1	2.561897572E2
3.511524275E1	5.845619218E1	2.574545260E2
3.513193251E1	5.817559710E1	2.595574908E2
3.514862226E1	5.844013839E1	2.614524282E2
3.516531201E1	5.897704070E1	2.644312564E2
3.518200177E1	5.894716631E1	2.671600397E2
3.519869152E1	5.788409371E1	2.694983035E2
3.521538128E1	5.683610340E1	2.728116679E2
3.523207103E1	5.670042868E1	2.768807645E2
3.524876079E1	5.748673042E1	2.818639602E2
3.526545054E1	5.810863975E1	2.852945795E2
3.528214029E1	5.790245373E1	2.893139273E2
3.529883005E1	5.639949698E1	2.924695645E2
3.531551980E1	5.498592587E1	2.958790840E2
3.533220956E1	5.491437121E1	2.999621837E2
3.534889931E1	5.589498223E1	3.047411987E2
3.536558906E1	5.637566598E1	3.089280256E2
3.538227882E1	5.570002515E1	3.127834796E2
3.539896857E1	5.426477385E1	3.162975837E2
3.541565833E1	5.393019709E1	3.192144120E2
3.543234808E1	5.455107649E1	3.212709146E2
3.544903784E1	5.519607765E1	3.231473464E2
3.546572759E1	5.492783174E1	3.256215965E2
3.548241734E1	5.394708433E1	3.284453022E2
3.549910710E1	5.320039053E1	3.309307022E2
3.551579685E1	5.315805211E1	3.338730795E2
3.553248661E1	5.375395730E1	3.369228430E2
3.554917636E1	5.379148732E1	3.409597575E2
3.556586611E1	5.250067229E1	3.445555526E2
3.558255587E1	5.185028009E1	3.460315370E2
3.559924562E1	5.197318078E1	3.476302936E2
3.561593538E1	5.233111440E1	3.494870075E2
3.563262513E1	5.278722688E1	3.523600462E2
3.564931489E1	5.224541645E1	3.556023533E2
3.566600464E1	5.066623505E1	3.575215660E2
3.568269439E1	5.049185911E1	3.605790947E2
3.569938415E1	5.051925695E1	3.645738791E2
3.571607390E1	5.105193019E1	3.690101975E2
3.573276366E1	5.103492057E1	3.739763252E2
3.574945341E1	5.007901874E1	3.786351373E2
3.576614316E1	4.889596753E1	3.829348977E2
3.578283292E1	4.856025011E1	3.876474312E2
3.579952267E1	4.854069037E1	3.921646025E2
3.581621243E1	4.839824256E1	3.952957504E2
3.583290218E1	4.813520515E1	3.991992206E2
3.584959194E1	4.728940958E1	4.017888023E2
3.586628169E1	4.682464346E1	4.042781196E2
3.588297144E1	4.700598296E1	4.065752203E2
