202-I_row-4_post-21_wire
t	x	y
6.585776992E1	7.983917249E1	3.486853656E1
6.587445967E1	7.965466889E1	3.548574666E1
6.589114942E1	7.990853702E1	3.646948099E1
6.590783918E1	8.070329369E1	3.859145726E1
6.592452893E1	8.116384243E1	4.316941915E1
6.594121869E1	8.019968225E1	4.801944517E1
6.595790844E1	7.880853969E1	5.126451113E1
6.597459819E1	7.881418547E1	5.302490534E1
6.599128795E1	7.994386781E1	5.468166501E1
6.600797770E1	8.120209867E1	5.696474254E1
6.602466746E1	8.137426612E1	5.932778691E1
6.604135721E1	7.996764297E1	6.192201040E1
6.605804696E1	7.875671026E1	6.456278983E1
6.607473672E1	7.912812139E1	6.726136757E1
6.609142647E1	8.067243441E1	6.933574319E1
6.610811623E1	8.188987979E1	7.177387011E1
6.612480598E1	8.078562377E1	7.489417868E1
6.614149574E1	7.897753369E1	7.766752884E1
6.615818549E1	7.803106147E1	8.010432162E1
6.617487524E1	7.899730272E1	8.261418958E1
6.619156500E1	8.081642065E1	8.578706812E1
6.620825475E1	8.136148199E1	8.981646230E1
6.622494451E1	8.004174351E1	9.475698291E1
6.624163426E1	7.838295053E1	9.877204362E1
6.625832401E1	7.821642316E1	1.020896465E2
6.627501377E1	7.952338894E1	1.050950824E2
6.629170352E1	8.047239262E1	1.079400321E2
6.630839328E1	8.007057275E1	1.112580952E2
6.632508303E1	7.889345597E1	1.145534022E2
6.634177279E1	7.807445455E1	1.180709155E2
6.635846254E1	7.899490101E1	1.219080401E2
6.637515229E1	8.013196890E1	1.253018752E2
6.639184205E1	8.043393547E1	1.292836083E2
6.640853180E1	7.911681882E1	1.325843936E2
6.642522156E1	7.730677019E1	1.350317093E2
6.644191131E1	7.731398460E1	1.375258685E2
6.645860106E1	7.872494807E1	1.406107053E2
6.647529082E1	8.001674110E1	1.439796825E2
6.649198057E1	7.955494225E1	1.473746064E2
6.650867033E1	7.798324198E1	1.507693244E2
6.652536008E1	7.691589946E1	1.546114298E2
6.654204984E1	7.752119877E1	1.585557911E2
6.655873959E1	7.898498031E1	1.636656185E2
6.657542934E1	7.980952735E1	1.682909431E2
6.659211910E1	7.825620728E1	1.727306229E2
6.660880885E1	7.627511249E1	1.762787161E2
6.662549861E1	7.596227198E1	1.800107017E2
6.664218836E1	7.693040568E1	1.841396759E2
6.665887811E1	7.820659167E1	1.892981504E2
6.667556787E1	7.824844415E1	1.932860455E2
6.669225762E1	7.653621278E1	1.967359851E2
6.670894738E1	7.544087988E1	1.999292624E2
6.672563713E1	7.597055517E1	2.030473843E2
6.674232689E1	7.722998332E1	2.064579213E2
6.675901664E1	7.751570478E1	2.111775255E2
6.677570639E1	7.658760876E1	2.160653360E2
6.679239615E1	7.495128320E1	2.203467200E2
6.680908590E1	7.441855356E1	2.243533213E2
6.682577566E1	7.516237317E1	2.277982936E2
6.684246541E1	7.622025369E1	2.311147712E2
6.685915516E1	7.642951908E1	2.344282521E2
6.687584492E1	7.518243779E1	2.385484770E2
6.689253467E1	7.392952422E1	2.434488563E2
6.690922443E1	7.392657330E1	2.491069685E2
6.692591418E1	7.418313198E1	2.542579410E2
6.694260394E1	7.440469751E1	2.583127231E2
6.695929369E1	7.378318110E1	2.617998009E2
6.697598344E1	7.325135615E1	2.647285371E2
6.699267320E1	7.301144236E1	2.680559016E2
6.700936295E1	7.333734464E1	2.722198239E2
6.702605271E1	7.383911138E1	2.760501438E2
6.704274246E1	7.335360890E1	2.786774072E2
6.705943221E1	7.243008053E1	2.811558153E2
6.707612197E1	7.221835709E1	2.835563089E2
6.709281172E1	7.229187630E1	2.869056627E2
6.710950148E1	7.258778234E1	2.912635747E2
6.712619123E1	7.266891842E1	2.958868170E2
6.714288099E1	7.162104992E1	2.992699854E2
6.715957074E1	7.101221570E1	3.023088315E2
6.717626049E1	7.053422977E1	3.042312396E2
6.719295025E1	7.116886085E1	3.067722188E2
6.720964000E1	7.187839505E1	3.096201826E2
6.722632976E1	7.163368427E1	3.123606390E2
6.724301951E1	7.082717839E1	3.154995937E2
6.725970926E1	6.989017769E1	3.187428328E2
6.727639902E1	6.931466338E1	3.221257843E2
6.729308877E1	6.931565734E1	3.248667353E2
6.730977853E1	7.020978918E1	3.279384631E2
6.732646828E1	7.031923400E1	3.321293407E2
6.734315804E1	6.939568253E1	3.370525073E2
6.735984779E1	6.836367105E1	3.418946763E2
6.737653754E1	6.707249283E1	3.460827902E2
6.739322730E1	6.706462320E1	3.498791038E2
6.740991705E1	6.738144095E1	3.536515377E2
6.742660681E1	6.821170110E1	3.582989707E2
6.744329656E1	6.740814296E1	3.625962252E2
6.745998631E1	6.643265007E1	3.673678000E2
6.747667607E1	6.526918895E1	3.722910781E2
6.749336582E1	6.487311811E1	3.780590261E2
6.751005558E1	6.557346114E1	3.838130435E2
6.752674533E1	6.574578712E1	3.895277113E2
6.754343509E1	6.505615968E1	3.951855688E2
6.756012484E1	6.357008850E1	4.002141872E2
6.757681459E1	6.271157403E1	4.059598462E2
6.759350435E1	6.278557750E1	4.121900613E2
6.761019410E1	6.187822935E1	4.176186449E2
6.762688386E1	6.158132471E1	4.232329070E2
6.764357361E1	6.107021623E1	4.281309682E2
6.766026336E1	6.023385704E1	4.315343649E2
6.767695312E1	6.017638592E1	4.357373089E2
6.769364287E1	6.010068345E1	4.404074266E2
6.771033263E1	5.932416310E1	4.437021643E2
6.772702238E1	5.856520695E1	4.461411852E2
6.774371214E1	5.765197107E1	4.486826591E2
6.776040189E1	5.756302280E1	4.522306404E2
6.777709164E1	5.839932169E1	4.553837554E2
6.779378140E1	5.843922958E1	4.585764704E2
6.781047115E1	5.717373007E1	4.610318195E2
6.782716091E1	5.616741684E1	4.631815259E2
6.784385066E1	5.572008833E1	4.657555837E2
6.786054041E1	5.666007143E1	4.683192244E2
6.787723017E1	5.731033919E1	4.700631546E2
6.789391992E1	5.713455740E1	4.715980423E2
6.791060968E1	5.626290646E1	4.731044448E2
