202-I_row-3_post-22_ref
t	x	y
2.403324599E0	4.976691781E2	1.578256421E1
2.420014353E0	4.976771088E2	1.721365750E1
2.436704107E0	4.976459506E2	1.747399309E1
2.453393862E0	4.976375880E2	1.769030014E1
2.470083616E0	4.976864850E2	1.750912577E1
2.486773370E0	4.976621852E2	1.747122076E1
2.503463124E0	4.976897273E2	1.746862998E1
2.520152878E0	4.977063556E2	1.745391954E1
2.536842632E0	4.976475412E2	1.744726740E1
2.553532386E0	4.976446910E2	1.743721249E1
2.570222141E0	4.976375137E2	1.746566432E1
2.586911895E0	4.976604483E2	1.761057984E1
2.603601649E0	4.976619199E2	1.754373109E1
2.620291403E0	4.976041938E2	1.747052152E1
2.636981157E0	4.976491231E2	1.755227528E1
2.653670911E0	4.976439294E2	1.741575666E1
2.670360666E0	4.976959900E2	1.745185374E1
2.687050420E0	4.976447016E2	1.743259621E1
2.703740174E0	4.976762220E2	1.750056260E1
2.720429928E0	4.976942882E2	1.742106356E1
2.737119682E0	4.976306336E2	1.743724512E1
2.753809436E0	4.976755238E2	1.747263289E1
2.770499191E0	4.976384436E2	1.741093207E1
2.787188945E0	4.976045367E2	1.762048899E1
2.803878699E0	4.975972364E2	1.741692227E1
2.820568453E0	4.976665892E2	1.746820232E1
2.837258207E0	4.977226456E2	1.739712049E1
2.853947961E0	4.976578594E2	1.744692613E1
2.870637716E0	4.976909950E2	1.742458050E1
2.887327470E0	4.977473807E2	1.746237786E1
2.904017224E0	4.977393530E2	1.734621265E1
2.920706978E0	4.978007835E2	1.741786015E1
2.937396732E0	4.977338126E2	1.741763219E1
2.954086486E0	4.976914767E2	1.742438816E1
2.970776240E0	4.977195627E2	1.751634683E1
2.987465995E0	4.976773238E2	1.740649570E1
3.004155749E0	4.976358211E2	1.742610706E1
3.020845503E0	4.976425493E2	1.745395082E1
3.037535257E0	4.976592072E2	1.746100308E1
3.054225011E0	4.976783186E2	1.742745900E1
3.070914765E0	4.976717658E2	1.743110507E1
3.087604520E0	4.976345990E2	1.744444708E1
3.104294274E0	4.976572552E2	1.746982928E1
3.120984028E0	4.976382367E2	1.743560085E1
3.137673782E0	4.976465026E2	1.743924316E1
3.154363536E0	4.977150012E2	1.733168529E1
3.171053290E0	4.976989783E2	1.743858204E1
3.187743045E0	4.976911569E2	1.744803244E1
3.204432799E0	4.976442150E2	1.746036092E1
3.221122553E0	4.976968066E2	1.746946713E1
3.237812307E0	4.976933309E2	1.750826549E1
3.254502061E0	4.976323772E2	1.747492345E1
3.271191815E0	4.976206930E2	1.739842202E1
3.287881570E0	4.976503894E2	1.746381282E1
3.304571324E0	4.976584453E2	1.737456929E1
3.321261078E0	4.976584617E2	1.746762475E1
3.337950832E0	4.976823868E2	1.746354645E1
3.354640586E0	4.976962654E2	1.746893269E1
3.371330340E0	4.976982194E2	1.740964836E1
3.388020094E0	4.977040385E2	1.739656055E1
3.404709849E0	4.976352086E2	1.739573108E1
3.421399603E0	4.976766298E2	1.756009930E1
3.438089357E0	4.976992071E2	1.743709410E1
3.454779111E0	4.976766845E2	1.743702721E1
3.471468865E0	4.976255372E2	1.738004757E1
3.488158619E0	4.976302060E2	1.745051281E1
3.504848374E0	4.976982502E2	1.741203431E1
3.521538128E0	4.976489126E2	1.743486278E1
3.538227882E0	4.976606170E2	1.743003477E1
3.554917636E0	4.976329796E2	1.743260154E1
3.571607390E0	4.976111858E2	1.752558275E1
3.588297144E0	4.976137201E2	1.750187642E1
3.604986899E0	4.975430090E2	1.755424630E1
3.621676653E0	4.976583207E2	1.745615203E1
3.638366407E0	4.976451181E2	1.747839861E1
3.655056161E0	4.976482695E2	1.756031809E1
3.671745915E0	4.976430771E2	1.749637422E1
3.688435669E0	4.975649534E2	1.812775128E1
3.705125424E0	4.976384593E2	1.864473025E1
3.721815178E0	4.977179836E2	1.954075992E1
3.738504932E0	4.976870471E2	2.076676412E1
3.755194686E0	4.976635207E2	2.154795585E1
3.771884440E0	4.976799744E2	2.230153271E1
3.788574194E0	4.977916023E2	2.289505771E1
3.805263948E0	4.976497970E2	2.315504171E1
3.821953703E0	4.976895246E2	2.380998639E1
3.838643457E0	4.976818418E2	2.472446270E1
3.855333211E0	4.977035556E2	2.535627972E1
3.872022965E0	4.976893991E2	2.565016856E1
3.888712719E0	4.976871301E2	2.645742161E1
3.905402473E0	4.976666690E2	2.704862240E1
3.922092228E0	4.976700131E2	2.808697642E1
3.938781982E0	4.977197614E2	2.908436526E1
3.955471736E0	4.976887115E2	2.989461495E1
3.972161490E0	4.976663381E2	3.081013472E1
3.988851244E0	4.976551657E2	3.155214253E1
4.005540998E0	4.976683377E2	3.234769461E1
4.022230753E0	4.976873718E2	3.380951418E1
4.038920507E0	4.976838691E2	3.523256404E1
4.055610261E0	4.977297973E2	3.660840250E1
4.072300015E0	4.976498216E2	3.745014763E1
4.088989769E0	4.976860919E2	3.819499344E1
4.105679523E0	4.977004460E2	3.986514713E1
4.122369278E0	4.976754726E2	4.128450803E1
4.139059032E0	4.976821735E2	4.288238353E1
4.155748786E0	4.976406321E2	4.423607093E1
4.172438540E0	4.976728950E2	4.607530221E1
4.189128294E0	4.976855953E2	4.709472037E1
4.205818048E0	4.976605752E2	4.833783645E1
4.222507802E0	4.976744188E2	4.941550978E1
4.239197557E0	4.976672783E2	4.970031559E1
4.255887311E0	4.977110989E2	5.023631471E1
4.272577065E0	4.976627869E2	5.090019534E1
4.289266819E0	4.976906768E2	5.127911980E1
4.305956573E0	4.977457915E2	5.237890354E1
4.322646327E0	4.976758374E2	5.366585482E1
4.339336082E0	4.976804984E2	5.499437617E1
4.356025836E0	4.976775665E2	5.677643262E1
4.372715590E0	4.976277758E2	5.855924535E1
4.389405344E0	4.976756754E2	6.096671171E1
4.406095098E0	4.976679482E2	6.341992913E1
4.422784852E0	4.976714052E2	6.656255078E1
4.439474607E0	4.975766638E2	6.966059491E1
4.456164361E0	4.977329190E2	7.238957033E1
4.472854115E0	4.977216482E2	7.495617956E1
4.489543869E0	4.975893046E2	7.741266222E1
4.506233623E0	4.976281408E2	8.001615155E1
4.522923377E0	4.976776393E2	8.251302840E1
4.539613131E0	4.976504703E2	8.541332417E1
4.556302886E0	4.977182321E2	8.814848529E1
4.572992640E0	4.977006664E2	9.124124698E1
4.589682394E0	4.976866220E2	9.374980591E1
4.606372148E0	4.977151165E2	9.702930225E1
4.623061902E0	4.976963191E2	1.005785641E2
4.639751656E0	4.978347317E2	1.043956239E2
4.656441411E0	4.977756059E2	1.079635658E2
4.673131165E0	4.975812458E2	1.107946913E2
4.689820919E0	4.976497031E2	1.134918417E2
4.706510673E0	4.977399332E2	1.158219329E2
4.723200427E0	4.976381174E2	1.181166248E2
4.739890181E0	4.976854389E2	1.216868977E2
4.756579936E0	4.977204654E2	1.265702631E2
4.773269690E0	4.977065988E2	1.313803417E2
4.789959444E0	4.977043196E2	1.348023476E2
4.806649198E0	4.976020469E2	1.371914599E2
4.823338952E0	4.977167564E2	1.389027052E2
4.840028706E0	4.977821962E2	1.410877141E2
4.856718461E0	4.976614636E2	1.447064765E2
4.873408215E0	4.976904480E2	1.496740524E2
4.890097969E0	4.976550038E2	1.537628004E2
4.906787723E0	4.976872342E2	1.569480236E2
4.923477477E0	4.976293538E2	1.583695536E2
4.940167231E0	4.976759185E2	1.594408002E2
4.956856985E0	4.977504646E2	1.606108763E2
4.973546740E0	4.976616777E2	1.619234622E2
4.990236494E0	4.976726665E2	1.637333405E2
5.006926248E0	4.976603670E2	1.659342782E2
5.023616002E0	4.977578638E2	1.682653446E2
5.040305756E0	4.978371168E2	1.707538686E2
5.056995510E0	4.977716632E2	1.732980393E2
5.073685265E0	4.977713697E2	1.752322901E2
5.090375019E0	4.977107687E2	1.770280214E2
5.107064773E0	4.977058904E2	1.792054856E2
5.123754527E0	4.977110174E2	1.816371522E2
5.140444281E0	4.978294952E2	1.848273648E2
5.157134035E0	4.977838169E2	1.873519024E2
5.173823790E0	4.977066225E2	1.890737967E2
5.190513544E0	4.976544216E2	1.912215231E2
5.207203298E0	4.976791469E2	1.931944813E2
5.223893052E0	4.978313433E2	1.956231056E2
5.240582806E0	4.978401492E2	1.980356286E2
5.257272560E0	4.977097850E2	2.004713902E2
5.273962315E0	4.976990068E2	2.036953535E2
5.290652069E0	4.977111771E2	2.079118958E2
5.307341823E0	4.976662997E2	2.135780615E2
5.324031577E0	4.977739935E2	2.182507251E2
5.340721331E0	4.977720424E2	2.214061216E2
5.357411085E0	4.976925566E2	2.235894599E2
5.374100839E0	4.977065813E2	2.262378554E2
5.390790594E0	4.976768952E2	2.293936542E2
5.407480348E0	4.977088547E2	2.332962575E2
5.424170102E0	4.977497575E2	2.372382459E2
5.440859856E0	4.977341586E2	2.402584956E2
5.457549610E0	4.977661973E2	2.424841696E2
5.474239364E0	4.976954233E2	2.447655112E2
5.490929119E0	4.977222394E2	2.467002098E2
5.507618873E0	4.977960922E2	2.488848755E2
5.524308627E0	4.976148467E2	2.514042360E2
5.540998381E0	4.976464594E2	2.535953657E2
5.557688135E0	4.976431844E2	2.560732683E2
5.574377889E0	4.976913725E2	2.584850771E2
5.591067644E0	4.977636245E2	2.609949460E2
5.607757398E0	4.978351987E2	2.637552491E2
5.624447152E0	4.978326537E2	2.664717093E2
5.641136906E0	4.976882065E2	2.699671093E2
5.657826660E0	4.977035706E2	2.743828305E2
5.674516414E0	4.976908973E2	2.785593373E2
5.691206169E0	4.977956760E2	2.818918460E2
5.707895923E0	4.978198588E2	2.848744118E2
5.724585677E0	4.978867706E2	2.871452029E2
5.741275431E0	4.976953207E2	2.885239703E2
5.757965185E0	4.976897372E2	2.907663648E2
5.774654939E0	4.978034383E2	2.941909344E2
5.791344693E0	4.977940038E2	2.991350789E2
5.808034448E0	4.977997502E2	3.035071947E2
5.824724202E0	4.977649149E2	3.075898842E2
5.841413956E0	4.978268146E2	3.105922290E2
5.858103710E0	4.977330439E2	3.134302822E2
5.874793464E0	4.976899950E2	3.162578417E2
5.891483218E0	4.977487235E2	3.195581762E2
5.908172973E0	4.978062761E2	3.222175616E2
5.924862727E0	4.977743162E2	3.246520788E2
5.941552481E0	4.978168459E2	3.269102500E2
5.958242235E0	4.979383887E2	3.292671470E2
5.974931989E0	4.977063157E2	3.318222871E2
5.991621743E0	4.978461112E2	3.350807908E2
6.008311498E0	4.977017201E2	3.384956183E2
6.025001252E0	4.977146245E2	3.417277120E2
6.041691006E0	4.976984719E2	3.435349147E2
6.058380760E0	4.977093938E2	3.450935236E2
6.075070514E0	4.977988373E2	3.465056594E2
6.091760268E0	4.977125230E2	3.475922440E2
6.108450023E0	4.976742713E2	3.490443279E2
6.125139777E0	4.977376482E2	3.506772118E2
6.141829531E0	4.978444470E2	3.530043881E2
6.158519285E0	4.977100668E2	3.548748473E2
6.175209039E0	4.977333004E2	3.565305081E2
6.191898793E0	4.977425160E2	3.585202035E2
6.208588547E0	4.976706969E2	3.606016829E2
6.225278302E0	4.976992120E2	3.622190483E2
6.241968056E0	4.977092668E2	3.640897213E2
6.258657810E0	4.976944297E2	3.676847082E2
6.275347564E0	4.977226126E2	3.713075421E2
6.292037318E0	4.977134503E2	3.741871095E2
6.308727072E0	4.977173011E2	3.762729917E2
6.325416827E0	4.977530642E2	3.773453535E2
6.342106581E0	4.977590971E2	3.789825570E2
6.358796335E0	4.977970142E2	3.812605965E2
6.375486089E0	4.976492075E2	3.847843445E2
6.392175843E0	4.979138972E2	3.888679008E2
6.408865597E0	4.977578994E2	3.926425914E2
6.425555352E0	4.977603194E2	3.952869350E2
6.442245106E0	4.977511414E2	3.975007452E2
6.458934860E0	4.977239308E2	3.999611557E2
6.475624614E0	4.977474682E2	4.026340583E2
6.492314368E0	4.977909901E2	4.063489647E2
6.509004122E0	4.977985673E2	4.103407188E2
6.525693877E0	4.978051299E2	4.143637164E2
6.542383631E0	4.977107508E2	4.176356523E2
6.559073385E0	4.977568462E2	4.206866515E2
6.575763139E0	4.977216130E2	4.230745108E2
6.592452893E0	4.977099767E2	4.259268562E2
6.609142647E0	4.977247285E2	4.287830427E2
6.625832401E0	4.978531003E2	4.311015650E2
6.642522156E0	4.978261397E2	4.330121450E2
6.659211910E0	4.978821662E2	4.346407430E2
6.675901664E0	4.976324781E2	4.367321514E2
6.692591418E0	4.977170630E2	4.390485547E2
6.709281172E0	4.978696797E2	4.415262207E2
6.725970926E0	4.977517096E2	4.440956539E2
6.742660681E0	4.977991568E2	4.470156135E2
6.759350435E0	4.976614720E2	4.510214727E2
6.776040189E0	4.977072989E2	4.553054050E2
6.792729943E0	4.977522669E2	4.595334544E2
6.809419697E0	4.978506757E2	4.634138314E2
6.826109451E0	4.977829290E2	4.677603285E2
6.842799206E0	4.979005301E2	4.730428933E2
6.859488960E0	4.978236377E2	4.795170307E2
6.876178714E0	4.979362809E2	4.865367481E2
6.892868468E0	4.977723259E2	4.939652849E2
6.909558222E0	4.978233685E2	5.002332717E2
6.926247976E0	4.977624528E2	5.050537770E2
6.942937731E0	4.977355323E2	5.083015514E2
6.959627485E0	4.977312857E2	5.114006887E2
6.976317239E0	4.977218840E2	5.140769294E2
6.993006993E0	4.977313307E2	5.169145550E2
7.009696747E0	4.976668928E2	5.195162859E2
7.026386501E0	4.977890059E2	5.216673950E2
7.043076255E0	4.977140589E2	5.230596408E2
7.059766010E0	4.979323985E2	5.239071949E2
7.076455764E0	4.976870689E2	5.254261590E2
7.093145518E0	4.978354947E2	5.272225816E2
7.109835272E0	4.976123005E2	5.289741333E2
7.126525026E0	4.977559706E2	5.307262048E2
7.143214780E0	4.976271592E2	5.330700915E2
7.159904535E0	4.977678258E2	5.359319372E2
7.176594289E0	4.977486496E2	5.383545032E2
7.193284043E0	4.977493966E2	5.401962711E2
7.209973797E0	4.977292727E2	5.420147801E2
7.226663551E0	4.976571547E2	5.438592705E2
