202-I_row-3_post-22_wire
t	x	y
2.403324599E0	8.814460380E1	2.944249214E1
2.420014353E0	8.811641373E1	2.945077546E1
2.436704107E0	8.787808671E1	2.954403424E1
2.453393862E0	8.814941252E1	3.006078954E1
2.470083616E0	8.840823238E1	2.989136301E1
2.486773370E0	8.843328384E1	2.998566955E1
2.503463124E0	8.815889607E1	3.013168126E1
2.520152878E0	8.784662637E1	3.026033085E1
2.536842632E0	8.754183546E1	3.036265615E1
2.553532386E0	8.798637582E1	3.024249667E1
2.570222141E0	8.830257334E1	3.021151467E1
2.586911895E0	8.835159974E1	3.025797130E1
2.603601649E0	8.807260885E1	3.025789156E1
2.620291403E0	8.755927810E1	3.021537353E1
2.636981157E0	8.783146596E1	3.027369258E1
2.653670911E0	8.807883288E1	3.022193093E1
2.670360666E0	8.817024278E1	3.025388405E1
2.687050420E0	8.802988070E1	3.025066279E1
2.703740174E0	8.791916307E1	3.028742099E1
2.720429928E0	8.812505370E1	3.024955807E1
2.737119682E0	8.816779860E1	3.025334646E1
2.753809436E0	8.820597459E1	3.025557483E1
2.770499191E0	8.792266359E1	3.023348079E1
2.787188945E0	8.763171573E1	3.035775861E1
2.803878699E0	8.747222935E1	3.026110564E1
2.820568453E0	8.807718021E1	3.028633161E1
2.837258207E0	8.827478923E1	3.024420548E1
2.853947961E0	8.797320373E1	3.024563929E1
2.870637716E0	8.747060361E1	3.024289842E1
2.887327470E0	8.760977825E1	3.027597748E1
2.904017224E0	8.809530411E1	3.019826883E1
2.920706978E0	8.882452282E1	3.023590724E1
2.937396732E0	8.871392176E1	3.024530683E1
2.954086486E0	8.809658369E1	3.026188542E1
2.970776240E0	8.760039803E1	3.033897328E1
2.987465995E0	8.749948166E1	3.026338445E1
3.004155749E0	8.805786431E1	3.026286318E1
3.020845503E0	8.828992211E1	3.028792276E1
3.037535257E0	8.815390444E1	3.027813096E1
3.054225011E0	8.802379958E1	3.026110318E1
3.070914765E0	8.775551222E1	3.025885229E1
3.087604520E0	8.799837020E1	3.028553386E1
3.104294274E0	8.818959445E1	3.027857760E1
3.120984028E0	8.820932585E1	3.025901721E1
3.137673782E0	8.807498529E1	3.026356091E1
3.154363536E0	8.807448074E1	3.020057926E1
3.171053290E0	8.808283123E1	3.029760958E1
3.187743045E0	8.812423485E1	3.028358952E1
3.204432799E0	8.809150570E1	3.028550027E1
3.221122553E0	8.812397189E1	3.028444713E1
3.237812307E0	8.814524392E1	3.036198918E1
3.254502061E0	8.824935730E1	3.027115333E1
3.271191815E0	8.827339186E1	3.021105675E1
3.287881570E0	8.815058172E1	3.027309316E1
3.304571324E0	8.782795801E1	3.020897401E1
3.321261078E0	8.781501588E1	3.027120729E1
3.337950832E0	8.807389747E1	3.027738479E1
3.354640586E0	8.841381979E1	3.028042852E1
3.371330340E0	8.869366841E1	3.021867795E1
3.388020094E0	8.846795601E1	3.022639198E1
3.404709849E0	8.808960546E1	3.023913229E1
3.421399603E0	8.801460964E1	3.038856023E1
3.438089357E0	8.818226720E1	3.026583560E1
3.454779111E0	8.822655699E1	3.026073857E1
3.471468865E0	8.808748586E1	3.023914650E1
3.488158619E0	8.807106329E1	3.027930259E1
3.504848374E0	8.812793594E1	3.025996900E1
3.521538128E0	8.815921750E1	3.026690319E1
3.538227882E0	8.821638283E1	3.025817705E1
3.554917636E0	8.815384425E1	3.023963334E1
3.571607390E0	8.788174852E1	3.036894351E1
3.588297144E0	8.794821025E1	3.033842002E1
3.604986899E0	8.806698046E1	3.043950555E1
3.621676653E0	8.833840145E1	3.026919344E1
3.638366407E0	8.812320154E1	3.028875735E1
3.655056161E0	8.791079814E1	3.033870459E1
3.671745915E0	8.788823702E1	3.030933778E1
3.688435669E0	8.801571915E1	3.099849036E1
3.705125424E0	8.832860850E1	3.122853397E1
3.721815178E0	8.856199434E1	3.207599608E1
3.738504932E0	8.828411615E1	3.331761881E1
3.755194686E0	8.797199026E1	3.418896965E1
3.771884440E0	8.820099766E1	3.490381116E1
3.788574194E0	8.864410136E1	3.530208270E1
3.805263948E0	8.878121602E1	3.560119512E1
3.821953703E0	8.858185057E1	3.610136970E1
3.838643457E0	8.815994095E1	3.686719549E1
3.855333211E0	8.813709916E1	3.759605031E1
3.872022965E0	8.860870150E1	3.773399100E1
3.888712719E0	8.917377338E1	3.851167299E1
3.905402473E0	8.917723525E1	3.913406434E1
3.922092228E0	8.872628600E1	4.010385798E1
3.938781982E0	8.833289135E1	4.100367810E1
3.955471736E0	8.817630115E1	4.181593031E1
3.972161490E0	8.845397681E1	4.270240159E1
3.988851244E0	8.844936497E1	4.343558959E1
4.005540998E0	8.828889264E1	4.422391348E1
4.022230753E0	8.834499133E1	4.561690497E1
4.038920507E0	8.830053387E1	4.675481103E1
4.055610261E0	8.874292149E1	4.826237276E1
4.072300015E0	8.869913439E1	4.915454427E1
4.088989769E0	8.839456490E1	4.993985109E1
4.105679523E0	8.804289827E1	5.158625474E1
4.122369278E0	8.802734972E1	5.306545415E1
4.139059032E0	8.827386345E1	5.444801782E1
4.155748786E0	8.859252497E1	5.569515685E1
4.172438540E0	8.871638268E1	5.730067309E1
4.189128294E0	8.813241422E1	5.825571201E1
4.205818048E0	8.794244220E1	5.945872050E1
4.222507802E0	8.826486135E1	6.057032413E1
4.239197557E0	8.867174429E1	6.071292880E1
4.255887311E0	8.913592801E1	6.139697927E1
4.272577065E0	8.868396621E1	6.209387545E1
4.289266819E0	8.808202987E1	6.235195281E1
4.305956573E0	8.807408457E1	6.337932735E1
4.322646327E0	8.876952097E1	6.464062036E1
4.339336082E0	8.897808981E1	6.567587978E1
4.356025836E0	8.876822579E1	6.729095754E1
4.372715590E0	8.816219705E1	6.898595928E1
4.389405344E0	8.826860241E1	7.131862941E1
4.406095098E0	8.882179353E1	7.376717737E1
4.422784852E0	8.890631183E1	7.636621308E1
4.439474607E0	8.849785636E1	7.950070800E1
4.456164361E0	8.803837880E1	8.196474653E1
4.472854115E0	8.796226381E1	8.443130321E1
4.489543869E0	8.829976961E1	8.688532570E1
4.506233623E0	8.890942963E1	8.936293467E1
4.522923377E0	8.890288688E1	9.182213529E1
4.539613131E0	8.815076306E1	9.429161649E1
4.556302886E0	8.780390714E1	9.686631655E1
4.572992640E0	8.829905455E1	9.990696258E1
4.589682394E0	8.890351097E1	1.023168172E2
4.606372148E0	8.877489516E1	1.052920841E2
4.623061902E0	8.852788083E1	1.087535676E2
4.639751656E0	8.792959570E1	1.123533143E2
4.656441411E0	8.778148750E1	1.156909927E2
4.673131165E0	8.789048273E1	1.182492403E2
4.689820919E0	8.835226274E1	1.207732808E2
4.706510673E0	8.849526718E1	1.229950243E2
4.723200427E0	8.816403884E1	1.251765777E2
4.739890181E0	8.790781095E1	1.286765779E2
4.756579936E0	8.771866424E1	1.330366841E2
4.773269690E0	8.790766704E1	1.377389863E2
4.789959444E0	8.784096006E1	1.410208693E2
4.806649198E0	8.757332170E1	1.431889641E2
4.823338952E0	8.704759160E1	1.447665696E2
4.840028706E0	8.746984774E1	1.468313505E2
4.856718461E0	8.755981176E1	1.501447207E2
4.873408215E0	8.753870713E1	1.550277315E2
4.890097969E0	8.727931639E1	1.589659603E2
4.906787723E0	8.644953736E1	1.617013746E2
4.923477477E0	8.656069076E1	1.632211854E2
4.940167231E0	8.666265560E1	1.641063873E2
4.956856985E0	8.676492789E1	1.651864324E2
4.973546740E0	8.650169517E1	1.665532024E2
4.990236494E0	8.621062066E1	1.682237984E2
5.006926248E0	8.653964800E1	1.703453147E2
5.023616002E0	8.666971386E1	1.724095125E2
5.040305756E0	8.713283574E1	1.747928355E2
5.056995510E0	8.680048038E1	1.772131307E2
5.073685265E0	8.595311820E1	1.789610219E2
5.090375019E0	8.552601391E1	1.805953467E2
5.107064773E0	8.610660564E1	1.828946318E2
5.123754527E0	8.672940168E1	1.852650562E2
5.140444281E0	8.637302352E1	1.881199093E2
5.157134035E0	8.591735519E1	1.903971368E2
5.173823790E0	8.558077173E1	1.920455970E2
5.190513544E0	8.535420609E1	1.939003490E2
5.207203298E0	8.620725311E1	1.959762189E2
5.223893052E0	8.662780645E1	1.984417427E2
5.240582806E0	8.634315285E1	2.007618696E2
5.257272560E0	8.516825395E1	2.027783020E2
5.273962315E0	8.523203344E1	2.058946385E2
5.290652069E0	8.555067213E1	2.099992314E2
5.307341823E0	8.534831885E1	2.151295658E2
5.324031577E0	8.565558664E1	2.197108357E2
5.340721331E0	8.476282234E1	2.224849582E2
5.357411085E0	8.465072769E1	2.247837268E2
5.374100839E0	8.483666837E1	2.273170341E2
5.390790594E0	8.522853511E1	2.305073311E2
5.407480348E0	8.473291789E1	2.339171264E2
5.424170102E0	8.426153341E1	2.378670042E2
5.440859856E0	8.338107740E1	2.404593249E2
5.457549610E0	8.376089339E1	2.428372872E2
5.474239364E0	8.365808685E1	2.448302052E2
5.490929119E0	8.461172493E1	2.469004607E2
5.507618873E0	8.415968201E1	2.486984284E2
5.524308627E0	8.344570052E1	2.511083937E2
5.540998381E0	8.275107121E1	2.529674225E2
5.557688135E0	8.268620327E1	2.552371652E2
5.574377889E0	8.295658009E1	2.576219163E2
5.591067644E0	8.330046150E1	2.599580622E2
5.607757398E0	8.312393564E1	2.625794429E2
5.624447152E0	8.283010552E1	2.651132851E2
5.641136906E0	8.261512984E1	2.683552346E2
5.657826660E0	8.244658912E1	2.724465432E2
5.674516414E0	8.217893951E1	2.765043931E2
5.691206169E0	8.224049837E1	2.797651437E2
5.707895923E0	8.194279167E1	2.823296793E2
5.724585677E0	8.235810142E1	2.847028732E2
5.741275431E0	8.165458802E1	2.857919735E2
5.757965185E0	8.174166320E1	2.879666309E2
5.774654939E0	8.143544099E1	2.912794948E2
5.791344693E0	8.154544702E1	2.959824463E2
5.808034448E0	8.144744961E1	3.002821445E2
5.824724202E0	8.164373813E1	3.042831333E2
5.841413956E0	8.091712698E1	3.069885975E2
5.858103710E0	8.031468482E1	3.094256679E2
5.874793464E0	7.965094060E1	3.120056842E2
5.891483218E0	7.995678116E1	3.151894649E2
5.908172973E0	8.000745395E1	3.177017700E2
5.924862727E0	7.996188925E1	3.200859827E2
5.941552481E0	7.927044249E1	3.218802705E2
5.958242235E0	7.917006244E1	3.241675413E2
5.974931989E0	7.896473737E1	3.266314819E2
5.991621743E0	7.982268794E1	3.298529466E2
6.008311498E0	7.965018788E1	3.331614178E2
6.025001252E0	7.864425683E1	3.358119113E2
6.041691006E0	7.784239411E1	3.374009924E2
6.058380760E0	7.759564600E1	3.389443437E2
6.075070514E0	7.842065340E1	3.403455721E2
6.091760268E0	7.842246791E1	3.415228522E2
6.108450023E0	7.890745802E1	3.430016847E2
6.125139777E0	7.787501816E1	3.440774373E2
6.141829531E0	7.753679457E1	3.462459339E2
6.158519285E0	7.705577266E1	3.480055235E2
6.175209039E0	7.741691476E1	3.496728724E2
6.191898793E0	7.834748030E1	3.518202936E2
6.208588547E0	7.746182640E1	3.537426444E2
6.225278302E0	7.734848781E1	3.551377049E2
6.241968056E0	7.646806218E1	3.569821793E2
6.258657810E0	7.662726424E1	3.602933525E2
6.275347564E0	7.687352703E1	3.636153809E2
6.292037318E0	7.655670938E1	3.663259526E2
6.308727072E0	7.578313421E1	3.679783432E2
6.325416827E0	7.503335137E1	3.686218464E2
6.342106581E0	7.497188388E1	3.702348964E2
6.358796335E0	7.573171955E1	3.726432466E2
6.375486089E0	7.571756982E1	3.759874755E2
6.392175843E0	7.591427642E1	3.799302740E2
6.408865597E0	7.460094689E1	3.832649341E2
6.425555352E0	7.439623853E1	3.855251476E2
6.442245106E0	7.413374346E1	3.874448311E2
6.458934860E0	7.471955708E1	3.899212346E2
6.475624614E0	7.468999634E1	3.924333298E2
6.492314368E0	7.419378610E1	3.956241131E2
6.509004122E0	7.337248142E1	3.988526073E2
6.525693877E0	7.298649613E1	4.021972801E2
6.542383631E0	7.327988932E1	4.054407378E2
6.559073385E0	7.377559851E1	4.086373170E2
6.575763139E0	7.273877261E1	4.104754727E2
6.592452893E0	7.226563698E1	4.128252278E2
6.609142647E0	7.131029145E1	4.146263800E2
6.625832401E0	7.198372004E1	4.168408489E2
6.642522156E0	7.172131364E1	4.186503608E2
6.659211910E0	7.185331721E1	4.202799080E2
6.675901664E0	7.117160456E1	4.219329879E2
6.692591418E0	7.045855918E1	4.236983559E2
6.709281172E0	7.092458314E1	4.258739877E2
6.725970926E0	7.003247209E1	4.277470944E2
6.742660681E0	7.081761677E1	4.307263025E2
6.759350435E0	7.004217864E1	4.342106231E2
6.776040189E0	6.918108962E1	4.376066108E2
6.792729943E0	6.892882139E1	4.407926050E2
6.809419697E0	6.909446198E1	4.440412950E2
6.826109451E0	6.817036974E1	4.475565795E2
6.842799206E0	6.897868232E1	4.521865953E2
6.859488960E0	6.791386515E1	4.572275042E2
6.876178714E0	6.748458486E1	4.628883897E2
6.892868468E0	6.666610242E1	4.685457671E2
6.909558222E0	6.549950850E1	4.728075682E2
6.926247976E0	6.583768083E1	4.768332545E2
6.942937731E0	6.576381359E1	4.793499474E2
6.959627485E0	6.540794441E1	4.809415385E2
