202-I_row-5_post-22_wire
t	x	y
1.727222658E2	1.042697782E2	3.345664144E1
1.727389556E2	1.037294026E2	3.672850953E1
1.727556453E2	1.037381403E2	3.942325277E1
1.727723351E2	1.042122821E2	4.074168463E1
1.727890248E2	1.048408490E2	4.116114718E1
1.728057146E2	1.046841070E2	4.147127691E1
1.728224043E2	1.035967337E2	4.148343625E1
1.728390941E2	1.027359509E2	4.161803963E1
1.728557838E2	1.031737264E2	4.159026741E1
1.728724736E2	1.042908198E2	4.168030615E1
1.728891633E2	1.049935067E2	4.167263876E1
1.729058531E2	1.048152072E2	4.167642253E1
1.729225429E2	1.036292143E2	4.162128831E1
1.729392326E2	1.028027047E2	4.163674837E1
1.729559224E2	1.033506295E2	4.166284115E1
1.729726121E2	1.041556011E2	4.159226937E1
1.729893019E2	1.048693126E2	4.165381557E1
1.730059916E2	1.046695772E2	4.164823365E1
1.730226814E2	1.043581235E2	4.159934124E1
1.730393711E2	1.040705820E2	4.162596668E1
1.730560609E2	1.042338618E2	4.167162207E1
1.730727506E2	1.042919523E2	4.164418279E1
1.730894404E2	1.043225940E2	4.166630359E1
1.731061301E2	1.042506159E2	4.166550891E1
1.731228199E2	1.042235093E2	4.164387765E1
1.731395097E2	1.042272723E2	4.165002791E1
1.731561994E2	1.042656194E2	4.163427830E1
1.731728892E2	1.042592066E2	4.165269436E1
1.731895789E2	1.044087553E2	4.166618062E1
1.732062687E2	1.047996607E2	4.158751400E1
1.732229584E2	1.050229203E2	4.167381173E1
1.732396482E2	1.050364582E2	4.167113241E1
1.732563379E2	1.044445030E2	4.164456016E1
1.732730277E2	1.042472534E2	4.165430051E1
1.732897174E2	1.043057578E2	4.166140469E1
1.733064072E2	1.050305366E2	4.164111739E1
1.733230970E2	1.051553362E2	4.167387944E1
1.733397867E2	1.048668769E2	4.163747972E1
1.733564765E2	1.043114892E2	4.165649839E1
1.733731662E2	1.040351632E2	4.172810594E1
1.733898560E2	1.042457671E2	4.168311613E1
1.734065457E2	1.045674012E2	4.163711170E1
1.734232355E2	1.049420380E2	4.168915900E1
1.734399252E2	1.044667994E2	4.179233996E1
1.734566150E2	1.041989839E2	4.167608715E1
1.734733047E2	1.041949415E2	4.167426709E1
1.734899945E2	1.042903546E2	4.166507434E1
1.735066842E2	1.043732426E2	4.191164646E1
1.735233740E2	1.043970315E2	4.160434406E1
1.735400638E2	1.043335923E2	4.164820255E1
1.735567535E2	1.045518345E2	4.165304855E1
1.735734433E2	1.044301862E2	4.170861783E1
1.735901330E2	1.041426297E2	4.171393255E1
1.736068228E2	1.036551762E2	4.165639050E1
1.736235125E2	1.034687577E2	4.172870520E1
1.736402023E2	1.041079321E2	4.170901929E1
1.736568920E2	1.045205944E2	4.165315164E1
1.736735818E2	1.044619589E2	4.172908167E1
1.736902715E2	1.037894686E2	4.163930196E1
1.737069613E2	1.031590569E2	4.168290772E1
1.737236511E2	1.033777826E2	4.169742047E1
1.737403408E2	1.041809770E2	4.208978425E1
1.737570306E2	1.047334335E2	4.208703815E1
1.737737203E2	1.044362627E2	4.258405327E1
1.737904101E2	1.036742845E2	4.298633055E1
1.738070998E2	1.032170371E2	4.342866222E1
1.738237896E2	1.037088875E2	4.420362783E1
1.738404793E2	1.043380568E2	4.493358101E1
1.738571691E2	1.044070412E2	4.497795439E1
1.738738588E2	1.040702636E2	4.512200895E1
1.738905486E2	1.033993027E2	4.519835825E1
1.739072383E2	1.033409210E2	4.550476150E1
1.739239281E2	1.039704221E2	4.567958140E1
1.739406179E2	1.044089189E2	4.577086383E1
1.739573076E2	1.040835694E2	4.585847014E1
1.739739974E2	1.033181875E2	4.644653698E1
1.739906871E2	1.033986560E2	4.640995207E1
1.740073769E2	1.041875472E2	4.664135723E1
1.740240666E2	1.049507292E2	4.659630494E1
1.740407564E2	1.047471309E2	4.675356990E1
1.740574461E2	1.038437024E2	4.722264919E1
1.740741359E2	1.032927199E2	4.741234773E1
1.740908256E2	1.037434624E2	4.819718425E1
1.741075154E2	1.048085892E2	4.902398079E1
1.741242052E2	1.051788339E2	5.002953537E1
1.741408949E2	1.043562082E2	5.123028216E1
1.741575847E2	1.033283443E2	5.211859982E1
1.741742744E2	1.030621173E2	5.260681646E1
1.741909642E2	1.042812552E2	5.398489520E1
1.742076539E2	1.053365300E2	5.600452133E1
1.742243437E2	1.052097442E2	5.913902422E1
1.742410334E2	1.039439020E2	6.135042375E1
1.742577232E2	1.027481017E2	6.224315110E1
1.742744129E2	1.029529409E2	6.364861583E1
1.742911027E2	1.042096327E2	6.475942847E1
1.743077924E2	1.053092032E2	6.625364941E1
1.743244822E2	1.052249363E2	6.803443659E1
1.743411720E2	1.038783607E2	6.988796930E1
1.743578617E2	1.032241732E2	7.072765779E1
1.743745515E2	1.038074658E2	7.202387539E1
1.743912412E2	1.045706597E2	7.333795545E1
1.744079310E2	1.050897728E2	7.435770189E1
1.744246207E2	1.048060789E2	7.504051343E1
1.744413105E2	1.038777857E2	7.531093604E1
1.744580002E2	1.039198743E2	7.550028668E1
1.744746900E2	1.043730315E2	7.610820407E1
1.744913797E2	1.048478534E2	7.684864304E1
1.745080695E2	1.049030606E2	7.714516574E1
1.745247593E2	1.047272345E2	7.772856272E1
1.745414490E2	1.042928539E2	7.792336001E1
1.745581388E2	1.043597501E2	7.878925030E1
1.745748285E2	1.048914133E2	7.959856119E1
1.745915183E2	1.048297940E2	8.120602200E1
1.746082080E2	1.045700658E2	8.240725677E1
1.746248978E2	1.042157504E2	8.363754651E1
1.746415875E2	1.043135284E2	8.464122780E1
1.746582773E2	1.044659785E2	8.555023977E1
1.746749670E2	1.045937492E2	8.758382688E1
1.746916568E2	1.044862015E2	9.016955612E1
1.747083465E2	1.044367836E2	9.335572004E1
1.747250363E2	1.042857114E2	9.565508590E1
1.747417261E2	1.041605012E2	9.706718376E1
1.747584158E2	1.043401931E2	9.894282175E1
1.747751056E2	1.043501279E2	1.007908356E2
1.747917953E2	1.042555297E2	1.026443683E2
1.748084851E2	1.041448701E2	1.064360119E2
1.748251748E2	1.039681093E2	1.106450377E2
1.748418646E2	1.040124973E2	1.155351659E2
1.748585543E2	1.046134966E2	1.212908629E2
1.748752441E2	1.048126705E2	1.268232682E2
1.748919338E2	1.044615862E2	1.319244587E2
1.749086236E2	1.036345592E2	1.361646330E2
1.749253134E2	1.035177847E2	1.408383180E2
1.749420031E2	1.032532647E2	1.443661547E2
1.749586929E2	1.037343579E2	1.475833907E2
1.749753826E2	1.043967577E2	1.505442092E2
1.749920724E2	1.036074764E2	1.536485759E2
1.750087621E2	1.034168508E2	1.566096289E2
1.750254519E2	1.026260602E2	1.593654042E2
1.750421416E2	1.028414960E2	1.620417902E2
1.750588314E2	1.024600168E2	1.640871498E2
1.750755211E2	1.030185736E2	1.664023745E2
1.750922109E2	1.031408846E2	1.684235117E2
1.751089006E2	1.036036018E2	1.703739602E2
1.751255904E2	1.028204584E2	1.722785691E2
1.751422802E2	1.026947165E2	1.738058192E2
1.751589699E2	1.022528997E2	1.760932639E2
1.751756597E2	1.019379602E2	1.780833007E2
1.751923494E2	1.025411240E2	1.812914864E2
1.752090392E2	1.032586190E2	1.845179816E2
1.752257289E2	1.034965019E2	1.876076159E2
1.752424187E2	1.026559586E2	1.901462737E2
1.752591084E2	1.016180924E2	1.919710810E2
1.752757982E2	1.018665438E2	1.942642556E2
1.752924879E2	1.018846963E2	1.962474509E2
1.753091777E2	1.021050205E2	1.985996025E2
1.753258674E2	1.024717899E2	2.007611883E2
1.753425572E2	1.020674206E2	2.023672561E2
1.753592470E2	1.011000973E2	2.036773619E2
1.753759367E2	1.014089022E2	2.052212894E2
1.753926265E2	1.015792909E2	2.067968748E2
1.754093162E2	1.019449951E2	2.082412933E2
1.754260060E2	1.011219417E2	2.092513877E2
1.754426957E2	1.008985825E2	2.119299272E2
1.754593855E2	1.015490642E2	2.150412513E2
1.754760752E2	1.016795131E2	2.192829140E2
1.754927650E2	1.012238256E2	2.231346361E2
1.755094547E2	1.007137417E2	2.263027388E2
1.755261445E2	9.970803795E1	2.291336057E2
1.755428343E2	1.002023245E2	2.321715992E2
1.755595240E2	1.007609735E2	2.363090769E2
1.755762138E2	1.007602073E2	2.419683240E2
1.755929035E2	9.951443803E1	2.461526757E2
1.756095933E2	9.843049914E1	2.504850734E2
1.756262830E2	9.878245507E1	2.543224246E2
1.756429728E2	9.954134721E1	2.584219571E2
1.756596625E2	9.993839934E1	2.632731255E2
1.756763523E2	9.921365487E1	2.690474433E2
1.756930420E2	9.790588386E1	2.739046816E2
1.757097318E2	9.710406471E1	2.773010244E2
1.757264215E2	9.804228921E1	2.812498269E2
1.757431113E2	9.816250911E1	2.858276770E2
1.757598011E2	9.809499572E1	2.912813521E2
1.757764908E2	9.627594137E1	2.986515518E2
1.757931806E2	9.549172591E1	3.058663148E2
1.758098703E2	9.532445209E1	3.133277229E2
1.758265601E2	9.627825819E1	3.205961345E2
1.758432498E2	9.599194024E1	3.266628500E2
1.758599396E2	9.515564806E1	3.330266282E2
1.758766293E2	9.362759070E1	3.386728764E2
1.758933191E2	9.215241929E1	3.438888311E2
1.759100088E2	9.286724868E1	3.503603589E2
1.759266986E2	9.321028682E1	3.579536275E2
1.759433884E2	9.291389241E1	3.643696966E2
1.759600781E2	9.196108157E1	3.682434941E2
1.759767679E2	9.034670277E1	3.701461484E2
1.759934576E2	9.029999575E1	3.725255819E2
1.760101474E2	9.071677253E1	3.750855246E2
1.760268371E2	9.194794872E1	3.788519473E2
1.760435269E2	9.085637792E1	3.816413455E2
1.760602166E2	8.996591105E1	3.840320503E2
1.760769064E2	8.990171508E1	3.854790578E2
1.760935961E2	9.027197676E1	3.878933532E2
1.761102859E2	9.081884129E1	3.912964297E2
1.761269756E2	9.010018067E1	3.955648856E2
1.761436654E2	8.870657801E1	4.006131209E2
1.761603552E2	8.818232150E1	4.045724574E2
1.761770449E2	8.753681319E1	4.072307981E2
1.761937347E2	8.839061255E1	4.086744793E2
1.762104244E2	8.772973885E1	4.097404461E2
1.762271142E2	8.761536925E1	4.112559753E2
1.762438039E2	8.713043323E1	4.136220970E2
1.762604937E2	8.697690488E1	4.160976985E2
1.762771834E2	8.758752330E1	4.184246258E2
1.762938732E2	8.686317344E1	4.194527634E2
1.763105629E2	8.715011630E1	4.208793875E2
1.763272527E2	8.657765872E1	4.218550468E2
1.763439425E2	8.633332411E1	4.235856325E2
1.763606322E2	8.695127726E1	4.258665598E2
1.763773220E2	8.596264959E1	4.276790929E2
1.763940117E2	8.592166639E1	4.291968767E2
1.764107015E2	8.605606939E1	4.307946711E2
1.764273912E2	8.625350252E1	4.324623514E2
1.764440810E2	8.633413743E1	4.340851810E2
1.764607707E2	8.556121644E1	4.357865763E2
1.764774605E2	8.450815397E1	4.383175304E2
1.764941502E2	8.361141533E1	4.416911594E2
1.765108400E2	8.391929224E1	4.464174664E2
1.765275297E2	8.356018003E1	4.515266895E2
1.765442195E2	8.330540543E1	4.555183480E2
1.765609093E2	8.300114047E1	4.586941859E2
1.765775990E2	8.141507247E1	4.605179888E2
1.765942888E2	8.114841378E1	4.629779530E2
1.766109785E2	8.152467494E1	4.669335673E2
