202-I_row-4_post-23_ref
t	x	y
1.097685131E2	5.096250532E2	3.426811446E1
1.097852029E2	5.096502111E2	4.021868878E1
1.098018926E2	5.096218430E2	4.676958371E1
1.098185824E2	5.095102862E2	5.135847845E1
1.098352721E2	5.095779486E2	5.400726218E1
1.098519619E2	5.096732765E2	5.571346103E1
1.098686516E2	5.096951483E2	5.648460213E1
1.098853414E2	5.097912705E2	5.722571336E1
1.099020311E2	5.097026883E2	5.805071273E1
1.099187209E2	5.096482421E2	5.955996477E1
1.099354107E2	5.096644977E2	6.134769212E1
1.099521004E2	5.095907077E2	6.216687332E1
1.099687902E2	5.095909251E2	6.230801886E1
1.099854799E2	5.096225795E2	6.232540965E1
1.100021697E2	5.095940465E2	6.260445454E1
1.100188594E2	5.095956590E2	6.287302009E1
1.100355492E2	5.096522924E2	6.295333047E1
1.100522389E2	5.096099101E2	6.309581706E1
1.100689287E2	5.096797473E2	6.395282538E1
1.100856184E2	5.095960555E2	6.444080131E1
1.101023082E2	5.096501137E2	6.458516012E1
1.101189979E2	5.095851484E2	6.463595480E1
1.101356877E2	5.095754603E2	6.475976547E1
1.101523775E2	5.096190927E2	6.471372653E1
1.101690672E2	5.096089261E2	6.468380997E1
1.101857570E2	5.096462657E2	6.470482651E1
1.102024467E2	5.096917531E2	6.456830621E1
1.102191365E2	5.096211875E2	6.454690711E1
1.102358262E2	5.096624776E2	6.454381205E1
1.102525160E2	5.095982100E2	6.462762463E1
1.102692057E2	5.096642872E2	6.458740386E1
1.102858955E2	5.096487653E2	6.460948345E1
1.103025852E2	5.097060290E2	6.462255626E1
1.103192750E2	5.096435029E2	6.483537243E1
1.103359648E2	5.096546099E2	6.474326774E1
1.103526545E2	5.096615616E2	6.479669508E1
1.103693443E2	5.096488493E2	6.548892128E1
1.103860340E2	5.096487112E2	6.642476893E1
1.104027238E2	5.096463655E2	6.805109146E1
1.104194135E2	5.097087602E2	7.117995620E1
1.104361033E2	5.095097112E2	7.669929715E1
1.104527930E2	5.096051285E2	8.272130419E1
1.104694828E2	5.096240326E2	8.764658455E1
1.104861725E2	5.096790622E2	9.228045609E1
1.105028623E2	5.096950172E2	9.700303944E1
1.105195520E2	5.096326325E2	1.021962162E2
1.105362418E2	5.095592909E2	1.081751542E2
1.105529316E2	5.096399421E2	1.138156138E2
1.105696213E2	5.096403280E2	1.202318827E2
1.105863111E2	5.096384004E2	1.273991277E2
1.106030008E2	5.096844198E2	1.344860206E2
1.106196906E2	5.097585691E2	1.389439805E2
1.106363803E2	5.096478567E2	1.426547535E2
1.106530701E2	5.096772214E2	1.459331306E2
1.106697598E2	5.096461005E2	1.484675304E2
1.106864496E2	5.096181004E2	1.502680139E2
1.107031393E2	5.095769747E2	1.521180038E2
1.107198291E2	5.097213767E2	1.549469663E2
1.107365189E2	5.095955136E2	1.581084534E2
1.107532086E2	5.096127344E2	1.615763452E2
1.107698984E2	5.096545221E2	1.668045354E2
1.107865881E2	5.096348286E2	1.735003732E2
1.108032779E2	5.097059440E2	1.803968697E2
1.108199676E2	5.097558663E2	1.878025929E2
1.108366574E2	5.099219559E2	1.942080412E2
1.108533471E2	5.100763388E2	2.018495517E2
1.108700369E2	5.098303115E2	2.101714196E2
1.108867266E2	5.103001126E2	2.162004225E2
1.109034164E2	5.101833755E2	2.212559666E2
1.109201061E2	5.103126910E2	2.256270995E2
1.109367959E2	5.102088291E2	2.321518999E2
1.109534857E2	5.103279450E2	2.427927434E2
1.109701754E2	5.105292404E2	2.566283373E2
1.109868652E2	5.104880661E2	2.685464542E2
1.110035549E2	5.105341909E2	2.779001840E2
1.110202447E2	5.106087304E2	2.833252260E2
1.110369344E2	5.105468818E2	2.872079931E2
1.110536242E2	5.105459377E2	2.910342663E2
1.110703139E2	5.107184511E2	2.953175694E2
1.110870037E2	5.105159715E2	3.002940039E2
1.111036934E2	5.106196259E2	3.070561166E2
1.111203832E2	5.105616288E2	3.141571146E2
1.111370730E2	5.105058277E2	3.198629932E2
1.111537627E2	5.106917134E2	3.232233049E2
1.111704525E2	5.108879248E2	3.273761917E2
1.111871422E2	5.109002227E2	3.324385801E2
1.112038320E2	5.108773783E2	3.380287671E2
1.112205217E2	5.111013964E2	3.439498494E2
1.112372115E2	5.111950637E2	3.493759100E2
1.112539012E2	5.112088704E2	3.538595229E2
1.112705910E2	5.112357418E2	3.580324877E2
1.112872807E2	5.112366931E2	3.626701890E2
1.113039705E2	5.112791428E2	3.666621817E2
1.113206602E2	5.113432007E2	3.711459024E2
1.113373500E2	5.113185342E2	3.758272739E2
1.113540398E2	5.112941645E2	3.814837866E2
1.113707295E2	5.113477059E2	3.860337895E2
1.113874193E2	5.113157684E2	3.910108639E2
1.114041090E2	5.115074834E2	3.965288070E2
1.114207988E2	5.113435322E2	4.012433999E2
1.114374885E2	5.113918222E2	4.057793583E2
1.114541783E2	5.113454410E2	4.103795157E2
1.114708680E2	5.114605667E2	4.152290526E2
1.114875578E2	5.113139060E2	4.192775819E2
1.115042475E2	5.113621598E2	4.254452496E2
1.115209373E2	5.117295847E2	4.333658441E2
1.115376271E2	5.120158884E2	4.411071322E2
1.115543168E2	5.119871354E2	4.465510978E2
1.115710066E2	5.120306791E2	4.518842239E2
1.115876963E2	5.121213954E2	4.586239242E2
1.116043861E2	5.121430437E2	4.682199911E2
1.116210758E2	5.123531953E2	4.818718724E2
1.116377656E2	5.123029500E2	4.948918891E2
1.116544553E2	5.124920246E2	5.031561337E2
1.116711451E2	5.123860646E2	5.073173979E2
1.116878348E2	5.123112625E2	5.099149364E2
1.117045246E2	5.121727321E2	5.127365982E2
1.117212143E2	5.123273316E2	5.169571555E2
