202-I_row-4_post-24_ref
t	x	y
1.482217067E2	5.012338552E2	1.600992658E1
1.482383964E2	5.011766616E2	1.690956022E1
1.482550862E2	5.012123662E2	1.778994802E1
1.482717760E2	5.012218644E2	1.922375887E1
1.482884657E2	5.012365521E2	2.013446123E1
1.483051555E2	5.012683786E2	2.055511426E1
1.483218452E2	5.012483680E2	2.077367449E1
1.483385350E2	5.012733754E2	2.082131134E1
1.483552247E2	5.012320098E2	2.084338052E1
1.483719145E2	5.011755269E2	2.139212197E1
1.483886042E2	5.011387786E2	2.264299665E1
1.484052940E2	5.011701470E2	2.415316231E1
1.484219837E2	5.011931311E2	2.555302971E1
1.484386735E2	5.012216317E2	2.737267064E1
1.484553633E2	5.011800576E2	2.807147610E1
1.484720530E2	5.012062075E2	2.868749339E1
1.484887428E2	5.012037834E2	2.911507404E1
1.485054325E2	5.011881871E2	2.934658824E1
1.485221223E2	5.012370259E2	2.993897728E1
1.485388120E2	5.012365957E2	3.069340859E1
1.485555018E2	5.012498706E2	3.150145252E1
1.485721915E2	5.011841401E2	3.212446202E1
1.485888813E2	5.011727635E2	3.245667998E1
1.486055710E2	5.012367741E2	3.254553910E1
1.486222608E2	5.011917717E2	3.350634960E1
1.486389505E2	5.012645857E2	3.488898318E1
1.486556403E2	5.012390086E2	3.664550411E1
1.486723301E2	5.011942515E2	3.830263515E1
1.486890198E2	5.012444692E2	3.969284785E1
1.487057096E2	5.012415379E2	4.151921693E1
1.487223993E2	5.011906637E2	4.478585307E1
1.487390891E2	5.012598763E2	4.798567308E1
1.487557788E2	5.012002304E2	5.049133338E1
1.487724686E2	5.012802957E2	5.276816873E1
1.487891583E2	5.013001722E2	5.617556199E1
1.488058481E2	5.012599407E2	6.028391563E1
1.488225378E2	5.012643490E2	6.521466229E1
1.488392276E2	5.012831161E2	7.002025697E1
1.488559174E2	5.012912546E2	7.648231085E1
1.488726071E2	5.012449685E2	8.239127872E1
1.488892969E2	5.012790123E2	8.654282840E1
1.489059866E2	5.012929480E2	9.118434967E1
1.489226764E2	5.012044592E2	9.646771468E1
1.489393661E2	5.012201860E2	1.009276028E2
1.489560559E2	5.011980794E2	1.054813502E2
1.489727456E2	5.012644751E2	1.096143637E2
1.489894354E2	5.012829691E2	1.136768477E2
1.490061251E2	5.013443035E2	1.171324089E2
1.490228149E2	5.012241146E2	1.220591734E2
1.490395046E2	5.013381603E2	1.272867330E2
1.490561944E2	5.012753111E2	1.317405640E2
1.490728842E2	5.013043310E2	1.359073751E2
1.490895739E2	5.013781843E2	1.405639345E2
1.491062637E2	5.012709357E2	1.442592250E2
1.491229534E2	5.013417600E2	1.462793596E2
1.491396432E2	5.012904621E2	1.476897372E2
1.491563329E2	5.013318255E2	1.486000432E2
1.491730227E2	5.012468778E2	1.499883863E2
1.491897124E2	5.012717395E2	1.516426092E2
1.492064022E2	5.012350884E2	1.531849193E2
1.492230919E2	5.012635688E2	1.538965889E2
1.492397817E2	5.012850202E2	1.548599464E2
1.492564715E2	5.012674683E2	1.556566230E2
1.492731612E2	5.014682673E2	1.569329204E2
1.492898510E2	5.011919942E2	1.589706311E2
1.493065407E2	5.012173172E2	1.617827653E2
1.493232305E2	5.013434581E2	1.652835501E2
1.493399202E2	5.013445270E2	1.680744255E2
1.493566100E2	5.012616271E2	1.703520644E2
1.493732997E2	5.012968304E2	1.722402946E2
1.493899895E2	5.013798884E2	1.750373991E2
1.494066792E2	5.013138412E2	1.798175539E2
1.494233690E2	5.014241215E2	1.859928447E2
1.494400587E2	5.013304801E2	1.908436661E2
1.494567485E2	5.012921969E2	1.933048746E2
1.494734383E2	5.012197486E2	1.951047318E2
1.494901280E2	5.013171517E2	1.984698993E2
1.495068178E2	5.013643884E2	2.030326112E2
1.495235075E2	5.013358029E2	2.064751139E2
1.495401973E2	5.013327570E2	2.089794240E2
1.495568870E2	5.012663404E2	2.113869372E2
1.495735768E2	5.013684858E2	2.144352149E2
1.495902665E2	5.013537088E2	2.171067361E2
1.496069563E2	5.012726838E2	2.195966612E2
1.496236460E2	5.012727560E2	2.225495476E2
1.496403358E2	5.012496515E2	2.271277938E2
1.496570256E2	5.012375321E2	2.312351401E2
1.496737153E2	5.013002504E2	2.335417833E2
1.496904051E2	5.012545147E2	2.351186853E2
1.497070948E2	5.013760189E2	2.379583963E2
1.497237846E2	5.013228208E2	2.417369854E2
1.497404743E2	5.012669188E2	2.450474943E2
1.497571641E2	5.012753591E2	2.482933862E2
1.497738538E2	5.012449775E2	2.517482132E2
1.497905436E2	5.012285618E2	2.556487280E2
1.498072333E2	5.014529309E2	2.577941653E2
1.498239231E2	5.012732963E2	2.600751427E2
1.498406128E2	5.013916052E2	2.622111927E2
1.498573026E2	5.012833223E2	2.636330408E2
1.498739924E2	5.013655395E2	2.654485782E2
1.498906821E2	5.013066641E2	2.673762927E2
1.499073719E2	5.013066375E2	2.690831361E2
1.499240616E2	5.012449545E2	2.706199372E2
1.499407514E2	5.012242753E2	2.729701149E2
1.499574411E2	5.013540972E2	2.762703444E2
1.499741309E2	5.012974337E2	2.805467860E2
1.499908206E2	5.012183842E2	2.861708967E2
1.500075104E2	5.013184160E2	2.927998973E2
1.500242001E2	5.013153342E2	2.974713592E2
1.500408899E2	5.012458494E2	3.011855436E2
1.500575797E2	5.013626875E2	3.048231177E2
1.500742694E2	5.013003899E2	3.081659865E2
1.500909592E2	5.012562432E2	3.108366433E2
1.501076489E2	5.012811308E2	3.137141599E2
1.501243387E2	5.012998552E2	3.165821584E2
1.501410284E2	5.013546438E2	3.198350540E2
1.501577182E2	5.013108811E2	3.247584909E2
1.501744079E2	5.013256121E2	3.288850952E2
1.501910977E2	5.014168595E2	3.314285850E2
1.502077874E2	5.013205410E2	3.329062478E2
1.502244772E2	5.013330193E2	3.343194760E2
1.502411669E2	5.012382606E2	3.361428725E2
1.502578567E2	5.012039546E2	3.371142771E2
1.502745465E2	5.012099136E2	3.379296550E2
1.502912362E2	5.012770508E2	3.387759160E2
1.503079260E2	5.012219569E2	3.402501688E2
1.503246157E2	5.012616728E2	3.412327051E2
1.503413055E2	5.012623336E2	3.419421900E2
1.503579952E2	5.012187762E2	3.427404281E2
1.503746850E2	5.012414863E2	3.434733826E2
1.503913747E2	5.014472760E2	3.452878569E2
1.504080645E2	5.013864136E2	3.477061216E2
1.504247542E2	5.012429845E2	3.500999626E2
1.504414440E2	5.012243434E2	3.525697815E2
1.504581338E2	5.013084044E2	3.546780114E2
1.504748235E2	5.012611198E2	3.565618551E2
1.504915133E2	5.012686480E2	3.584012864E2
1.505082030E2	5.012702207E2	3.608897028E2
1.505248928E2	5.012650859E2	3.649040381E2
1.505415825E2	5.013026481E2	3.697425338E2
1.505582723E2	5.014029644E2	3.746971062E2
1.505749620E2	5.013127489E2	3.782741956E2
1.505916518E2	5.012154267E2	3.810447329E2
1.506083415E2	5.012974306E2	3.829995637E2
1.506250313E2	5.013529170E2	3.844019041E2
1.506417210E2	5.013276772E2	3.863067873E2
1.506584108E2	5.012839428E2	3.888614008E2
1.506751006E2	5.012601197E2	3.927070636E2
1.506917903E2	5.013059234E2	3.971072836E2
1.507084801E2	5.012406016E2	4.031547188E2
1.507251698E2	5.013131124E2	4.076832394E2
1.507418596E2	5.013193207E2	4.106768741E2
1.507585493E2	5.013592412E2	4.136862013E2
1.507752391E2	5.012745272E2	4.175436564E2
1.507919288E2	5.013136624E2	4.218175890E2
1.508086186E2	5.012401867E2	4.248805381E2
1.508253083E2	5.013160151E2	4.264601349E2
1.508419981E2	5.012836236E2	4.276051258E2
1.508586879E2	5.012638533E2	4.297059254E2
1.508753776E2	5.011793721E2	4.329077813E2
1.508920674E2	5.013549610E2	4.363844073E2
1.509087571E2	5.012994407E2	4.397046329E2
1.509254469E2	5.013061908E2	4.438362335E2
1.509421366E2	5.013199616E2	4.479984387E2
1.509588264E2	5.012241915E2	4.520027670E2
1.509755161E2	5.012331376E2	4.543704582E2
1.509922059E2	5.012477852E2	4.553313699E2
1.510088956E2	5.012403650E2	4.561541111E2
1.510255854E2	5.013275813E2	4.562354693E2
1.510422751E2	5.012350851E2	4.568973458E2
1.510589649E2	5.011668470E2	4.582053350E2
1.510756547E2	5.012676987E2	4.595039607E2
1.510923444E2	5.012187431E2	4.617675299E2
1.511090342E2	5.013307247E2	4.647657810E2
1.511257239E2	5.013057842E2	4.679214069E2
1.511424137E2	5.012404644E2	4.707377402E2
1.511591034E2	5.012123852E2	4.732021868E2
1.511757932E2	5.012390403E2	4.756841568E2
1.511924829E2	5.014201328E2	4.775795235E2
1.512091727E2	5.012172970E2	4.789985835E2
1.512258624E2	5.014001004E2	4.804742114E2
1.512425522E2	5.013849300E2	4.818735052E2
1.512592420E2	5.013170938E2	4.831095866E2
1.512759317E2	5.012156172E2	4.837812350E2
