202-I_row-3_post-24_ref
t	x	y
2.002770499E1	4.794673887E2	1.416974743E1
2.004439475E1	4.794691187E2	1.493118015E1
2.006108450E1	4.795347721E2	1.564954692E1
2.007777425E1	4.796635505E2	1.671303293E1
2.009446401E1	4.795298307E2	1.905854227E1
2.011115376E1	4.795259998E2	2.060511754E1
2.012784352E1	4.794600993E2	2.151770610E1
2.014453327E1	4.794797409E2	2.177811146E1
2.016122303E1	4.794820657E2	2.240041749E1
2.017791278E1	4.794853749E2	2.286519004E1
2.019460253E1	4.794922635E2	2.344492407E1
2.021129229E1	4.795461002E2	2.403089803E1
2.022798204E1	4.794223375E2	2.413046365E1
2.024467180E1	4.794241026E2	2.466414618E1
2.026136155E1	4.794526494E2	2.484027940E1
2.027805130E1	4.794976568E2	2.500130844E1
2.029474106E1	4.794543158E2	2.500293089E1
2.031143081E1	4.794378802E2	2.522202597E1
2.032812057E1	4.794430356E2	2.492235962E1
2.034481032E1	4.793796989E2	2.494689009E1
2.036150008E1	4.794600753E2	2.501092870E1
2.037818983E1	4.794554542E2	2.503635961E1
2.039487958E1	4.794783946E2	2.494598264E1
2.041156934E1	4.794827316E2	2.509404886E1
2.042825909E1	4.794734604E2	2.493618898E1
2.044494885E1	4.794906039E2	2.494181864E1
2.046163860E1	4.794857743E2	2.487082460E1
2.047832835E1	4.794869804E2	2.488805483E1
2.049501811E1	4.794868171E2	2.497116711E1
2.051170786E1	4.794632436E2	2.496626641E1
2.052839762E1	4.794423026E2	2.493181176E1
2.054508737E1	4.794237018E2	2.492296334E1
2.056177713E1	4.794365349E2	2.488570404E1
2.057846688E1	4.795479303E2	2.493295259E1
2.059515663E1	4.794991407E2	2.505013953E1
2.061184639E1	4.794284247E2	2.495786472E1
2.062853614E1	4.793671750E2	2.534703819E1
2.064522590E1	4.794984228E2	2.555478618E1
2.066191565E1	4.794250144E2	2.594959214E1
2.067860540E1	4.794789576E2	2.640981612E1
2.069529516E1	4.794890268E2	2.663754713E1
2.071198491E1	4.795526702E2	2.705829559E1
2.072867467E1	4.794683889E2	2.732620022E1
2.074536442E1	4.794523121E2	2.762583004E1
2.076205417E1	4.794820948E2	2.821373286E1
2.077874393E1	4.794173767E2	2.898848072E1
2.079543368E1	4.795221627E2	2.973336038E1
2.081212344E1	4.794786812E2	3.022095657E1
2.082881319E1	4.795139890E2	3.057385307E1
2.084550295E1	4.794157313E2	3.135210934E1
2.086219270E1	4.794922515E2	3.277232031E1
2.087888245E1	4.794778221E2	3.396098454E1
2.089557221E1	4.795380406E2	3.566895381E1
2.091226196E1	4.794710935E2	3.718768796E1
2.092895172E1	4.795329319E2	3.958925769E1
2.094564147E1	4.795116877E2	4.204904395E1
2.096233122E1	4.794500805E2	4.398157932E1
2.097902098E1	4.794691543E2	4.531492703E1
2.099571073E1	4.794866731E2	4.625912142E1
2.101240049E1	4.795951774E2	4.704570155E1
2.102909024E1	4.795357395E2	4.789067723E1
2.104578000E1	4.795002860E2	4.888719318E1
2.106246975E1	4.795019322E2	5.187667639E1
2.107915950E1	4.795056496E2	5.586147057E1
2.109584926E1	4.795161733E2	5.847456344E1
2.111253901E1	4.795204459E2	5.861199526E1
2.112922877E1	4.794877151E2	5.889792751E1
2.114591852E1	4.794880246E2	5.930655360E1
2.116260827E1	4.794563239E2	5.932314091E1
2.117929803E1	4.794643204E2	5.995363290E1
2.119598778E1	4.794330983E2	6.082750025E1
2.121267754E1	4.794649094E2	6.171180594E1
2.122936729E1	4.795197115E2	6.266910899E1
2.124605705E1	4.795018873E2	6.358212924E1
2.126274680E1	4.795357175E2	6.510991031E1
2.127943655E1	4.794457105E2	6.665323073E1
2.129612631E1	4.794397672E2	6.774960678E1
2.131281606E1	4.793811009E2	6.893077620E1
2.132950582E1	4.794651239E2	6.990820246E1
2.134619557E1	4.794203983E2	7.149308340E1
2.136288532E1	4.795089878E2	7.325214072E1
2.137957508E1	4.795294240E2	7.526251071E1
2.139626483E1	4.795494338E2	7.821200175E1
2.141295459E1	4.796231793E2	8.255635023E1
2.142964434E1	4.794828923E2	8.798761652E1
2.144633410E1	4.796519425E2	9.306036039E1
2.146302385E1	4.795325569E2	9.869285805E1
2.147971360E1	4.794354928E2	1.043783143E2
2.149640336E1	4.795346261E2	1.110041256E2
2.151309311E1	4.794693933E2	1.175834796E2
2.152978287E1	4.795149509E2	1.242565057E2
2.154647262E1	4.794357272E2	1.307976891E2
2.156316237E1	4.794087686E2	1.377209674E2
2.157985213E1	4.795014309E2	1.455364318E2
2.159654188E1	4.795854798E2	1.535364845E2
2.161323164E1	4.795126639E2	1.597179929E2
2.162992139E1	4.795901134E2	1.644234306E2
2.164661115E1	4.795045009E2	1.674386672E2
2.166330090E1	4.795436936E2	1.703816437E2
2.167999065E1	4.795456719E2	1.745790697E2
2.169668041E1	4.795699659E2	1.798230155E2
2.171337016E1	4.795127668E2	1.844750607E2
2.173005992E1	4.795919151E2	1.875142738E2
2.174674967E1	4.795686955E2	1.896074328E2
2.176343942E1	4.794879415E2	1.914714508E2
2.178012918E1	4.794785329E2	1.924016229E2
2.179681893E1	4.794852903E2	1.937501203E2
2.181350869E1	4.794909334E2	1.949851544E2
2.183019844E1	4.795393462E2	1.963782557E2
2.184688820E1	4.795022906E2	1.969962513E2
2.186357795E1	4.795690815E2	1.978280633E2
2.188026770E1	4.795140473E2	1.984037707E2
2.189695746E1	4.794960603E2	1.990577230E2
2.191364721E1	4.794903940E2	2.001312083E2
2.193033697E1	4.794293572E2	2.013690101E2
2.194702672E1	4.794187451E2	2.023963373E2
2.196371647E1	4.794608592E2	2.030425323E2
2.198040623E1	4.793825157E2	2.044981435E2
2.199709598E1	4.794938966E2	2.061578197E2
2.201378574E1	4.795210139E2	2.077511992E2
2.203047549E1	4.794806772E2	2.097803347E2
2.204716525E1	4.795001764E2	2.129104291E2
2.206385500E1	4.794455720E2	2.160643831E2
2.208054475E1	4.795186075E2	2.190854350E2
2.209723451E1	4.795448642E2	2.224697040E2
2.211392426E1	4.795280841E2	2.251176466E2
2.213061402E1	4.795388335E2	2.289914895E2
2.214730377E1	4.795204865E2	2.341334147E2
2.216399352E1	4.795824088E2	2.399806682E2
2.218068328E1	4.794706008E2	2.450644125E2
2.219737303E1	4.795351350E2	2.506625173E2
2.221406279E1	4.794787269E2	2.565604342E2
2.223075254E1	4.795598107E2	2.628759842E2
2.224744230E1	4.796408096E2	2.683987529E2
2.226413205E1	4.797108125E2	2.731472585E2
2.228082180E1	4.796817112E2	2.759786337E2
2.229751156E1	4.796365197E2	2.792282756E2
2.231420131E1	4.795542960E2	2.833737637E2
2.233089107E1	4.794977983E2	2.878108559E2
2.234758082E1	4.795030273E2	2.911106699E2
2.236427057E1	4.795001805E2	2.939848506E2
2.238096033E1	4.795825286E2	2.959669817E2
2.239765008E1	4.795613600E2	2.990441295E2
2.241433984E1	4.795427653E2	3.017980085E2
2.243102959E1	4.795417008E2	3.039841566E2
2.244771935E1	4.796690206E2	3.062902554E2
2.246440910E1	4.795369303E2	3.089140330E2
2.248109885E1	4.798138610E2	3.115358458E2
2.249778861E1	4.796417519E2	3.148875698E2
2.251447836E1	4.795525655E2	3.176352361E2
2.253116812E1	4.795508645E2	3.197074907E2
2.254785787E1	4.796622070E2	3.218426814E2
2.256454762E1	4.795325731E2	3.244770556E2
2.258123738E1	4.794753028E2	3.285167451E2
2.259792713E1	4.795724374E2	3.318447277E2
2.261461689E1	4.795792174E2	3.339977433E2
2.263130664E1	4.794937232E2	3.357936703E2
2.264799640E1	4.794845866E2	3.376447884E2
2.266468615E1	4.795197241E2	3.393098047E2
2.268137590E1	4.795499116E2	3.414129276E2
2.269806566E1	4.795449593E2	3.442831943E2
2.271475541E1	4.795991901E2	3.473910479E2
2.273144517E1	4.795002392E2	3.507558600E2
2.274813492E1	4.793649402E2	3.539657018E2
2.276482467E1	4.795736581E2	3.568460660E2
2.278151443E1	4.796073064E2	3.591669555E2
2.279820418E1	4.795395586E2	3.611894320E2
2.281489394E1	4.795550770E2	3.631485967E2
2.283158369E1	4.798239856E2	3.658030790E2
2.284827344E1	4.797484059E2	3.693142720E2
2.286496320E1	4.795359198E2	3.729639699E2
2.288165295E1	4.796403721E2	3.754994920E2
2.289834271E1	4.797039730E2	3.772150101E2
2.291503246E1	4.795512575E2	3.787919367E2
2.293172222E1	4.796984048E2	3.806711865E2
2.294841197E1	4.795180607E2	3.837577876E2
2.296510172E1	4.795594266E2	3.869113656E2
2.298179148E1	4.795034239E2	3.899920334E2
2.299848123E1	4.795320065E2	3.924364821E2
2.301517099E1	4.795091251E2	3.950967180E2
2.303186074E1	4.795610780E2	3.974960594E2
2.304855049E1	4.795485775E2	4.009228415E2
2.306524025E1	4.796687091E2	4.055523154E2
2.308193000E1	4.796096028E2	4.095906020E2
2.309861976E1	4.795673874E2	4.125291287E2
2.311530951E1	4.795698848E2	4.145532015E2
2.313199927E1	4.797519946E2	4.173523061E2
2.314868902E1	4.795124266E2	4.216387728E2
2.316537877E1	4.795501500E2	4.264362311E2
2.318206853E1	4.795461777E2	4.304843596E2
2.319875828E1	4.795573532E2	4.334531386E2
2.321544804E1	4.798112726E2	4.361831238E2
2.323213779E1	4.795722359E2	4.385564664E2
2.324882754E1	4.795593465E2	4.409437160E2
2.326551730E1	4.796395490E2	4.444700724E2
2.328220705E1	4.794725082E2	4.482198421E2
2.329889681E1	4.796461495E2	4.509260089E2
2.331558656E1	4.794705804E2	4.530417797E2
2.333227632E1	4.796335407E2	4.550461107E2
2.334896607E1	4.795520667E2	4.574523837E2
2.336565582E1	4.795502537E2	4.594286532E2
2.338234558E1	4.794100434E2	4.610905181E2
2.339903533E1	4.795221306E2	4.622402645E2
2.341572509E1	4.794803384E2	4.635477848E2
2.343241484E1	4.795425777E2	4.653684476E2
2.344910459E1	4.794401602E2	4.675225638E2
2.346579435E1	4.795317429E2	4.713268430E2
2.348248410E1	4.795344483E2	4.748943239E2
2.349917386E1	4.797258216E2	4.784896554E2
2.351586361E1	4.798484550E2	4.824766713E2
2.353255337E1	4.795151754E2	4.861842374E2
2.354924312E1	4.795806229E2	4.899803904E2
2.356593287E1	4.795891823E2	4.936304722E2
2.358262263E1	4.795211484E2	4.969879112E2
2.359931238E1	4.794557574E2	5.000175899E2
2.361600214E1	4.795404148E2	5.026185108E2
2.363269189E1	4.796092211E2	5.054618471E2
2.364938164E1	4.795891272E2	5.101792167E2
2.366607140E1	4.796811727E2	5.143222489E2
2.368276115E1	4.794731455E2	5.175701600E2
2.369945091E1	4.794757517E2	5.199030965E2
2.371614066E1	4.795083402E2	5.214263375E2
2.373283042E1	4.795448757E2	5.231949637E2
2.374952017E1	4.795075126E2	5.248494751E2
2.376620992E1	4.795427810E2	5.269409636E2
2.378289968E1	4.794905905E2	5.288290090E2
2.379958943E1	4.794984412E2	5.294831472E2
2.381627919E1	4.794554321E2	5.298033406E2
2.383296894E1	4.794659434E2	5.297577673E2
