202-I_row-3_post-24_wire
t	x	y
2.002770499E1	7.794399200E1	3.120662622E1
2.004439475E1	7.856883155E1	3.068050952E1
2.006108450E1	7.892295276E1	3.042744146E1
2.007777425E1	7.862047129E1	3.140101691E1
2.009446401E1	7.804870662E1	3.365008844E1
2.011115376E1	7.799936084E1	3.521728637E1
2.012784352E1	7.851250943E1	3.603137601E1
2.014453327E1	7.900013052E1	3.616713032E1
2.016122303E1	7.893659108E1	3.687919477E1
2.017791278E1	7.849118775E1	3.710107828E1
2.019460253E1	7.827069189E1	3.781278362E1
2.021129229E1	7.860709061E1	3.844482465E1
2.022798204E1	7.863571733E1	3.859525066E1
2.024467180E1	7.862212104E1	3.895195428E1
2.026136155E1	7.850946649E1	3.922993785E1
2.027805130E1	7.869303542E1	3.941255101E1
2.029474106E1	7.873794513E1	3.941459628E1
2.031143081E1	7.876907365E1	3.948843920E1
2.032812057E1	7.869648565E1	3.940808860E1
2.034481032E1	7.845852172E1	3.939828136E1
2.036150008E1	7.864901482E1	3.946825426E1
2.037818983E1	7.876873195E1	3.946587363E1
2.039487958E1	7.876924122E1	3.945068392E1
2.041156934E1	7.869429789E1	3.954844857E1
2.042825909E1	7.869741891E1	3.943566202E1
2.044494885E1	7.877037500E1	3.943683907E1
2.046163860E1	7.899692421E1	3.939706945E1
2.047832835E1	7.941512527E1	3.941793559E1
2.049501811E1	7.931016190E1	3.949590003E1
2.051170786E1	7.880603276E1	3.947595946E1
2.052839762E1	7.809049982E1	3.946978302E1
2.054508737E1	7.797109428E1	3.948242888E1
2.056177713E1	7.861933905E1	3.946064663E1
2.057846688E1	7.942754052E1	3.945196604E1
2.059515663E1	7.942246006E1	3.953279498E1
2.061184639E1	7.874702537E1	3.947706720E1
2.062853614E1	7.821494698E1	3.973432073E1
2.064522590E1	7.862798383E1	3.973338011E1
2.066191565E1	7.897737714E1	4.021145128E1
2.067860540E1	7.923930365E1	4.046385897E1
2.069529516E1	7.876917616E1	4.097985380E1
2.071198491E1	7.825820236E1	4.110075333E1
2.072867467E1	7.810693488E1	4.129364189E1
2.074536442E1	7.880999897E1	4.180918814E1
2.076205417E1	7.949267456E1	4.240235225E1
2.077874393E1	7.916700490E1	4.326069528E1
2.079543368E1	7.850783341E1	4.371519774E1
2.081212344E1	7.801313932E1	4.431517822E1
2.082881319E1	7.849372027E1	4.441979018E1
2.084550295E1	7.891366130E1	4.516004041E1
2.086219270E1	7.947288403E1	4.659632011E1
2.087888245E1	7.878576729E1	4.763922428E1
2.089557221E1	7.807031925E1	4.931470706E1
2.091226196E1	7.796842080E1	5.086667613E1
2.092895172E1	7.904295598E1	5.298737310E1
2.094564147E1	7.983138172E1	5.526489644E1
2.096233122E1	7.947329914E1	5.733646832E1
2.097902098E1	7.817889696E1	5.837165971E1
2.099571073E1	7.740520835E1	5.929983608E1
2.101240049E1	7.798403686E1	6.005139828E1
2.102909024E1	7.899553651E1	6.078982492E1
2.104578000E1	7.902590502E1	6.170416933E1
2.106246975E1	7.820129875E1	6.455962275E1
2.107915950E1	7.756486860E1	6.819077524E1
2.109584926E1	7.799678781E1	7.065364037E1
2.111253901E1	7.880843807E1	7.079475384E1
2.112922877E1	7.888151943E1	7.118800893E1
2.114591852E1	7.809142480E1	7.147759082E1
2.116260827E1	7.738356934E1	7.148128760E1
2.117929803E1	7.776985178E1	7.220115770E1
2.119598778E1	7.862443176E1	7.303919377E1
2.121267754E1	7.881067276E1	7.386413938E1
2.122936729E1	7.821496227E1	7.473358407E1
2.124605705E1	7.743349121E1	7.557180759E1
2.126274680E1	7.782313975E1	7.714626369E1
2.127943655E1	7.867597435E1	7.860501834E1
2.129612631E1	7.893147596E1	7.967426317E1
2.131281606E1	7.817330069E1	8.052638420E1
2.132950582E1	7.719905199E1	8.137920880E1
2.134619557E1	7.696887791E1	8.294279158E1
2.136288532E1	7.797371114E1	8.458344224E1
2.137957508E1	7.859218791E1	8.650957640E1
2.139626483E1	7.854511136E1	8.941992002E1
2.141295459E1	7.784989516E1	9.348078510E1
2.142964434E1	7.729267481E1	9.850880099E1
2.144633410E1	7.802097411E1	1.034058711E2
2.146302385E1	7.852075761E1	1.086756301E2
2.147971360E1	7.816962214E1	1.140117038E2
2.149640336E1	7.720208696E1	1.200489951E2
2.151309311E1	7.629464608E1	1.263753074E2
2.152978287E1	7.640238013E1	1.327907673E2
2.154647262E1	7.679070073E1	1.390087577E2
2.156316237E1	7.717848542E1	1.454440478E2
2.157985213E1	7.686117780E1	1.527783388E2
2.159654188E1	7.578551930E1	1.601345499E2
2.161323164E1	7.488964450E1	1.659845400E2
2.162992139E1	7.562259198E1	1.706636527E2
2.164661115E1	7.604389688E1	1.733860061E2
2.166330090E1	7.640813914E1	1.764500041E2
2.167999065E1	7.583944444E1	1.802768611E2
2.169668041E1	7.506746732E1	1.853013229E2
2.171337016E1	7.456694930E1	1.897029280E2
2.173005992E1	7.508571013E1	1.929038622E2
2.174674967E1	7.533914221E1	1.946219052E2
2.176343942E1	7.503447691E1	1.962903611E2
2.178012918E1	7.448920766E1	1.971752736E2
2.179681893E1	7.457958242E1	1.985679964E2
2.181350869E1	7.460010246E1	1.996577958E2
2.183019844E1	7.523710850E1	2.010924811E2
2.184688820E1	7.480454920E1	2.013508000E2
2.186357795E1	7.459257696E1	2.020231296E2
2.188026770E1	7.443585504E1	2.027473687E2
2.189695746E1	7.464943700E1	2.035899552E2
2.191364721E1	7.484163287E1	2.044600798E2
2.193033697E1	7.468333138E1	2.056244608E2
2.194702672E1	7.460933524E1	2.067455869E2
2.196371647E1	7.391448193E1	2.070840850E2
2.198040623E1	7.377037981E1	2.084639752E2
2.199709598E1	7.410671114E1	2.101087865E2
2.201378574E1	7.466143106E1	2.115747252E2
2.203047549E1	7.431478434E1	2.135197621E2
2.204716525E1	7.405327553E1	2.165738485E2
2.206385500E1	7.352458508E1	2.193053069E2
2.208054475E1	7.388952714E1	2.222870357E2
2.209723451E1	7.428605152E1	2.256123999E2
2.211392426E1	7.434390002E1	2.280987744E2
2.213061402E1	7.381221208E1	2.315361452E2
2.214730377E1	7.318465945E1	2.363858536E2
2.216399352E1	7.265978301E1	2.417524285E2
2.218068328E1	7.305261087E1	2.468440411E2
2.219737303E1	7.294081354E1	2.520731091E2
2.221406279E1	7.254171422E1	2.577537634E2
2.223075254E1	7.200936252E1	2.636016086E2
2.224744230E1	7.146349240E1	2.685556108E2
2.226413205E1	7.156037430E1	2.731595533E2
2.228082180E1	7.140187287E1	2.758619813E2
2.229751156E1	7.155327209E1	2.789846534E2
2.231420131E1	7.078969669E1	2.826797308E2
2.233089107E1	7.073110196E1	2.871147004E2
2.234758082E1	7.047996658E1	2.904333786E2
2.236427057E1	7.025284364E1	2.929999973E2
2.238096033E1	6.986539795E1	2.948659439E2
2.239765008E1	6.998416684E1	2.978762949E2
2.241433984E1	6.980492140E1	3.004947686E2
2.243102959E1	6.951313403E1	3.024660516E2
2.244771935E1	6.969972947E1	3.045475122E2
2.246440910E1	6.924956500E1	3.070133532E2
2.248109885E1	6.940799200E1	3.095468606E2
2.249778861E1	6.952879488E1	3.128257301E2
2.251447836E1	6.901467745E1	3.152589667E2
2.253116812E1	6.842123300E1	3.170398206E2
2.254785787E1	6.862082548E1	3.191961314E2
2.256454762E1	6.862298395E1	3.217297197E2
2.258123738E1	6.838031761E1	3.252842853E2
2.259792713E1	6.856205033E1	3.284302394E2
2.261461689E1	6.788890386E1	3.301871472E2
2.263130664E1	6.726995316E1	3.317068217E2
2.264799640E1	6.710073842E1	3.333875963E2
2.266468615E1	6.751468352E1	3.350731954E2
2.268137590E1	6.812866766E1	3.373591247E2
2.269806566E1	6.747282091E1	3.398732339E2
2.271475541E1	6.650685680E1	3.424215395E2
2.273144517E1	6.623329540E1	3.456438385E2
2.274813492E1	6.649382562E1	3.487693784E2
2.276482467E1	6.693973053E1	3.514787741E2
2.278151443E1	6.717685821E1	3.538628104E2
2.279820418E1	6.628062466E1	3.555433046E2
2.281489394E1	6.546022776E1	3.572238725E2
2.283158369E1	6.563181517E1	3.596539348E2
2.284827344E1	6.586491107E1	3.629797008E2
2.286496320E1	6.558617800E1	3.663833320E2
2.288165295E1	6.535339964E1	3.686869200E2
2.289834271E1	6.458927894E1	3.696660312E2
2.291503246E1	6.465022480E1	3.711306330E2
2.293172222E1	6.505934362E1	3.728429379E2
2.294841197E1	6.553791626E1	3.760541954E2
2.296510172E1	6.482719699E1	3.787640970E2
2.298179148E1	6.379778733E1	3.810265941E2
2.299848123E1	6.327917422E1	3.825002497E2
2.301517099E1	6.352371989E1	3.849612986E2
2.303186074E1	6.418814916E1	3.874632107E2
2.304855049E1	6.436276321E1	3.907534841E2
2.306524025E1	6.377653396E1	3.947581064E2
2.308193000E1	6.272050422E1	3.970683035E2
2.309861976E1	6.161400575E1	3.990812653E2
2.311530951E1	6.189540383E1	4.007851253E2
2.313199927E1	6.319088000E1	4.038727569E2
2.314868902E1	6.286525877E1	4.079899758E2
2.316537877E1	6.216219502E1	4.120127194E2
2.318206853E1	6.022625388E1	4.139263520E2
2.319875828E1	5.947240871E1	4.155985542E2
2.321544804E1	6.009507557E1	4.179725600E2
2.323213779E1	6.113387474E1	4.204095830E2
2.324882754E1	6.168112958E1	4.227162915E2
2.326551730E1	6.125056778E1	4.259718486E2
2.328220705E1	5.904936197E1	4.278355720E2
2.329889681E1	5.897054695E1	4.293132641E2
2.331558656E1	5.898211138E1	4.310385233E2
2.333227632E1	5.974748630E1	4.327888378E2
2.334896607E1	6.029025008E1	4.351208759E2
2.336565582E1	5.967039133E1	4.368077504E2
2.338234558E1	5.829484596E1	4.376244153E2
2.339903533E1	5.771691722E1	4.376246642E2
2.341572509E1	5.831936963E1	4.390104270E2
2.343241484E1	5.907101662E1	4.408504295E2
2.344910459E1	5.890972464E1	4.426213137E2
2.346579435E1	5.855057074E1	4.458128679E2
2.348248410E1	5.754544093E1	4.482435348E2
