202-I_row-4_post-21_ref
t	x	y
6.585776992E1	4.905846472E2	2.708947907E1
6.587445967E1	4.907564667E2	2.778947517E1
6.589114942E1	4.906275715E2	2.865927968E1
6.590783918E1	4.905592064E2	3.092212427E1
6.592452893E1	4.905850897E2	3.602002016E1
6.594121869E1	4.905853880E2	4.114191183E1
6.595790844E1	4.904846923E2	4.450869499E1
6.597459819E1	4.905857219E2	4.665510339E1
6.599128795E1	4.905798861E2	4.837134798E1
6.600797770E1	4.905129603E2	5.042330461E1
6.602466746E1	4.905995050E2	5.274989579E1
6.604135721E1	4.907799671E2	5.578011396E1
6.605804696E1	4.907241299E2	5.887487387E1
6.607473672E1	4.906368487E2	6.152556714E1
6.609142647E1	4.905139674E2	6.359275170E1
6.610811623E1	4.906088047E2	6.614372213E1
6.612480598E1	4.905579598E2	6.961800768E1
6.614149574E1	4.906615438E2	7.295210856E1
6.615818549E1	4.906645632E2	7.555825800E1
6.617487524E1	4.906295165E2	7.805319093E1
6.619156500E1	4.906002914E2	8.125921729E1
6.620825475E1	4.904933951E2	8.544507951E1
6.622494451E1	4.905656341E2	9.086096370E1
6.624163426E1	4.905573769E2	9.519272118E1
6.625832401E1	4.906910934E2	9.859594812E1
6.627501377E1	4.907382643E2	1.016744667E2
6.629170352E1	4.906016721E2	1.043646895E2
6.630839328E1	4.905944927E2	1.081899551E2
6.632508303E1	4.906450481E2	1.117883078E2
6.634177279E1	4.906321457E2	1.157626189E2
6.635846254E1	4.905956149E2	1.197544298E2
6.637515229E1	4.905474693E2	1.232099031E2
6.639184205E1	4.905505684E2	1.272823485E2
6.640853180E1	4.906395267E2	1.309354599E2
6.642522156E1	4.905195775E2	1.336503455E2
6.644191131E1	4.906755554E2	1.363218426E2
6.645860106E1	4.905838526E2	1.393653439E2
6.647529082E1	4.906086443E2	1.427993120E2
6.649198057E1	4.905202294E2	1.465126410E2
6.650867033E1	4.906668649E2	1.502965556E2
6.652536008E1	4.906674359E2	1.543048725E2
6.654204984E1	4.906198005E2	1.583938317E2
6.655873959E1	4.905513315E2	1.634582421E2
6.657542934E1	4.906738312E2	1.683236319E2
6.659211910E1	4.906560419E2	1.727986852E2
6.660880885E1	4.906492238E2	1.768660954E2
6.662549861E1	4.906528560E2	1.806720747E2
6.664218836E1	4.905577398E2	1.848525028E2
6.665887811E1	4.906152113E2	1.903594536E2
6.667556787E1	4.906829385E2	1.944598599E2
6.669225762E1	4.906769140E2	1.985581185E2
6.670894738E1	4.906648458E2	2.019774815E2
6.672563713E1	4.906722802E2	2.051253749E2
6.674232689E1	4.907014397E2	2.085347716E2
6.675901664E1	4.905827552E2	2.133968593E2
6.677570639E1	4.906301275E2	2.185469558E2
6.679239615E1	4.906909736E2	2.233058828E2
6.680908590E1	4.906281609E2	2.274840580E2
6.682577566E1	4.906739598E2	2.309838881E2
6.684246541E1	4.906332006E2	2.342596686E2
6.685915516E1	4.907250124E2	2.378523801E2
6.687584492E1	4.906870721E2	2.423239214E2
6.689253467E1	4.907348284E2	2.477800558E2
6.690922443E1	4.906766567E2	2.536714211E2
6.692591418E1	4.907180393E2	2.593213196E2
6.694260394E1	4.907088341E2	2.635003205E2
6.695929369E1	4.906960138E2	2.670876093E2
6.697598344E1	4.907422549E2	2.702911786E2
6.699267320E1	4.907655818E2	2.740330519E2
6.700936295E1	4.907549688E2	2.783999833E2
6.702605271E1	4.906155008E2	2.822365052E2
6.704274246E1	4.906049264E2	2.849373556E2
6.705943221E1	4.906865499E2	2.877584215E2
6.707612197E1	4.907938723E2	2.902603023E2
6.709281172E1	4.906731922E2	2.939211795E2
6.710950148E1	4.906748000E2	2.985949642E2
6.712619123E1	4.906109159E2	3.031287943E2
6.714288099E1	4.906153858E2	3.070354615E2
6.715957074E1	4.906796772E2	3.103130943E2
6.717626049E1	4.907375421E2	3.126220506E2
6.719295025E1	4.908338729E2	3.152483038E2
6.720964000E1	4.906636860E2	3.178570243E2
6.722632976E1	4.907196031E2	3.208073705E2
6.724301951E1	4.907107030E2	3.242321279E2
6.725970926E1	4.906747331E2	3.276770044E2
6.727639902E1	4.906589727E2	3.314851415E2
6.729308877E1	4.906176272E2	3.343787033E2
6.730977853E1	4.906770720E2	3.374166202E2
6.732646828E1	4.907243995E2	3.417718362E2
6.734315804E1	4.906627987E2	3.472049570E2
6.735984779E1	4.907185968E2	3.523803404E2
6.737653754E1	4.906698399E2	3.572314008E2
6.739322730E1	4.906599564E2	3.611426400E2
6.740991705E1	4.908320848E2	3.651342676E2
6.742660681E1	4.906672945E2	3.696237151E2
6.744329656E1	4.906856549E2	3.745178125E2
6.745998631E1	4.907265564E2	3.798655557E2
6.747667607E1	4.909535072E2	3.854989793E2
6.749336582E1	4.907425667E2	3.917334481E2
6.751005558E1	4.909129954E2	3.975701899E2
6.752674533E1	4.907866969E2	4.036417336E2
6.754343509E1	4.906451710E2	4.098005873E2
6.756012484E1	4.907062984E2	4.161641386E2
6.757681459E1	4.908129247E2	4.235872385E2
6.759350435E1	4.908844653E2	4.305598121E2
6.761019410E1	4.906993250E2	4.367809821E2
6.762688386E1	4.907162622E2	4.433249936E2
6.764357361E1	4.908915148E2	4.493666722E2
6.766026336E1	4.907419647E2	4.537357492E2
6.767695312E1	4.907822088E2	4.584049551E2
6.769364287E1	4.906294896E2	4.635820263E2
6.771033263E1	4.906533092E2	4.679957613E2
6.772702238E1	4.909158631E2	4.720022351E2
6.774371214E1	4.907405097E2	4.757875683E2
6.776040189E1	4.906145213E2	4.800101446E2
6.777709164E1	4.906433205E2	4.834476553E2
6.779378140E1	4.906500240E2	4.868551979E2
6.781047115E1	4.906776957E2	4.904467969E2
6.782716091E1	4.906963845E2	4.948527522E2
6.784385066E1	4.906969963E2	4.991623651E2
6.786054041E1	4.906976317E2	5.019984388E2
6.787723017E1	4.907587364E2	5.039140296E2
6.789391992E1	4.906558123E2	5.055905694E2
6.791060968E1	4.905915973E2	5.078976561E2
6.792729943E1	4.908452733E2	5.110312090E2
6.794398919E1	4.905710802E2	5.152629303E2
6.796067894E1	4.908175495E2	5.204734659E2
6.797736869E1	4.905543670E2	5.249466709E2
6.799405845E1	4.905717455E2	5.283690712E2
6.801074820E1	4.908389981E2	5.313622194E2
6.802743796E1	4.906088758E2	5.351416490E2
6.804412771E1	4.905721875E2	5.410246330E2
6.806081746E1	4.905783329E2	5.481641742E2
6.807750722E1	4.906365178E2	5.549789741E2
6.809419697E1	4.906511660E2	5.614402086E2
6.811088673E1	4.905765465E2	5.669924404E2
6.812757648E1	4.906879899E2	5.719050822E2
6.814426623E1	4.906251514E2	5.761049161E2
6.816095599E1	4.906903052E2	5.806231867E2
6.817764574E1	4.906512896E2	5.837215879E2
6.819433550E1	4.906191190E2	5.853627893E2
6.821102525E1	4.905005857E2	5.866966139E2
6.822771501E1	4.905591915E2	5.877719538E2
6.824440476E1	4.906508994E2	5.889333843E2
6.826109451E1	4.907910883E2	5.898355450E2
6.827778427E1	4.906334159E2	5.902674610E2
6.829447402E1	4.907283083E2	5.907084135E2
6.831116378E1	4.905746193E2	5.910137065E2
6.832785353E1	4.904349699E2	5.912158894E2
6.834454328E1	4.905298046E2	5.913737613E2
6.836123304E1	4.905065055E2	5.912887065E2
6.837792279E1	4.904887538E2	5.912833335E2
6.839461255E1	4.905847459E2	5.912398997E2
6.841130230E1	4.906630422E2	5.911408721E2
6.842799206E1	4.905362120E2	5.912252648E2
6.844468181E1	4.904413799E2	5.911671982E2
6.846137156E1	4.904777884E2	5.911472885E2
6.847806132E1	4.905335772E2	5.911523905E2
6.849475107E1	4.904695947E2	5.912427021E2
6.851144083E1	4.905354857E2	5.912359590E2
6.852813058E1	4.904897647E2	5.911700142E2
6.854482033E1	4.903426620E2	5.910757378E2
6.856151009E1	4.905153116E2	5.910858887E2
6.857819984E1	4.904981550E2	5.907399774E2
6.859488960E1	4.905932334E2	5.904048353E2
6.861157935E1	4.905454272E2	5.902977613E2
6.862826911E1	4.906005795E2	5.898697057E2
6.864495886E1	4.905992725E2	5.893737927E2
6.866164861E1	4.906319842E2	5.886462478E2
6.867833837E1	4.905549605E2	5.876008545E2
6.869502812E1	4.905859715E2	5.837954081E2
6.871171788E1	4.905599723E2	5.731452941E2
6.872840763E1	4.904170021E2	5.565194515E2
6.874509738E1	4.905615591E2	5.339231915E2
6.876178714E1	4.903492980E2	5.079390755E2
6.877847689E1	4.903888236E2	4.812740910E2
6.879516665E1	4.903659483E2	4.565210241E2
6.881185640E1	4.899283130E2	4.285733219E2
6.882854616E1	4.896986459E2	3.925633667E2
6.884523591E1	4.893366534E2	3.485002946E2
6.886192566E1	4.888859806E2	3.002620759E2
6.887861542E1	4.884178666E2	2.493390195E2
6.889530517E1	4.879651503E2	1.922702606E2
6.891199493E1	4.877696909E2	1.419423445E2
6.892868468E1	4.876365143E2	1.002811620E2
6.894537443E1	4.872972609E2	6.870108377E1
6.896206419E1	4.874346891E2	5.187437115E1
6.897875394E1	4.873074853E2	4.494183520E1
6.899544370E1	4.873309623E2	4.212422642E1
6.901213345E1	4.872996453E2	4.035458385E1
6.902882321E1	4.873052158E2	3.945600060E1
6.904551296E1	4.873350163E2	3.933321625E1
6.906220271E1	4.871732274E2	3.926534108E1
6.907889247E1	4.871881330E2	3.924866164E1
6.909558222E1	4.872669868E2	3.938845744E1
6.911227198E1	4.872702619E2	3.938096052E1
6.912896173E1	4.872407233E2	3.945049647E1
6.914565148E1	4.872546183E2	3.948675878E1
6.916234124E1	4.872491858E2	3.931070556E1
6.917903099E1	4.872986365E2	3.948116120E1
6.919572075E1	4.871755010E2	3.953119673E1
6.921241050E1	4.872582356E2	3.953606455E1
6.922910026E1	4.872534420E2	3.948642265E1
6.924579001E1	4.872569866E2	3.941162128E1
6.926247976E1	4.872498432E2	3.943566720E1
6.927916952E1	4.872416282E2	3.986397768E1
6.929585927E1	4.872643605E2	3.954965173E1
6.931254903E1	4.872806949E2	3.964690361E1
