202-I_row-5_post-22_ref
t	x	y
1.727222658E2	5.075794041E2	3.672221597E1
1.727389556E2	5.075941196E2	4.008868967E1
1.727556453E2	5.076487626E2	4.326100717E1
1.727723351E2	5.075942058E2	4.433823978E1
1.727890248E2	5.075461429E2	4.497039471E1
1.728057146E2	5.075145815E2	4.499043888E1
1.728224043E2	5.074912983E2	4.501410730E1
1.728390941E2	5.075260435E2	4.504048358E1
1.728557838E2	5.075662988E2	4.503975381E1
1.728724736E2	5.075625132E2	4.511443251E1
1.728891633E2	5.075390769E2	4.504221232E1
1.729058531E2	5.075916843E2	4.501909867E1
1.729225429E2	5.075747028E2	4.494018736E1
1.729392326E2	5.074950356E2	4.494612026E1
1.729559224E2	5.075476957E2	4.495261005E1
1.729726121E2	5.075607420E2	4.488452070E1
1.729893019E2	5.076482572E2	4.493028745E1
1.730059916E2	5.075977979E2	4.492507476E1
1.730226814E2	5.076420599E2	4.490198730E1
1.730393711E2	5.075601419E2	4.491793055E1
1.730560609E2	5.076187607E2	4.494819909E1
1.730727506E2	5.075865842E2	4.487635564E1
1.730894404E2	5.075820416E2	4.492763769E1
1.731061301E2	5.075753123E2	4.492333593E1
1.731228199E2	5.075585858E2	4.490701603E1
1.731395097E2	5.075856324E2	4.491746918E1
1.731561994E2	5.076173786E2	4.489083906E1
1.731728892E2	5.075502306E2	4.492563839E1
1.731895789E2	5.075794556E2	4.490340522E1
1.732062687E2	5.075765667E2	4.485170467E1
1.732229584E2	5.075674565E2	4.492959819E1
1.732396482E2	5.075969811E2	4.492838303E1
1.732563379E2	5.076045934E2	4.490859637E1
1.732730277E2	5.076014955E2	4.490166423E1
1.732897174E2	5.075764539E2	4.490896038E1
1.733064072E2	5.075893846E2	4.490041693E1
1.733230970E2	5.075663777E2	4.495039056E1
1.733397867E2	5.074714751E2	4.486711833E1
1.733564765E2	5.075745398E2	4.488948463E1
1.733731662E2	5.075616577E2	4.495349193E1
1.733898560E2	5.075583662E2	4.493641210E1
1.734065457E2	5.075405292E2	4.489411131E1
1.734232355E2	5.075750671E2	4.498479668E1
1.734399252E2	5.075563898E2	4.498422753E1
1.734566150E2	5.075765225E2	4.494033393E1
1.734733047E2	5.075701118E2	4.493222222E1
1.734899945E2	5.075597277E2	4.493503001E1
1.735066842E2	5.075602551E2	4.513685480E1
1.735233740E2	5.076041861E2	4.483953257E1
1.735400638E2	5.075983708E2	4.490800322E1
1.735567535E2	5.075915368E2	4.488221865E1
1.735734433E2	5.075473782E2	4.496659647E1
1.735901330E2	5.075147018E2	4.501183269E1
1.736068228E2	5.075582962E2	4.496165313E1
1.736235125E2	5.075724383E2	4.500856485E1
1.736402023E2	5.075846422E2	4.497075793E1
1.736568920E2	5.075771806E2	4.490191130E1
1.736735818E2	5.075736435E2	4.501286950E1
1.736902715E2	5.076123666E2	4.491380808E1
1.737069613E2	5.076124989E2	4.497187189E1
1.737236511E2	5.075818135E2	4.495808294E1
1.737403408E2	5.076110301E2	4.515251233E1
1.737570306E2	5.075758025E2	4.512730686E1
1.737737203E2	5.075324517E2	4.572921193E1
1.737904101E2	5.075956544E2	4.597161446E1
1.738070998E2	5.076073732E2	4.658774994E1
1.738237896E2	5.076400451E2	4.739221274E1
1.738404793E2	5.075729369E2	4.815323711E1
1.738571691E2	5.075347323E2	4.824556624E1
1.738738588E2	5.076015544E2	4.842462224E1
1.738905486E2	5.075966037E2	4.852865917E1
1.739072383E2	5.075475740E2	4.866969318E1
1.739239281E2	5.075467490E2	4.893963633E1
1.739406179E2	5.075743364E2	4.900762225E1
1.739573076E2	5.075730101E2	4.924762568E1
1.739739974E2	5.075469022E2	4.971377161E1
1.739906871E2	5.075587286E2	4.975874095E1
1.740073769E2	5.076160128E2	4.992697682E1
1.740240666E2	5.075931400E2	4.989000044E1
1.740407564E2	5.076254807E2	5.011407883E1
1.740574461E2	5.075768977E2	5.056242836E1
1.740741359E2	5.075692663E2	5.074576875E1
1.740908256E2	5.075727213E2	5.147931699E1
1.741075154E2	5.075227817E2	5.234128866E1
1.741242052E2	5.075278754E2	5.364025884E1
1.741408949E2	5.075493609E2	5.481244654E1
1.741575847E2	5.075790525E2	5.561123822E1
1.741742744E2	5.075790794E2	5.637693816E1
1.741909642E2	5.075808336E2	5.791632152E1
1.742076539E2	5.075801587E2	5.989582523E1
1.742243437E2	5.076303028E2	6.344693060E1
1.742410334E2	5.075912930E2	6.569868101E1
1.742577232E2	5.075905386E2	6.698510289E1
1.742744129E2	5.075676717E2	6.803653026E1
1.742911027E2	5.075860566E2	6.948670337E1
1.743077924E2	5.075942645E2	7.101243412E1
1.743244822E2	5.076042380E2	7.293290607E1
1.743411720E2	5.075610350E2	7.519613948E1
1.743578617E2	5.075704438E2	7.612888921E1
1.743745515E2	5.076496443E2	7.751120833E1
1.743912412E2	5.076090349E2	7.871600574E1
1.744079310E2	5.076788947E2	7.967781237E1
1.744246207E2	5.076191005E2	8.025134869E1
1.744413105E2	5.075502567E2	8.041159828E1
1.744580002E2	5.076357908E2	8.093978484E1
1.744746900E2	5.075782177E2	8.132159987E1
1.744913797E2	5.075355904E2	8.197814584E1
1.745080695E2	5.075828439E2	8.262492426E1
1.745247593E2	5.076389675E2	8.292677230E1
1.745414490E2	5.076157517E2	8.345157097E1
1.745581388E2	5.075915793E2	8.437391140E1
1.745748285E2	5.076676660E2	8.523885960E1
1.745915183E2	5.076301191E2	8.690382975E1
1.746082080E2	5.075458124E2	8.812185075E1
1.746248978E2	5.075568459E2	8.964895795E1
1.746415875E2	5.075126340E2	9.070735870E1
1.746582773E2	5.075484581E2	9.176082239E1
1.746749670E2	5.074760549E2	9.370648420E1
1.746916568E2	5.075856829E2	9.663803855E1
1.747083465E2	5.076733008E2	9.988054500E1
1.747250363E2	5.075991491E2	1.023474068E2
1.747417261E2	5.076915605E2	1.039524163E2
1.747584158E2	5.075221144E2	1.057729868E2
1.747751056E2	5.075331868E2	1.077277857E2
1.747917953E2	5.076180549E2	1.098104404E2
1.748084851E2	5.076135424E2	1.137661166E2
1.748251748E2	5.077459085E2	1.183209797E2
1.748418646E2	5.075638585E2	1.234393942E2
1.748585543E2	5.076355380E2	1.295888524E2
1.748752441E2	5.075640828E2	1.353071615E2
1.748919338E2	5.076068009E2	1.407248875E2
1.749086236E2	5.076443358E2	1.454832212E2
1.749253134E2	5.076839432E2	1.500570846E2
1.749420031E2	5.076013225E2	1.540769790E2
1.749586929E2	5.076055046E2	1.573745512E2
1.749753826E2	5.076736451E2	1.605333047E2
1.749920724E2	5.076035799E2	1.638987107E2
1.750087621E2	5.076145489E2	1.670264832E2
1.750254519E2	5.076619330E2	1.700097390E2
1.750421416E2	5.076397080E2	1.728590896E2
1.750588314E2	5.075479675E2	1.751041771E2
1.750755211E2	5.076058008E2	1.773716958E2
1.750922109E2	5.077478265E2	1.796138497E2
1.751089006E2	5.076045320E2	1.814755947E2
1.751255904E2	5.075338707E2	1.836972825E2
1.751422802E2	5.076773199E2	1.852216918E2
1.751589699E2	5.076782469E2	1.876743346E2
1.751756597E2	5.076879708E2	1.899571347E2
1.751923494E2	5.076623152E2	1.934481127E2
1.752090392E2	5.076117453E2	1.968205235E2
1.752257289E2	5.076385593E2	2.000005750E2
1.752424187E2	5.076816464E2	2.025640297E2
1.752591084E2	5.076762125E2	2.047088559E2
1.752757982E2	5.076306535E2	2.068906267E2
1.752924879E2	5.076539382E2	2.092284929E2
1.753091777E2	5.075531914E2	2.117268321E2
1.753258674E2	5.076243780E2	2.139171170E2
1.753425572E2	5.076493032E2	2.155922049E2
1.753592470E2	5.076383094E2	2.171837457E2
1.753759367E2	5.076513189E2	2.189011981E2
1.753926265E2	5.075812901E2	2.206421014E2
1.754093162E2	5.076176182E2	2.221398363E2
1.754260060E2	5.075989125E2	2.232594371E2
1.754426957E2	5.076078050E2	2.261815055E2
1.754593855E2	5.076227935E2	2.296478265E2
1.754760752E2	5.076537673E2	2.341406891E2
1.754927650E2	5.076219009E2	2.381463095E2
1.755094547E2	5.076559929E2	2.412657950E2
1.755261445E2	5.077268876E2	2.444836534E2
1.755428343E2	5.076079531E2	2.476941950E2
1.755595240E2	5.076811803E2	2.520291209E2
1.755762138E2	5.076188444E2	2.578572540E2
1.755929035E2	5.076565669E2	2.625823249E2
1.756095933E2	5.076090802E2	2.673626866E2
1.756262830E2	5.076309554E2	2.713901959E2
1.756429728E2	5.076856184E2	2.756513189E2
1.756596625E2	5.076088098E2	2.806005921E2
1.756763523E2	5.077269490E2	2.869399531E2
1.756930420E2	5.077273924E2	2.921086704E2
1.757097318E2	5.078126641E2	2.958857747E2
1.757264215E2	5.076662956E2	2.999408724E2
1.757431113E2	5.076025146E2	3.048661829E2
1.757598011E2	5.076608879E2	3.108724307E2
1.757764908E2	5.076306241E2	3.190422827E2
1.757931806E2	5.080409891E2	3.265322788E2
1.758098703E2	5.082700372E2	3.344940906E2
1.758265601E2	5.082385048E2	3.420444927E2
1.758432498E2	5.083605510E2	3.485976713E2
1.758599396E2	5.084272059E2	3.553304058E2
1.758766293E2	5.084198458E2	3.616467880E2
1.758933191E2	5.084336614E2	3.675462235E2
1.759100088E2	5.084091628E2	3.741911074E2
1.759266986E2	5.085429534E2	3.821786243E2
1.759433884E2	5.084800940E2	3.890511257E2
1.759600781E2	5.084850986E2	3.931878659E2
1.759767679E2	5.085221736E2	3.956708822E2
1.759934576E2	5.084801357E2	3.981480966E2
1.760101474E2	5.084379760E2	4.009535942E2
1.760268371E2	5.084668561E2	4.045688248E2
1.760435269E2	5.083918004E2	4.078201111E2
1.760602166E2	5.084207263E2	4.106537780E2
1.760769064E2	5.084516412E2	4.127231535E2
1.760935961E2	5.084399350E2	4.152181264E2
1.761102859E2	5.086642058E2	4.185785779E2
1.761269756E2	5.085451497E2	4.234253582E2
1.761436654E2	5.085084642E2	4.296622866E2
1.761603552E2	5.085192616E2	4.350014135E2
1.761770449E2	5.084599477E2	4.383187561E2
1.761937347E2	5.085202602E2	4.398495978E2
1.762104244E2	5.084496610E2	4.411951557E2
1.762271142E2	5.085281924E2	4.431312518E2
1.762438039E2	5.084214489E2	4.461959570E2
1.762604937E2	5.083963393E2	4.492921067E2
1.762771834E2	5.083847901E2	4.517804985E2
1.762938732E2	5.084757722E2	4.532791594E2
1.763105629E2	5.084579554E2	4.547431248E2
1.763272527E2	5.085796791E2	4.563436924E2
1.763439425E2	5.085122323E2	4.585043098E2
1.763606322E2	5.084994490E2	4.609820159E2
1.763773220E2	5.084987340E2	4.636182102E2
1.763940117E2	5.086085136E2	4.657532248E2
1.764107015E2	5.084659844E2	4.676950579E2
1.764273912E2	5.085361624E2	4.694739291E2
1.764440810E2	5.084011374E2	4.710723555E2
1.764607707E2	5.084594239E2	4.734921464E2
1.764774605E2	5.084427841E2	4.769898180E2
1.764941502E2	5.084413537E2	4.817489978E2
1.765108400E2	5.084193926E2	4.874291464E2
1.765275297E2	5.084065900E2	4.934252155E2
1.765442195E2	5.083956474E2	4.987325388E2
1.765609093E2	5.086253389E2	5.032391176E2
1.765775990E2	5.085436888E2	5.069465979E2
1.765942888E2	5.086075167E2	5.106778249E2
1.766109785E2	5.084624936E2	5.154152984E2
1.766276683E2	5.085062027E2	5.211294016E2
1.766443580E2	5.085203304E2	5.265074586E2
1.766610478E2	5.085460824E2	5.301173681E2
1.766777375E2	5.084631421E2	5.334372760E2
1.766944273E2	5.084210250E2	5.368375369E2
1.767111170E2	5.084538840E2	5.401963444E2
1.767278068E2	5.085026103E2	5.435981343E2
1.767444966E2	5.084870616E2	5.476124753E2
