202-I_row-4_post-22_ref
t	x	y
1.014069463E2	1.807691771E3	-6.642581005E2
1.014236360E2	1.807735406E3	-6.595180254E2
1.014403258E2	1.807659033E3	-6.569868973E2
1.014570155E2	1.807769611E3	-6.551488832E2
1.014737053E2	1.807745492E3	-6.527940975E2
1.014903950E2	1.807695305E3	-6.507462743E2
1.015070848E2	1.807637537E3	-6.495182732E2
1.015237746E2	1.807655213E3	-6.489434936E2
1.015404643E2	1.807696365E3	-6.486098348E2
1.015571541E2	1.807701221E3	-6.485405524E2
1.015738438E2	1.807692141E3	-6.480656980E2
1.015905336E2	1.807683830E3	-6.479446927E2
1.016072233E2	1.807672111E3	-6.478226921E2
1.016239131E2	1.807605239E3	-6.476722802E2
1.016406028E2	1.807774245E3	-6.472117751E2
1.016572926E2	1.807666352E3	-6.464512644E2
1.016739823E2	1.807749689E3	-6.456605540E2
1.016906721E2	1.807637754E3	-6.447612058E2
1.017073619E2	1.807658804E3	-6.439752696E2
1.017240516E2	1.807666344E3	-6.430490994E2
1.017407414E2	1.807675067E3	-6.423276176E2
1.017574311E2	1.807747645E3	-6.417381438E2
1.017741209E2	1.807882011E3	-6.409372633E2
1.017908106E2	1.807693783E3	-6.401862877E2
1.018075004E2	1.807648130E3	-6.394965287E2
1.018241901E2	1.807730857E3	-6.387042283E2
1.018408799E2	1.807617555E3	-6.372390350E2
1.018575696E2	1.807722716E3	-6.364190328E2
1.018742594E2	1.807637220E3	-6.355455760E2
1.018909491E2	1.807679556E3	-6.339624868E2
1.019076389E2	1.807661597E3	-6.316108707E2
1.019243287E2	1.807683080E3	-6.293637543E2
1.019410184E2	1.807663395E3	-6.274128055E2
1.019577082E2	1.807674856E3	-6.250772355E2
1.019743979E2	1.807768865E3	-6.222932349E2
1.019910877E2	1.807738731E3	-6.176051695E2
1.020077774E2	1.807703382E3	-6.118581163E2
1.020244672E2	1.807631697E3	-6.053120433E2
1.020411569E2	1.807728120E3	-5.964434472E2
1.020578467E2	1.807661517E3	-5.890503141E2
1.020745364E2	1.807666931E3	-5.860965428E2
1.020912262E2	1.807681504E3	-5.840270479E2
1.021079160E2	1.807745281E3	-5.818805958E2
1.021246057E2	1.807669605E3	-5.785870910E2
1.021412955E2	1.807712589E3	-5.743286132E2
1.021579852E2	1.807728019E3	-5.702650079E2
1.021746750E2	1.807707943E3	-5.672314857E2
1.021913647E2	1.807644561E3	-5.645752059E2
1.022080545E2	1.807681193E3	-5.628245340E2
1.022247442E2	1.807652562E3	-5.613497781E2
1.022414340E2	1.807702822E3	-5.594579439E2
1.022581237E2	1.807718015E3	-5.570573005E2
1.022748135E2	1.807744093E3	-5.548307261E2
1.022915032E2	1.807668888E3	-5.532139181E2
1.023081930E2	1.807717585E3	-5.523734756E2
1.023248828E2	1.807721784E3	-5.507666909E2
1.023415725E2	1.807961187E3	-5.482835609E2
1.023582623E2	1.807819185E3	-5.433384639E2
1.023749520E2	1.807702994E3	-5.373131626E2
1.023916418E2	1.807740084E3	-5.320108150E2
1.024083315E2	1.807799833E3	-5.283162581E2
1.024250213E2	1.807695018E3	-5.254429043E2
1.024417110E2	1.807626387E3	-5.226768750E2
1.024584008E2	1.807656711E3	-5.194301271E2
1.024750905E2	1.807729971E3	-5.163373670E2
1.024917803E2	1.807829223E3	-5.127630441E2
1.025084701E2	1.807838542E3	-5.098402677E2
1.025251598E2	1.807856682E3	-5.065385695E2
1.025418496E2	1.807818364E3	-5.032638794E2
1.025585393E2	1.807726761E3	-4.999424862E2
1.025752291E2	1.807858532E3	-4.964406813E2
1.025919188E2	1.807744478E3	-4.903081695E2
1.026086086E2	1.807803842E3	-4.843492205E2
1.026252983E2	1.807794861E3	-4.787798579E2
1.026419881E2	1.807773926E3	-4.745176203E2
1.026586778E2	1.807763916E3	-4.703563890E2
1.026753676E2	1.807831131E3	-4.658642790E2
1.026920573E2	1.807842950E3	-4.605603535E2
1.027087471E2	1.807805827E3	-4.546861692E2
1.027254369E2	1.807860306E3	-4.504403207E2
1.027421266E2	1.807794786E3	-4.475291915E2
1.027588164E2	1.807778137E3	-4.445250156E2
1.027755061E2	1.807851168E3	-4.404099326E2
1.027921959E2	1.807767735E3	-4.359768606E2
1.028088856E2	1.807732047E3	-4.314318175E2
1.028255754E2	1.807735794E3	-4.278058190E2
1.028422651E2	1.807852101E3	-4.241305868E2
1.028589549E2	1.807882755E3	-4.207989756E2
1.028756446E2	1.807959938E3	-4.176047183E2
1.028923344E2	1.807740851E3	-4.155402724E2
1.029090242E2	1.807743908E3	-4.130852936E2
1.029257139E2	1.807715404E3	-4.092954016E2
1.029424037E2	1.807794344E3	-4.051031434E2
1.029590934E2	1.807620379E3	-4.020115459E2
1.029757832E2	1.807759939E3	-3.993975382E2
1.029924729E2	1.807742195E3	-3.965626679E2
1.030091627E2	1.807743061E3	-3.934202311E2
1.030258524E2	1.808043437E3	-3.880738154E2
1.030425422E2	1.808026994E3	-3.822773710E2
1.030592319E2	1.807885565E3	-3.761982151E2
1.030759217E2	1.807890457E3	-3.699761492E2
1.030926114E2	1.807934943E3	-3.632715002E2
1.031093012E2	1.807889342E3	-3.563708665E2
1.031259910E2	1.808060508E3	-3.506660649E2
1.031426807E2	1.807854755E3	-3.453956495E2
1.031593705E2	1.807908247E3	-3.395741158E2
1.031760602E2	1.807790491E3	-3.347061688E2
1.031927500E2	1.807847531E3	-3.295435769E2
1.032094397E2	1.807784922E3	-3.241525739E2
1.032261295E2	1.807681269E3	-3.174633248E2
1.032428192E2	1.807888802E3	-3.100345530E2
1.032595090E2	1.808215808E3	-3.013621994E2
1.032761987E2	1.808292968E3	-2.940359281E2
1.032928885E2	1.808470064E3	-2.872486087E2
1.033095782E2	1.808500785E3	-2.800679846E2
1.033262680E2	1.808596931E3	-2.728016568E2
1.033429578E2	1.808565638E3	-2.662905757E2
1.033596475E2	1.808522696E3	-2.613490455E2
1.033763373E2	1.808575261E3	-2.568585299E2
1.033930270E2	1.808518962E3	-2.537462736E2
1.034097168E2	1.808681304E3	-2.506991451E2
1.034264065E2	1.808635263E3	-2.477600857E2
1.034430963E2	1.808571822E3	-2.450022393E2
1.034597860E2	1.808629518E3	-2.428052664E2
1.034764758E2	1.808543030E3	-2.404720295E2
1.034931655E2	1.808688994E3	-2.377643081E2
1.035098553E2	1.808573318E3	-2.351934584E2
1.035265451E2	1.808532059E3	-2.318985705E2
1.035432348E2	1.808579291E3	-2.286480686E2
1.035599246E2	1.808715035E3	-2.251053088E2
1.035766143E2	1.808636122E3	-2.220276386E2
1.035933041E2	1.808581175E3	-2.185702429E2
1.036099938E2	1.808600790E3	-2.145282622E2
1.036266836E2	1.808532403E3	-2.103393593E2
1.036433733E2	1.808538944E3	-2.066102850E2
1.036600631E2	1.808605407E3	-2.024006335E2
1.036767528E2	1.808701974E3	-1.969650551E2
1.036934426E2	1.808597924E3	-1.912471285E2
1.037101323E2	1.808805364E3	-1.858216215E2
1.037268221E2	1.808747630E3	-1.818765737E2
1.037435119E2	1.808994922E3	-1.779239675E2
1.037602016E2	1.809010534E3	-1.736081170E2
1.037768914E2	1.809320232E3	-1.680007356E2
1.037935811E2	1.809250528E3	-1.617754428E2
1.038102709E2	1.809333923E3	-1.558241974E2
1.038269606E2	1.809347401E3	-1.504460582E2
1.038436504E2	1.809298886E3	-1.455693735E2
1.038603401E2	1.809230676E3	-1.396595058E2
1.038770299E2	1.809445249E3	-1.333262294E2
1.038937196E2	1.809500873E3	-1.278168779E2
