202-I_row-3_post-25_ref
t	x	y
3.311247225E1	4.746289384E2	2.177302654E1
3.312916201E1	4.746356536E2	2.240533340E1
3.314585176E1	4.746159616E2	2.339285241E1
3.316254152E1	4.746665711E2	2.488461958E1
3.317923127E1	4.746266926E2	2.603993772E1
3.319592102E1	4.746293459E2	2.721663895E1
3.321261078E1	4.745244981E2	2.768158059E1
3.322930053E1	4.747926195E2	2.805115566E1
3.324599029E1	4.746046954E2	2.860670197E1
3.326268004E1	4.746313552E2	2.946529002E1
3.327936979E1	4.746108633E2	3.026209830E1
3.329605955E1	4.746968818E2	3.108569699E1
3.331274930E1	4.746621636E2	3.179178243E1
3.332943906E1	4.746127657E2	3.241152456E1
3.334612881E1	4.746057591E2	3.272358189E1
3.336281857E1	4.747521896E2	3.291418482E1
3.337950832E1	4.746341033E2	3.313452865E1
3.339619807E1	4.746434959E2	3.319874033E1
3.341288783E1	4.745617309E2	3.330222506E1
3.342957758E1	4.745858059E2	3.325904075E1
3.344626734E1	4.746050764E2	3.326328901E1
3.346295709E1	4.745955054E2	3.333101290E1
3.347964684E1	4.745865298E2	3.332433952E1
3.349633660E1	4.746011803E2	3.324813502E1
3.351302635E1	4.745804628E2	3.330348378E1
3.352971611E1	4.745727703E2	3.338940727E1
3.354640586E1	4.745671883E2	3.334999056E1
3.356309562E1	4.745101116E2	3.324199175E1
3.357978537E1	4.746224663E2	3.323844353E1
3.359647512E1	4.745718961E2	3.327242081E1
3.361316488E1	4.746186009E2	3.326410584E1
3.362985463E1	4.745921317E2	3.334945929E1
3.364654439E1	4.746715738E2	3.329766785E1
3.366323414E1	4.746886223E2	3.325239635E1
3.367992389E1	4.746946071E2	3.324399148E1
3.369661365E1	4.746785276E2	3.324623054E1
3.371330340E1	4.746517204E2	3.331113518E1
3.372999316E1	4.746559783E2	3.321362750E1
3.374668291E1	4.746115008E2	3.328499550E1
3.376337267E1	4.746718624E2	3.328097858E1
3.378006242E1	4.746688911E2	3.328418546E1
3.379675217E1	4.746839670E2	3.326028991E1
3.381344193E1	4.746577830E2	3.338645024E1
3.383013168E1	4.745966397E2	3.404870864E1
3.384682144E1	4.746314506E2	3.581845724E1
3.386351119E1	4.746416627E2	3.899418021E1
3.388020094E1	4.746417376E2	4.290171473E1
3.389689070E1	4.747230237E2	4.640714469E1
3.391358045E1	4.746225752E2	4.945680475E1
3.393027021E1	4.746561409E2	5.151187444E1
3.394695996E1	4.746157122E2	5.311305536E1
3.396364972E1	4.745871231E2	5.562410433E1
3.398033947E1	4.746070859E2	5.998783688E1
3.399702922E1	4.745240298E2	6.624543593E1
3.401371898E1	4.746040635E2	7.306390546E1
3.403040873E1	4.745753650E2	7.770996304E1
3.404709849E1	4.745473460E2	8.116253445E1
3.406378824E1	4.745921069E2	8.438141074E1
3.408047799E1	4.745833797E2	8.769037957E1
3.409716775E1	4.746535693E2	9.077145571E1
3.411385750E1	4.746071232E2	9.331015624E1
3.413054726E1	4.746502506E2	9.555430614E1
3.414723701E1	4.746640926E2	9.897182312E1
3.416392677E1	4.746534036E2	1.007128015E2
3.418061652E1	4.745908873E2	1.023634359E2
3.419730627E1	4.745528555E2	1.044992941E2
3.421399603E1	4.745366784E2	1.064847009E2
3.423068578E1	4.747017124E2	1.084812147E2
3.424737554E1	4.746110631E2	1.115090276E2
3.426406529E1	4.745951125E2	1.145811622E2
3.428075504E1	4.747498874E2	1.167591206E2
3.429744480E1	4.746000511E2	1.182226622E2
3.431413455E1	4.746156348E2	1.190736674E2
3.433082431E1	4.747295297E2	1.205269372E2
3.434751406E1	4.746542956E2	1.228520572E2
3.436420382E1	4.746463551E2	1.272362339E2
3.438089357E1	4.745482839E2	1.328931277E2
3.439758332E1	4.745609959E2	1.387408123E2
3.441427308E1	4.747140269E2	1.441090777E2
3.443096283E1	4.746565986E2	1.483062336E2
3.444765259E1	4.748584089E2	1.516456505E2
3.446434234E1	4.747104361E2	1.547614128E2
3.448103209E1	4.745840027E2	1.576119726E2
3.449772185E1	4.745980747E2	1.600418605E2
3.451441160E1	4.746283337E2	1.629677054E2
3.453110136E1	4.747285192E2	1.671916469E2
3.454779111E1	4.747410096E2	1.721477612E2
3.456448087E1	4.746704832E2	1.765020206E2
3.458117062E1	4.747182234E2	1.793571808E2
3.459786037E1	4.746579153E2	1.823006638E2
3.461455013E1	4.746339206E2	1.875844731E2
3.463123988E1	4.746373674E2	1.957629717E2
3.464792964E1	4.747447470E2	2.040946698E2
3.466461939E1	4.746283028E2	2.098236175E2
3.468130914E1	4.746931802E2	2.130289096E2
3.469799890E1	4.746300021E2	2.148630082E2
3.471468865E1	4.747817395E2	2.165410069E2
3.473137841E1	4.746884699E2	2.189638601E2
3.474806816E1	4.746898088E2	2.226118722E2
3.476475792E1	4.747319364E2	2.269496539E2
3.478144767E1	4.747583709E2	2.300697271E2
3.479813742E1	4.747436337E2	2.327130888E2
3.481482718E1	4.747274988E2	2.345328635E2
3.483151693E1	4.746164570E2	2.362605685E2
3.484820669E1	4.747022315E2	2.378381507E2
3.486489644E1	4.747134688E2	2.392572146E2
3.488158619E1	4.745917105E2	2.403291219E2
3.489827595E1	4.745685160E2	2.412599295E2
3.491496570E1	4.746806068E2	2.420202115E2
3.493165546E1	4.745745679E2	2.430285227E2
3.494834521E1	4.747182807E2	2.435705020E2
3.496503497E1	4.747355090E2	2.442551844E2
3.498172472E1	4.745841537E2	2.444746522E2
3.499841447E1	4.745638347E2	2.451414505E2
3.501510423E1	4.746732730E2	2.467712661E2
3.503179398E1	4.746428590E2	2.490194122E2
3.504848374E1	4.746439059E2	2.516214150E2
3.506517349E1	4.746999876E2	2.554512397E2
3.508186324E1	4.746331048E2	2.589806555E2
3.509855300E1	4.746245246E2	2.615530823E2
3.511524275E1	4.747912098E2	2.630793272E2
3.513193251E1	4.748398739E2	2.652068985E2
3.514862226E1	4.748795733E2	2.673250927E2
3.516531201E1	4.747455477E2	2.703611611E2
3.518200177E1	4.746527360E2	2.733069803E2
3.519869152E1	4.746130689E2	2.758847529E2
3.521538128E1	4.747056445E2	2.797094240E2
3.523207103E1	4.748709943E2	2.838519206E2
3.524876079E1	4.748250652E2	2.892150237E2
3.526545054E1	4.746678714E2	2.927429807E2
3.528214029E1	4.747033395E2	2.970449986E2
3.529883005E1	4.748535412E2	3.006578222E2
3.531551980E1	4.747838779E2	3.047761653E2
3.533220956E1	4.747744836E2	3.091076592E2
3.534889931E1	4.747288377E2	3.139469048E2
3.536558906E1	4.747085159E2	3.182564234E2
3.538227882E1	4.747264771E2	3.223630611E2
3.539896857E1	4.747191666E2	3.263977741E2
3.541565833E1	4.747793892E2	3.296365602E2
3.543234808E1	4.747770692E2	3.315864398E2
3.544903784E1	4.748254772E2	3.334838096E2
3.546572759E1	4.747529154E2	3.362617280E2
3.548241734E1	4.747952681E2	3.394038978E2
3.549910710E1	4.747232113E2	3.420865855E2
3.551579685E1	4.746828081E2	3.452696215E2
3.553248661E1	4.747649656E2	3.485626883E2
3.554917636E1	4.749305489E2	3.527287896E2
3.556586611E1	4.747053653E2	3.569273048E2
3.558255587E1	4.746878119E2	3.590938586E2
3.559924562E1	4.746722564E2	3.608329535E2
3.561593538E1	4.747020318E2	3.626657402E2
3.563262513E1	4.747055237E2	3.655919541E2
3.564931489E1	4.747507013E2	3.690726015E2
3.566600464E1	4.746805046E2	3.724131533E2
3.568269439E1	4.749663253E2	3.764725996E2
3.569938415E1	4.747271237E2	3.809360348E2
3.571607390E1	4.747775299E2	3.857236427E2
3.573276366E1	4.748215801E2	3.914166754E2
3.574945341E1	4.747688038E2	3.979014960E2
3.576614316E1	4.747850189E2	4.045503333E2
3.578283292E1	4.749014277E2	4.107403113E2
3.579952267E1	4.749276717E2	4.162148722E2
3.581621243E1	4.746997739E2	4.201572683E2
3.583290218E1	4.748499784E2	4.250493377E2
3.584959194E1	4.748112404E2	4.299387715E2
3.586628169E1	4.747569896E2	4.353075526E2
3.588297144E1	4.748544274E2	4.406169674E2
3.589966120E1	4.750105143E2	4.450151890E2
3.591635095E1	4.752907255E2	4.484070493E2
3.593304071E1	4.752315126E2	4.512073705E2
3.594973046E1	4.752174403E2	4.544519820E2
3.596642021E1	4.753521293E2	4.577994886E2
3.598310997E1	4.753961270E2	4.615119653E2
3.599979972E1	4.753691468E2	4.651514374E2
