203-I_row-5_post-24_ref
t	x	y
1.192481529E2	4.976917316E2	6.435280315E1
1.192648310E2	4.976571932E2	6.412700003E1
1.192815090E2	4.976450416E2	6.383931806E1
1.192981871E2	4.976381711E2	6.357685908E1
1.193148652E2	4.976703638E2	6.338906579E1
1.193315432E2	4.977004404E2	6.337378402E1
1.193482213E2	4.976575890E2	6.287077318E1
1.193648993E2	4.976662087E2	6.234860782E1
1.193815774E2	4.976090022E2	6.176492755E1
1.193982555E2	4.977457919E2	6.092381457E1
1.194149335E2	4.977151362E2	5.939916691E1
1.194316116E2	4.977207837E2	5.765206584E1
1.194482897E2	4.977455710E2	5.612447409E1
1.194649677E2	4.977709621E2	5.403556874E1
1.194816458E2	4.976539037E2	5.106334294E1
1.194983239E2	4.977634080E2	4.749169268E1
1.195150019E2	4.976968867E2	4.405126606E1
1.195316800E2	4.978934972E2	4.101752027E1
1.195483580E2	4.975629348E2	3.785915983E1
1.195650361E2	4.978205052E2	3.416266360E1
1.195817142E2	4.976080962E2	3.050373341E1
1.195983922E2	4.975522927E2	2.648398469E1
1.196150703E2	4.976984787E2	2.166418808E1
1.196317484E2	4.977153349E2	1.646989646E1
1.196484264E2	4.977305295E2	1.191658046E1
1.196651045E2	4.977570781E2	8.176295898E0
1.196817826E2	4.977780445E2	4.156823025E0
1.196984606E2	4.977127647E2	-7.585693561E-1
1.197151387E2	4.977171203E2	-7.934665429E0
1.197318167E2	4.977738073E2	-1.608413329E1
1.197484948E2	4.977091813E2	-2.252973771E1
1.197651729E2	4.979832552E2	-2.695823250E1
1.197818509E2	4.978632488E2	-3.030304419E1
1.197985290E2	4.978276668E2	-3.390571924E1
1.198152071E2	4.977805183E2	-3.766579054E1
1.198318851E2	4.978963542E2	-4.142107009E1
1.198485632E2	4.977011385E2	-4.605492075E1
1.198652412E2	4.978500144E2	-5.201856790E1
1.198819193E2	4.979135220E2	-5.841997777E1
1.198985974E2	4.979025972E2	-6.367363658E1
1.199152754E2	4.980077058E2	-6.753617406E1
1.199319535E2	4.981100979E2	-7.072037576E1
1.199486316E2	4.978259701E2	-7.463960699E1
1.199653096E2	4.981615908E2	-7.833383550E1
1.199819877E2	4.981487595E2	-8.197269818E1
1.199986658E2	4.984283106E2	-8.655032465E1
1.200153438E2	4.983203563E2	-9.123414120E1
1.200320219E2	4.984945138E2	-9.688951406E1
1.200486999E2	4.983386178E2	-1.020381624E2
1.200653780E2	4.985324831E2	-1.065129307E2
1.200820561E2	4.984299586E2	-1.108893922E2
1.200987341E2	4.985801305E2	-1.160439516E2
1.201154122E2	4.987852469E2	-1.204077193E2
1.201320903E2	4.985352081E2	-1.234468804E2
1.201487683E2	4.984490555E2	-1.258747854E2
1.201654464E2	4.986268709E2	-1.277324931E2
1.201821245E2	4.986024148E2	-1.304027316E2
1.201988025E2	4.987387727E2	-1.334576272E2
1.202154806E2	4.987244736E2	-1.364026447E2
1.202321586E2	4.986186042E2	-1.403583621E2
1.202488367E2	4.986516588E2	-1.451910239E2
1.202655148E2	4.986136772E2	-1.500521660E2
1.202821928E2	4.985476652E2	-1.543051698E2
1.202988709E2	4.987339430E2	-1.588857770E2
1.203155490E2	4.986184548E2	-1.630867700E2
1.203322270E2	4.989467822E2	-1.663934351E2
1.203489051E2	4.987701379E2	-1.689836722E2
1.203655831E2	4.987578505E2	-1.714234725E2
1.203822612E2	4.987232859E2	-1.736592498E2
1.203989393E2	4.986804596E2	-1.757792730E2
1.204156173E2	4.989623885E2	-1.778664663E2
1.204322954E2	4.990169997E2	-1.798673559E2
1.204489735E2	4.990006567E2	-1.821029044E2
1.204656515E2	4.993114394E2	-1.848410666E2
1.204823296E2	4.992018515E2	-1.885655110E2
1.204990077E2	4.993496389E2	-1.926488214E2
1.205156857E2	4.992791913E2	-1.969416322E2
1.205323638E2	4.993735394E2	-2.009118237E2
1.205490418E2	4.994387940E2	-2.047463310E2
1.205657199E2	4.994509936E2	-2.085526751E2
1.205823980E2	4.994002374E2	-2.123921328E2
1.205990760E2	4.994761325E2	-2.160445561E2
1.206157541E2	4.993801166E2	-2.200377383E2
1.206324322E2	4.994967112E2	-2.241216716E2
1.206491102E2	4.997314120E2	-2.284852581E2
1.206657883E2	5.000595458E2	-2.313219360E2
1.206824664E2	5.000074374E2	-2.335055219E2
1.206991444E2	4.998001202E2	-2.361721016E2
1.207158225E2	5.001172847E2	-2.392692502E2
1.207325005E2	5.001676268E2	-2.431093176E2
1.207491786E2	5.001411624E2	-2.461834793E2
1.207658567E2	5.001508444E2	-2.477664827E2
1.207825347E2	5.001212710E2	-2.482645481E2
1.207992128E2	5.002074379E2	-2.487108040E2
1.208158909E2	4.999272387E2	-2.490930550E2
1.208325689E2	5.001946836E2	-2.493491136E2
1.208492470E2	5.000529818E2	-2.496650293E2
1.208659250E2	5.000667712E2	-2.497835119E2
1.208826031E2	5.001680726E2	-2.499175185E2
1.208992812E2	5.001864518E2	-2.503068654E2
1.209159592E2	5.001828682E2	-2.503611424E2
1.209326373E2	5.000061831E2	-2.506091297E2
1.209493154E2	5.001163866E2	-2.505341891E2
1.209659934E2	5.001631643E2	-2.503928444E2
1.209826715E2	5.000953608E2	-2.505006843E2
1.209993496E2	5.001094322E2	-2.505564636E2
1.210160276E2	5.000992318E2	-2.506131108E2
1.210327057E2	5.001426900E2	-2.506091234E2
1.210493837E2	5.003074863E2	-2.509467692E2
1.210660618E2	5.000311957E2	-2.513838787E2
1.210827399E2	5.001110719E2	-2.521882161E2
1.210994179E2	5.002430603E2	-2.536108192E2
1.211160960E2	5.001699548E2	-2.554656189E2
1.211327741E2	5.002386995E2	-2.569959955E2
1.211494521E2	5.001645386E2	-2.584668812E2
1.211661302E2	5.001615830E2	-2.600836506E2
1.211828083E2	5.001393652E2	-2.619828085E2
1.211994863E2	5.001410060E2	-2.634073650E2
1.212161644E2	5.002418689E2	-2.655704450E2
1.212328424E2	5.002505767E2	-2.687576613E2
1.212495205E2	5.001985845E2	-2.714030851E2
1.212661986E2	5.002788052E2	-2.735373112E2
1.212828766E2	5.001724752E2	-2.754436265E2
1.212995547E2	5.004944695E2	-2.770510685E2
1.213162328E2	5.003906547E2	-2.789488161E2
1.213329108E2	5.004483533E2	-2.808098386E2
1.213495889E2	5.005222105E2	-2.825116387E2
1.213662669E2	5.006200236E2	-2.835287401E2
1.213829450E2	5.005442259E2	-2.845636063E2
1.213996231E2	5.008208003E2	-2.857515696E2
1.214163011E2	5.007441779E2	-2.872767824E2
1.214329792E2	5.008286315E2	-2.891200640E2
1.214496573E2	5.008016149E2	-2.912904828E2
1.214663353E2	5.008965355E2	-2.927130542E2
1.214830134E2	5.008900846E2	-2.939724127E2
1.214996915E2	5.009776170E2	-2.951011550E2
1.215163695E2	5.009160329E2	-2.967793505E2
1.215330476E2	5.009686309E2	-2.983634692E2
1.215497256E2	5.008796035E2	-3.002462587E2
1.215664037E2	5.009064949E2	-3.028219063E2
1.215830818E2	5.009519643E2	-3.051544345E2
1.215997598E2	5.010456037E2	-3.066625841E2
1.216164379E2	5.010023206E2	-3.077639330E2
1.216331160E2	5.011030270E2	-3.089009633E2
1.216497940E2	5.009868506E2	-3.100065567E2
1.216664721E2	5.008978433E2	-3.111280657E2
1.216831502E2	5.009875307E2	-3.123670038E2
1.216998282E2	5.012412649E2	-3.139566933E2
1.217165063E2	5.010338972E2	-3.149172179E2
1.217331843E2	5.009649026E2	-3.164817046E2
1.217498624E2	5.011170044E2	-3.179679655E2
1.217665405E2	5.011554309E2	-3.193116139E2
1.217832185E2	5.012868715E2	-3.207869327E2
1.217998966E2	5.011506151E2	-3.230257637E2
1.218165747E2	5.010139536E2	-3.252808444E2
1.218332527E2	5.013743257E2	-3.275452844E2
1.218499308E2	5.012361963E2	-3.295150558E2
1.218666088E2	5.014181762E2	-3.315842890E2
1.218832869E2	5.013708832E2	-3.342923188E2
1.218999650E2	5.015703276E2	-3.365642636E2
1.219166430E2	5.015731339E2	-3.387152427E2
1.219333211E2	5.018664849E2	-3.404620458E2
1.219499992E2	5.016147949E2	-3.423311947E2
1.219666772E2	5.016793692E2	-3.439970110E2
1.219833553E2	5.017455934E2	-3.454533600E2
1.220000334E2	5.015494480E2	-3.471655925E2
1.220167114E2	5.016476035E2	-3.491566121E2
1.220333895E2	5.019556799E2	-3.523999009E2
1.220500675E2	5.018716764E2	-3.565070462E2
1.220667456E2	5.019555165E2	-3.611082634E2
1.220834237E2	5.018153363E2	-3.645182329E2
1.221001017E2	5.017922325E2	-3.671960775E2
1.221167798E2	5.020285188E2	-3.704523068E2
1.221334579E2	5.022717497E2	-3.741565137E2
1.221501359E2	5.021933787E2	-3.777037243E2
1.221668140E2	5.024272457E2	-3.808959681E2
1.221834921E2	5.023459114E2	-3.832699152E2
1.222001701E2	5.025365231E2	-3.854846162E2
1.222168482E2	5.023978458E2	-3.881263640E2
1.222335262E2	5.024915562E2	-3.907728373E2
1.222502043E2	5.025692752E2	-3.936362529E2
1.222668824E2	5.026301833E2	-3.965498537E2
1.222835604E2	5.025937611E2	-3.996393573E2
1.223002385E2	5.030285027E2	-4.026216214E2
1.223169166E2	5.031807968E2	-4.055248606E2
1.223335946E2	5.032141476E2	-4.071122944E2
1.223502727E2	5.032149586E2	-4.084637049E2
1.223669507E2	5.031357184E2	-4.097142931E2
1.223836288E2	5.032916952E2	-4.104615495E2
1.224003069E2	5.032659572E2	-4.109839099E2
1.224169849E2	5.031726522E2	-4.122526189E2
1.224336630E2	5.033500850E2	-4.134514595E2
1.224503411E2	5.032067034E2	-4.144655499E2
1.224670191E2	5.033163663E2	-4.158572309E2
1.224836972E2	5.032911382E2	-4.164907161E2
1.225003753E2	5.032608173E2	-4.170764180E2
1.225170533E2	5.033790847E2	-4.183297105E2
1.225337314E2	5.034220545E2	-4.199575752E2
1.225504094E2	5.032906160E2	-4.213246033E2
1.225670875E2	5.034686866E2	-4.226914547E2
1.225837656E2	5.034545644E2	-4.240492297E2
1.226004436E2	5.033503718E2	-4.251032593E2
1.226171217E2	5.033721196E2	-4.266026961E2
1.226337998E2	5.033300616E2	-4.280690928E2
1.226504778E2	5.032950666E2	-4.296730871E2
1.226671559E2	5.033969820E2	-4.309017259E2
1.226838340E2	5.034241938E2	-4.320019733E2
1.227005120E2	5.034529796E2	-4.336977262E2
1.227171901E2	5.033832195E2	-4.358887677E2
1.227338681E2	5.036446548E2	-4.389211686E2
1.227505462E2	5.035139843E2	-4.436128741E2
1.227672243E2	5.038545842E2	-4.486524264E2
1.227839023E2	5.039397081E2	-4.529401407E2
1.228005804E2	5.041085527E2	-4.561528260E2
1.228172585E2	5.041510085E2	-4.585626148E2
1.228339365E2	5.041918054E2	-4.618322861E2
1.228506146E2	5.043508857E2	-4.656527572E2
1.228672926E2	5.042765873E2	-4.695327494E2
1.228839707E2	5.045691292E2	-4.735823644E2
1.229006488E2	5.046891526E2	-4.781923460E2
1.229173268E2	5.046712010E2	-4.825324183E2
1.229340049E2	5.051207987E2	-4.851586700E2
1.229506830E2	5.051935147E2	-4.872571762E2
1.229673610E2	5.050577133E2	-4.887812949E2
1.229840391E2	5.049835533E2	-4.901883165E2
1.230007172E2	5.050108233E2	-4.914683985E2
1.230173952E2	5.049222245E2	-4.931306282E2
1.230340733E2	5.048923427E2	-4.948037348E2
1.230507513E2	5.050802022E2	-4.957093353E2
1.230674294E2	5.050747216E2	-4.968865998E2
1.230841075E2	5.050894581E2	-4.979182067E2
1.231007855E2	5.050287850E2	-4.993374725E2
1.231174636E2	5.050347670E2	-5.002132051E2
1.231341417E2	5.049685207E2	-5.009878145E2
1.231508197E2	5.049879155E2	-5.012819239E2
1.231674978E2	5.050821059E2	-5.013969445E2
1.231841759E2	5.049529747E2	-5.015065159E2
1.232008539E2	5.052127313E2	-5.015283624E2
1.232175320E2	5.051047644E2	-5.019255732E2
1.232342100E2	5.048846047E2	-5.020869577E2
1.232508881E2	5.049970766E2	-5.025626618E2
1.232675662E2	5.049080317E2	-5.026965779E2
1.232842442E2	5.049675063E2	-5.027719977E2
1.233009223E2	5.049716575E2	-5.032374381E2
1.233176004E2	5.049503616E2	-5.033417452E2
1.233342784E2	5.049625270E2	-5.038450663E2
1.233509565E2	5.050326532E2	-5.043513772E2
1.233676346E2	5.049472592E2	-5.052256010E2
1.233843126E2	5.050835884E2	-5.061950266E2
1.234009907E2	5.050593211E2	-5.067708594E2
1.234176687E2	5.052563250E2	-5.072396217E2
1.234343468E2	5.049736729E2	-5.081533339E2
