203-I_row-4_post-25_ref
t	x	y
1.751196651E0	5.090486069E2	-7.155840548E0
1.767874714E0	5.090352754E2	-7.092645083E0
1.784552778E0	5.090528973E2	-6.941651737E0
1.801230841E0	5.088294758E2	-6.725481924E0
1.817908904E0	5.090248568E2	-6.346636996E0
1.834586968E0	5.089987339E2	-6.220342697E0
1.851265031E0	5.090205035E2	-6.042202674E0
1.867943094E0	5.089635577E2	-6.185122370E0
1.884621158E0	5.090532089E2	-5.602508003E0
1.901299221E0	5.089940564E2	-5.192076802E0
1.917977284E0	5.089952453E2	-4.873021100E0
1.934655348E0	5.090903543E2	-4.554202811E0
1.951333411E0	5.090323184E2	-3.948754891E0
1.968011475E0	5.089821370E2	-3.757863134E0
1.984689538E0	5.089123518E2	-3.669675805E0
2.001367601E0	5.091391001E2	-3.054453585E0
2.018045665E0	5.090312800E2	-2.357565280E0
2.034723728E0	5.090844135E2	-1.563517946E0
2.051401791E0	5.090238547E2	-7.655428330E-1
2.068079855E0	5.089283034E2	-2.442098448E-1
2.084757918E0	5.089740228E2	1.304578628E-1
2.101435981E0	5.090201595E2	2.943484618E-1
2.118114045E0	5.090143679E2	1.172876931E0
2.134792108E0	5.090408644E2	1.727084001E0
2.151470171E0	5.091376343E2	2.733018458E0
2.168148235E0	5.090259794E2	3.289636552E0
2.184826298E0	5.090919288E2	3.492189009E0
2.201504361E0	5.090136303E2	3.995359848E0
2.218182425E0	5.090576832E2	4.179992523E0
2.234860488E0	5.091408246E2	4.195346806E0
2.251538551E0	5.090822820E2	4.845373941E0
2.268216615E0	5.090328598E2	5.792962456E0
2.284894678E0	5.091254255E2	6.660902862E0
2.301572741E0	5.090513209E2	7.321581238E0
2.318250805E0	5.091045009E2	8.196004441E0
2.334928868E0	5.089772630E2	9.504742714E0
2.351606931E0	5.090350181E2	1.051948966E1
2.368284995E0	5.090219106E2	1.147172210E1
2.384963058E0	5.089962652E2	1.251645960E1
2.401641121E0	5.090802963E2	1.295471202E1
2.418319185E0	5.089809097E2	1.359355306E1
2.434997248E0	5.090376701E2	1.435821266E1
2.451675311E0	5.091404289E2	1.532857006E1
2.468353375E0	5.090548831E2	1.664348447E1
2.485031438E0	5.090321683E2	1.766185819E1
2.501709501E0	5.090327767E2	1.851750510E1
2.518387565E0	5.089879055E2	1.942075070E1
2.535065628E0	5.090174579E2	2.052201877E1
2.551743692E0	5.089640027E2	2.143719840E1
2.568421755E0	5.090082998E2	2.256791566E1
2.585099818E0	5.089456927E2	2.415359897E1
2.601777882E0	5.092183234E2	2.593273041E1
2.618455945E0	5.090588255E2	2.760638565E1
2.635134008E0	5.090592894E2	2.908594139E1
2.651812072E0	5.090517757E2	3.050628285E1
2.668490135E0	5.090449417E2	3.212255690E1
2.685168198E0	5.090247196E2	3.377183577E1
2.701846262E0	5.089237894E2	3.539666511E1
2.718524325E0	5.089907789E2	3.697797886E1
2.735202388E0	5.091276554E2	3.854675634E1
2.751880452E0	5.090085224E2	3.954595538E1
2.768558515E0	5.091825580E2	4.058685418E1
2.785236578E0	5.091524985E2	4.168112053E1
2.801914642E0	5.090449937E2	4.268469189E1
2.818592705E0	5.089807354E2	4.366907270E1
2.835270768E0	5.090831643E2	4.459151110E1
2.851948832E0	5.090758823E2	4.591899098E1
2.868626895E0	5.090478529E2	4.688955942E1
2.885304958E0	5.090625710E2	4.767191174E1
2.901983022E0	5.090692216E2	4.912430262E1
2.918661085E0	5.090864950E2	5.061641140E1
2.935339148E0	5.090855097E2	5.226167853E1
2.952017212E0	5.089599065E2	5.307278022E1
2.968695275E0	5.091062345E2	5.391862438E1
2.985373338E0	5.091212006E2	5.451113631E1
3.002051402E0	5.090877475E2	5.483342160E1
3.018729465E0	5.091080139E2	5.552959315E1
3.035407528E0	5.089432154E2	5.617688124E1
3.052085592E0	5.090395373E2	5.702159208E1
3.068763655E0	5.090276364E2	5.790552070E1
3.085441719E0	5.090186598E2	5.860917728E1
3.102119782E0	5.090207151E2	6.019461263E1
3.118797845E0	5.091261205E2	6.187593329E1
3.135475909E0	5.092048056E2	6.388809882E1
3.152153972E0	5.090272137E2	6.590237741E1
3.168832035E0	5.089704750E2	6.817348707E1
3.185510099E0	5.089508851E2	6.953875158E1
3.202188162E0	5.089969501E2	7.059447268E1
3.218866225E0	5.090066677E2	7.155416485E1
3.235544289E0	5.089663897E2	7.289494985E1
3.252222352E0	5.090720565E2	7.482826423E1
3.268900415E0	5.091367170E2	7.685468613E1
3.285578479E0	5.091150817E2	7.820133040E1
3.302256542E0	5.091159237E2	7.965713707E1
3.318934605E0	5.090724770E2	8.110105406E1
3.335612669E0	5.090624049E2	8.275274505E1
3.352290732E0	5.090820038E2	8.452801890E1
3.368968795E0	5.091238193E2	8.739271378E1
3.385646859E0	5.090174557E2	9.020000836E1
3.402324922E0	5.090369712E2	9.327967072E1
3.419002985E0	5.089676218E2	9.624680145E1
3.435681049E0	5.090738043E2	9.841004964E1
3.452359112E0	5.091097430E2	1.006849813E2
3.469037175E0	5.090177449E2	1.035393077E2
3.485715239E0	5.091291037E2	1.061709947E2
3.502393302E0	5.090724677E2	1.084865470E2
3.519071365E0	5.092079783E2	1.108171782E2
3.535749429E0	5.090670102E2	1.134779899E2
3.552427492E0	5.090728199E2	1.167196661E2
3.569105555E0	5.090628783E2	1.196332722E2
3.585783619E0	5.090408457E2	1.218322241E2
3.602461682E0	5.090474080E2	1.230100797E2
3.619139745E0	5.089583952E2	1.246767024E2
3.635817809E0	5.089415626E2	1.268874459E2
3.652495872E0	5.090595725E2	1.287456936E2
3.669173936E0	5.091263785E2	1.308935091E2
3.685851999E0	5.090264248E2	1.327799500E2
3.702530062E0	5.091688368E2	1.350371055E2
3.719208126E0	5.089472167E2	1.375330277E2
3.735886189E0	5.089318610E2	1.405073882E2
3.752564252E0	5.090399770E2	1.430649092E2
3.769242316E0	5.091332660E2	1.455337301E2
3.785920379E0	5.090241753E2	1.484141116E2
3.802598442E0	5.091775165E2	1.509757663E2
3.819276506E0	5.090837126E2	1.532899908E2
3.835954569E0	5.091634766E2	1.547783850E2
3.852632632E0	5.090487333E2	1.566345134E2
3.869310696E0	5.090911267E2	1.583183125E2
3.885988759E0	5.090719639E2	1.604747312E2
3.902666822E0	5.090248717E2	1.617399816E2
3.919344886E0	5.091491206E2	1.625155049E2
3.936022949E0	5.091146123E2	1.631714181E2
3.952701012E0	5.090257146E2	1.636073811E2
3.969379076E0	5.090942015E2	1.639497088E2
3.986057139E0	5.090233596E2	1.647784671E2
4.002735202E0	5.090130897E2	1.657652722E2
4.019413266E0	5.090845920E2	1.677900702E2
4.036091329E0	5.090250862E2	1.688167822E2
4.052769392E0	5.090680695E2	1.696785723E2
4.069447456E0	5.090862204E2	1.701797421E2
4.086125519E0	5.090416785E2	1.709738195E2
4.102803582E0	5.090887546E2	1.713057578E2
4.119481646E0	5.091005330E2	1.714935891E2
4.136159709E0	5.089965775E2	1.716328119E2
4.152837772E0	5.090580743E2	1.720281758E2
4.169515836E0	5.091357560E2	1.727163786E2
4.186193899E0	5.090566342E2	1.728428459E2
4.202871963E0	5.090637829E2	1.735248571E2
4.219550026E0	5.090465132E2	1.738966315E2
4.236228089E0	5.093410531E2	1.749785496E2
4.252906153E0	5.091446502E2	1.766041160E2
4.269584216E0	5.090805813E2	1.776633396E2
4.286262279E0	5.089565511E2	1.784608878E2
4.302940343E0	5.090808642E2	1.799594921E2
4.319618406E0	5.090643096E2	1.815729610E2
4.336296469E0	5.090812521E2	1.832206843E2
4.352974533E0	5.090465094E2	1.847527557E2
4.369652596E0	5.090599814E2	1.860656955E2
4.386330659E0	5.090820500E2	1.873978920E2
4.403008723E0	5.090800519E2	1.890347809E2
4.419686786E0	5.091055662E2	1.920656122E2
4.436364849E0	5.091340209E2	1.951525809E2
4.453042913E0	5.089503965E2	1.976988834E2
4.469720976E0	5.091140801E2	1.992508086E2
4.486399039E0	5.090026356E2	2.002074168E2
4.503077103E0	5.090661021E2	2.015445541E2
4.519755166E0	5.090672597E2	2.033864545E2
4.536433229E0	5.090531987E2	2.050475300E2
4.553111293E0	5.090242332E2	2.065157182E2
4.569789356E0	5.090831640E2	2.073317967E2
4.586467419E0	5.091679272E2	2.081189393E2
4.603145483E0	5.090447891E2	2.095331456E2
4.619823546E0	5.090889694E2	2.105603945E2
4.636501609E0	5.091196341E2	2.114368363E2
4.653179673E0	5.090894667E2	2.122780919E2
4.669857736E0	5.090747021E2	2.130971070E2
4.686535799E0	5.090865817E2	2.138164077E2
4.703213863E0	5.090183263E2	2.145623209E2
4.719891926E0	5.090718999E2	2.151731585E2
4.736569989E0	5.090867664E2	2.154382299E2
4.753248053E0	5.090634509E2	2.155016806E2
4.769926116E0	5.091313042E2	2.160909872E2
4.786604180E0	5.090568518E2	2.164800298E2
4.803282243E0	5.090422585E2	2.168729180E2
4.819960306E0	5.090255447E2	2.177306366E2
4.836638370E0	5.091373781E2	2.181552956E2
4.853316433E0	5.090333609E2	2.188659718E2
4.869994496E0	5.091081188E2	2.193333657E2
4.886672560E0	5.090783419E2	2.200147766E2
4.903350623E0	5.089643981E2	2.208940456E2
4.920028686E0	5.090920498E2	2.216251200E2
4.936706750E0	5.090522854E2	2.224156300E2
4.953384813E0	5.090846341E2	2.230025194E2
4.970062876E0	5.090577272E2	2.241916226E2
4.986740940E0	5.088900252E2	2.250984715E2
5.003419003E0	5.091320542E2	2.265233402E2
5.020097066E0	5.089422769E2	2.275117269E2
5.036775130E0	5.090633385E2	2.288913428E2
5.053453193E0	5.090571890E2	2.305018490E2
5.070131256E0	5.091940333E2	2.316079495E2
5.086809320E0	5.092992817E2	2.322259307E2
5.103487383E0	5.090944662E2	2.330969154E2
5.120165446E0	5.091636494E2	2.339886787E2
5.136843510E0	5.090992271E2	2.352951068E2
5.153521573E0	5.090263353E2	2.369046380E2
5.170199636E0	5.090721758E2	2.391292123E2
5.186877700E0	5.089488179E2	2.413520790E2
5.203555763E0	5.090758312E2	2.433976001E2
5.220233826E0	5.091042310E2	2.450806713E2
5.236911890E0	5.091707402E2	2.466364191E2
5.253589953E0	5.089926253E2	2.483375889E2
5.270268016E0	5.090419831E2	2.497442694E2
5.286946080E0	5.090777643E2	2.507418600E2
5.303624143E0	5.089811693E2	2.518291324E2
5.320302207E0	5.090947198E2	2.528906844E2
5.336980270E0	5.090747294E2	2.539232448E2
5.353658333E0	5.089952991E2	2.550170770E2
5.370336397E0	5.091060568E2	2.561821753E2
5.387014460E0	5.091318279E2	2.570424439E2
5.403692523E0	5.091452660E2	2.586140358E2
5.420370587E0	5.089912476E2	2.603389934E2
5.437048650E0	5.090797165E2	2.623316690E2
5.453726713E0	5.091145732E2	2.643776327E2
5.470404777E0	5.091522144E2	2.660327588E2
5.487082840E0	5.092936750E2	2.685001736E2
5.503760903E0	5.092141307E2	2.714056236E2
5.520438967E0	5.090767337E2	2.738935779E2
5.537117030E0	5.091097014E2	2.753949496E2
5.553795093E0	5.090680862E2	2.765508683E2
5.570473157E0	5.089705495E2	2.775771850E2
5.587151220E0	5.091021886E2	2.783787558E2
5.603829283E0	5.089999146E2	2.798491002E2
5.620507347E0	5.090305586E2	2.818688472E2
5.637185410E0	5.090386472E2	2.836157047E2
5.653863473E0	5.090128065E2	2.860115941E2
5.670541537E0	5.091372391E2	2.882362230E2
5.687219600E0	5.091694032E2	2.900869577E2
5.703897663E0	5.090955394E2	2.918563016E2
5.720575727E0	5.092605334E2	2.940441782E2
5.737253790E0	5.091805150E2	2.966349049E2
5.753931853E0	5.091600261E2	2.998206289E2
5.770609917E0	5.091890485E2	3.037727878E2
5.787287980E0	5.090581958E2	3.075752816E2
5.803966043E0	5.090700066E2	3.111640612E2
5.820644107E0	5.090994872E2	3.144517542E2
5.837322170E0	5.091148059E2	3.172900756E2
5.854000233E0	5.091079571E2	3.197494317E2
5.870678297E0	5.091274467E2	3.229068464E2
5.887356360E0	5.091999455E2	3.259907105E2
5.904034424E0	5.092947277E2	3.293860796E2
5.920712487E0	5.091698853E2	3.315555196E2
5.937390550E0	5.092062673E2	3.340546461E2
5.954068614E0	5.092597450E2	3.361941843E2
5.970746677E0	5.092187318E2	3.381712388E2
5.987424740E0	5.093525780E2	3.398016216E2
6.004102804E0	5.092080459E2	3.411404624E2
6.020780867E0	5.091232163E2	3.423477301E2
6.037458930E0	5.092134742E2	3.435876736E2
6.054136994E0	5.091416547E2	3.453312152E2
6.070815057E0	5.091309117E2	3.470659586E2
6.087493120E0	5.090019783E2	3.489410895E2
6.104171184E0	5.089969212E2	3.511484832E2
6.120849247E0	5.089428161E2	3.536446599E2
6.137527310E0	5.093269896E2	3.559150078E2
6.154205374E0	5.091411494E2	3.582692233E2
6.170883437E0	5.091343259E2	3.607735219E2
6.187561500E0	5.090404926E2	3.638807195E2
6.204239564E0	5.090279206E2	3.672674869E2
6.220917627E0	5.090128006E2	3.706586535E2
6.237595690E0	5.089675614E2	3.738909228E2
6.254273754E0	5.092672253E2	3.775570635E2
6.270951817E0	5.091367286E2	3.814482416E2
6.287629880E0	5.092257968E2	3.854066079E2
6.304307944E0	5.091265671E2	3.889054676E2
6.320986007E0	5.090933450E2	3.928689660E2
6.337664070E0	5.092763250E2	3.975345971E2
6.354342134E0	5.093254635E2	4.016104956E2
6.371020197E0	5.092155682E2	4.034406776E2
6.387698260E0	5.091530985E2	4.050042777E2
6.404376324E0	5.092716550E2	4.066997374E2
6.421054387E0	5.093133181E2	4.087849803E2
6.437732451E0	5.091869103E2	4.118804079E2
6.454410514E0	5.090727423E2	4.144538854E2
6.471088577E0	5.091286711E2	4.164014125E2
6.487766641E0	5.090483330E2	4.178548898E2
6.504444704E0	5.091865096E2	4.193330885E2
6.521122767E0	5.091620143E2	4.215961795E2
6.537800831E0	5.093223420E2	4.248142770E2
6.554478894E0	5.090610700E2	4.277210870E2
6.571156957E0	5.090806076E2	4.299101377E2
6.587835021E0	5.091768222E2	4.318588816E2
6.604513084E0	5.090823563E2	4.336309052E2
6.621191147E0	5.090758467E2	4.354866085E2
6.637869211E0	5.090392640E2	4.378518025E2
6.654547274E0	5.091753500E2	4.400669141E2
6.671225337E0	5.090465282E2	4.424221758E2
6.687903401E0	5.090751559E2	4.445749883E2
6.704581464E0	5.090989951E2	4.466593400E2
6.721259527E0	5.091882584E2	4.491193879E2
6.737937591E0	5.090419772E2	4.514868133E2
6.754615654E0	5.089764953E2	4.537612608E2
6.771293717E0	5.090952540E2	4.560735013E2
6.787971781E0	5.090809257E2	4.594492574E2
6.804649844E0	5.091110062E2	4.628131074E2
6.821327907E0	5.091405341E2	4.661764610E2
6.838005971E0	5.092437094E2	4.690382128E2
6.854684034E0	5.092233346E2	4.715828584E2
6.871362097E0	5.092931357E2	4.748641135E2
6.888040161E0	5.091002384E2	4.796689676E2
6.904718224E0	5.090426169E2	4.845557171E2
6.921396287E0	5.090960700E2	4.885201708E2
6.938074351E0	5.090982040E2	4.909057529E2
6.954752414E0	5.090738522E2	4.924340537E2
6.971430477E0	5.090316605E2	4.938723213E2
6.988108541E0	5.089665713E2	4.956277786E2
7.004786604E0	5.090933607E2	4.969493641E2
7.021464668E0	5.089950750E2	4.980876782E2
7.038142731E0	5.090228200E2	4.999057463E2
7.054820794E0	5.091020031E2	5.010862568E2
7.071498858E0	5.091547023E2	5.021982656E2
7.088176921E0	5.090456810E2	5.027442923E2
7.104854984E0	5.090939555E2	5.036161938E2
7.121533048E0	5.090066372E2	5.046368964E2
7.138211111E0	5.090027993E2	5.062049807E2
7.154889174E0	5.090468708E2	5.077240277E2
7.171567238E0	5.090615219E2	5.085637294E2
7.188245301E0	5.090301963E2	5.091647765E2
7.204923364E0	5.090401347E2	5.100124881E2
7.221601428E0	5.089817054E2	5.117015914E2
7.238279491E0	5.089492303E2	5.138993941E2
7.254957554E0	5.091036479E2	5.158448808E2
7.271635618E0	5.091351616E2	5.170096829E2
7.288313681E0	5.090378896E2	5.176094225E2
7.304991744E0	5.090378852E2	5.188756879E2
7.321669808E0	5.091171958E2	5.198184347E2
7.338347871E0	5.090370486E2	5.213210323E2
7.355025934E0	5.091722524E2	5.225171378E2
7.371703998E0	5.090610523E2	5.230474469E2
7.388382061E0	5.090933714E2	5.238330011E2
7.405060124E0	5.090391935E2	5.252724176E2
7.421738188E0	5.090119083E2	5.274454198E2
7.438416251E0	5.091528963E2	5.302623203E2
7.455094314E0	5.090749316E2	5.324834031E2
7.471772378E0	5.091789951E2	5.336636663E2
7.488450441E0	5.091661598E2	5.351360014E2
7.505128504E0	5.091145876E2	5.379312003E2
7.521806568E0	5.090910463E2	5.411487433E2
7.538484631E0	5.089652669E2	5.445604143E2
7.555162695E0	5.090716289E2	5.468724649E2
7.571840758E0	5.091257532E2	5.488279449E2
7.588518821E0	5.090341919E2	5.510561179E2
7.605196885E0	5.090715121E2	5.527913484E2
7.621874948E0	5.089992002E2	5.551300183E2
7.638553011E0	5.089866186E2	5.576552148E2
7.655231075E0	5.090629802E2	5.595872946E2
7.671909138E0	5.091463344E2	5.614798174E2
7.688587201E0	5.090591801E2	5.632561666E2
7.705265265E0	5.090665499E2	5.654580092E2
7.721943328E0	5.090747144E2	5.687343854E2
7.738621391E0	5.091032148E2	5.727292984E2
7.755299455E0	5.090596305E2	5.758604499E2
