203-I_row-4_post-25_wire
t	x	y
1.751196651E0	1.080746913E2	7.013696784E0
1.767874714E0	1.081334874E2	7.081371133E0
1.784552778E0	1.086141209E2	7.223657949E0
1.801230841E0	1.085888404E2	7.560004549E0
1.817908904E0	1.083939325E2	7.804500496E0
1.834586968E0	1.078160746E2	7.884275552E0
1.851265031E0	1.078480330E2	7.987260541E0
1.867943094E0	1.081060953E2	7.966996448E0
1.884621158E0	1.087504820E2	8.550425006E0
1.901299221E0	1.086014096E2	9.071580263E0
1.917977284E0	1.081044527E2	9.367532719E0
1.934655348E0	1.080917204E2	9.538014490E0
1.951333411E0	1.082883470E2	1.023582320E1
1.968011475E0	1.086098232E2	1.045773284E1
1.984689538E0	1.084509947E2	1.046292982E1
2.001367601E0	1.082092946E2	1.108638305E1
2.018045665E0	1.077721302E2	1.173904489E1
2.034723728E0	1.081483436E2	1.257987378E1
2.051401791E0	1.083614110E2	1.337033738E1
2.068079855E0	1.082509697E2	1.367389109E1
2.084757918E0	1.079579742E2	1.417957499E1
2.101435981E0	1.078019180E2	1.426814671E1
2.118114045E0	1.079909281E2	1.506292594E1
2.134792108E0	1.083576104E2	1.579496435E1
2.151470171E0	1.087524501E2	1.668131017E1
2.168148235E0	1.082678557E2	1.737938763E1
2.184826298E0	1.078801683E2	1.749262992E1
2.201504361E0	1.078955027E2	1.800086963E1
2.218182425E0	1.081802104E2	1.826109223E1
2.234860488E0	1.087787469E2	1.826467392E1
2.251538551E0	1.086751186E2	1.896791065E1
2.268216615E0	1.082507167E2	1.987422226E1
2.284894678E0	1.082094116E2	2.070085589E1
2.301572741E0	1.081847329E2	2.144943697E1
2.318250805E0	1.081888484E2	2.226829198E1
2.334928868E0	1.079500797E2	2.343722035E1
2.351606931E0	1.081550247E2	2.452288714E1
2.368284995E0	1.082383470E2	2.547526699E1
2.384963058E0	1.081394646E2	2.630232916E1
2.401641121E0	1.081493079E2	2.692741583E1
2.418319185E0	1.077171916E2	2.732966775E1
2.434997248E0	1.079796268E2	2.795436821E1
2.451675311E0	1.082546222E2	2.890190785E1
2.468353375E0	1.082862978E2	3.021823644E1
2.485031438E0	1.080785241E2	3.108597111E1
2.501709501E0	1.078030318E2	3.190483705E1
2.518387565E0	1.076246937E2	3.275576983E1
2.535065628E0	1.078820657E2	3.378104159E1
2.551743692E0	1.080339504E2	3.451078311E1
2.568421755E0	1.082265173E2	3.573901591E1
2.585099818E0	1.078631150E2	3.723747172E1
2.601777882E0	1.080109718E2	3.911603484E1
2.618455945E0	1.078488898E2	4.073626417E1
2.635134008E0	1.081286405E2	4.232637631E1
2.651812072E0	1.080590260E2	4.343562266E1
2.668490135E0	1.078247657E2	4.482272233E1
2.685168198E0	1.074639635E2	4.637270432E1
2.701846262E0	1.073502744E2	4.795812563E1
2.718524325E0	1.079095022E2	4.954042796E1
2.735202388E0	1.085136466E2	5.110074842E1
2.751880452E0	1.081463833E2	5.200023921E1
2.768558515E0	1.079041726E2	5.289691660E1
2.785236578E0	1.074131323E2	5.379757655E1
2.801914642E0	1.076053590E2	5.490875898E1
2.818592705E0	1.079510516E2	5.601836870E1
2.835270768E0	1.082913601E2	5.686990288E1
2.851948832E0	1.081308299E2	5.833315290E1
2.868626895E0	1.075911306E2	5.921414832E1
2.885304958E0	1.071918308E2	6.002235347E1
2.901983022E0	1.074925893E2	6.154870320E1
2.918661085E0	1.081025409E2	6.297357163E1
2.935339148E0	1.083315911E2	6.448968317E1
2.952017212E0	1.076237926E2	6.543579262E1
2.968695275E0	1.073346308E2	6.631341740E1
2.985373338E0	1.071280944E2	6.660039316E1
3.002051402E0	1.074347303E2	6.719471771E1
3.018729465E0	1.079861160E2	6.796230722E1
3.035407528E0	1.075993534E2	6.832538221E1
3.052085592E0	1.073600802E2	6.896323047E1
3.068763655E0	1.070853239E2	6.976276926E1
3.085441719E0	1.072242607E2	7.049281376E1
3.102119782E0	1.072973623E2	7.203633469E1
3.118797845E0	1.074694870E2	7.365090362E1
3.135475909E0	1.072846524E2	7.546783479E1
3.152153972E0	1.073015355E2	7.763278001E1
3.168832035E0	1.071066127E2	7.944973697E1
3.185510099E0	1.071887266E2	8.087887458E1
3.202188162E0	1.071410759E2	8.176550584E1
3.218866225E0	1.069975175E2	8.270582358E1
3.235544289E0	1.071697403E2	8.406118972E1
3.252222352E0	1.071978678E2	8.579541205E1
3.268900415E0	1.075166684E2	8.790422387E1
3.285578479E0	1.072166572E2	8.907474944E1
3.302256542E0	1.071176924E2	9.055476855E1
3.318934605E0	1.070370769E2	9.197431419E1
3.335612669E0	1.071301076E2	9.363868722E1
3.352290732E0	1.072178762E2	9.535507738E1
3.368968795E0	1.073893986E2	9.783803327E1
3.385646859E0	1.074187852E2	1.008509066E2
3.402324922E0	1.072551411E2	1.038164648E2
3.419002985E0	1.065491246E2	1.065892165E2
3.435681049E0	1.066272358E2	1.088290467E2
3.452359112E0	1.068702890E2	1.111638833E2
3.469037175E0	1.068810884E2	1.138535379E2
3.485715239E0	1.070964250E2	1.163529300E2
3.502393302E0	1.070364731E2	1.186231987E2
3.519071365E0	1.069185532E2	1.209338557E2
3.535749429E0	1.065418098E2	1.234862073E2
3.552427492E0	1.067442535E2	1.266646379E2
3.569105555E0	1.066048370E2	1.292725324E2
3.585783619E0	1.065323526E2	1.314903344E2
3.602461682E0	1.059932784E2	1.324675328E2
3.619139745E0	1.055366259E2	1.339772195E2
3.635817809E0	1.058414766E2	1.361885429E2
3.652495872E0	1.057874537E2	1.380081544E2
3.669173936E0	1.063306161E2	1.402216857E2
3.685851999E0	1.057317965E2	1.419654775E2
3.702530062E0	1.057987517E2	1.442223525E2
3.719208126E0	1.053858141E2	1.467365513E2
3.735886189E0	1.051570999E2	1.492624022E2
3.752564252E0	1.050955927E2	1.517560791E2
3.769242316E0	1.049543603E2	1.541356995E2
3.785920379E0	1.043119996E2	1.566686313E2
3.802598442E0	1.042661084E2	1.589476985E2
3.819276506E0	1.042357905E2	1.612275152E2
3.835954569E0	1.048276109E2	1.627698811E2
3.852632632E0	1.047914431E2	1.644487861E2
3.869310696E0	1.044250577E2	1.660437077E2
3.885988759E0	1.034763642E2	1.679384213E2
3.902666822E0	1.033743631E2	1.692405205E2
3.919344886E0	1.039017408E2	1.700618385E2
3.936022949E0	1.042023247E2	1.708475466E2
3.952701012E0	1.038490078E2	1.711353250E2
3.969379076E0	1.042451878E2	1.715072112E2
3.986057139E0	1.035906636E2	1.722788419E2
4.002735202E0	1.031780774E2	1.732554504E2
4.019413266E0	1.032020852E2	1.749907925E2
4.036091329E0	1.040108939E2	1.763934019E2
4.052769392E0	1.042140078E2	1.772452644E2
4.069447456E0	1.038959394E2	1.773528829E2
4.086125519E0	1.033599365E2	1.781484977E2
4.102803582E0	1.036271765E2	1.786957059E2
4.119481646E0	1.034744051E2	1.788389916E2
4.136159709E0	1.031752437E2	1.789540114E2
4.152837772E0	1.038605735E2	1.795860787E2
4.169515836E0	1.034285082E2	1.799422497E2
4.186193899E0	1.039256952E2	1.803497939E2
4.202871963E0	1.032655885E2	1.806914443E2
4.219550026E0	1.034038595E2	1.812404074E2
4.236228089E0	1.034040304E2	1.821100838E2
4.252906153E0	1.032453115E2	1.836982096E2
4.269584216E0	1.030728691E2	1.846971687E2
4.286262279E0	1.030893238E2	1.854326264E2
4.302940343E0	1.033643480E2	1.869481149E2
4.319618406E0	1.032985189E2	1.885199715E2
4.336296469E0	1.030939398E2	1.901293538E2
4.352974533E0	1.029913012E2	1.915540050E2
4.369652596E0	1.025345751E2	1.926127305E2
4.386330659E0	1.030907740E2	1.941356477E2
4.403008723E0	1.032573600E2	1.957782367E2
4.419686786E0	1.035436205E2	1.987838895E2
4.436364849E0	1.026373704E2	2.014443012E2
4.453042913E0	1.017942099E2	2.038929570E2
4.469720976E0	1.018110887E2	2.054264641E2
4.486399039E0	1.016151690E2	2.062886066E2
4.503077103E0	1.025127627E2	2.077454286E2
4.519755166E0	1.024862595E2	2.094568883E2
4.536433229E0	1.022270869E2	2.110753718E2
4.553111293E0	1.018325443E2	2.125642284E2
4.569789356E0	1.016247775E2	2.133688562E2
4.586467419E0	1.017973197E2	2.141889561E2
4.603145483E0	1.024128544E2	2.156468699E2
4.619823546E0	1.023828016E2	2.166444397E2
4.636501609E0	1.021687868E2	2.174767219E2
4.653179673E0	1.015998608E2	2.182633714E2
4.669857736E0	1.015293861E2	2.190622081E2
4.686535799E0	1.016711851E2	2.198569430E2
4.703213863E0	1.019490321E2	2.206449656E2
4.719891926E0	1.023850937E2	2.212479405E2
4.736569989E0	1.016983115E2	2.214725414E2
4.753248053E0	1.014252748E2	2.215181348E2
4.769926116E0	1.019652485E2	2.221590157E2
4.786604180E0	1.015233925E2	2.224315820E2
4.803282243E0	1.018717309E2	2.229978363E2
4.819960306E0	1.016590960E2	2.238016965E2
4.836638370E0	1.013630017E2	2.240216492E2
4.853316433E0	1.015322187E2	2.247043840E2
4.869994496E0	1.021810630E2	2.254015895E2
4.886672560E0	1.014287141E2	2.256866801E2
4.903350623E0	1.010163983E2	2.263819326E2
4.920028686E0	1.012733611E2	2.271151751E2
4.936706750E0	1.014469739E2	2.279112723E2
4.953384813E0	1.019773948E2	2.286055286E2
4.970062876E0	1.015117808E2	2.295670919E2
4.986740940E0	1.007981903E2	2.303558964E2
5.003419003E0	1.011052046E2	2.318638136E2
5.020097066E0	1.003862484E2	2.327472996E2
5.036775130E0	1.011967142E2	2.342378355E2
5.053453193E0	1.015913468E2	2.358455464E2
5.070131256E0	1.012991532E2	2.368590842E2
5.086809320E0	1.013151597E2	2.375174274E2
5.103487383E0	1.007472756E2	2.383154706E2
5.120165446E0	1.007461501E2	2.391458766E2
5.136843510E0	1.014775699E2	2.405766981E2
5.153521573E0	1.017879220E2	2.421128549E2
5.170199636E0	1.011214060E2	2.440424550E2
5.186877700E0	1.008142820E2	2.463131478E2
5.203555763E0	1.001198924E2	2.480428618E2
5.220233826E0	9.991818432E1	2.497331733E2
5.236911890E0	1.002379467E2	2.512233446E2
5.253589953E0	9.991102256E1	2.528660354E2
5.270268016E0	1.001847403E2	2.543235543E2
5.286946080E0	9.985234260E1	2.552266207E2
5.303624143E0	9.958760279E1	2.561268787E2
5.320302207E0	1.007944387E2	2.574276464E2
5.336980270E0	1.003021657E2	2.583918495E2
5.353658333E0	9.928688175E1	2.592879603E2
5.370336397E0	9.880023071E1	2.602179417E2
5.387014460E0	9.875458120E1	2.609664656E2
5.403692523E0	9.932812517E1	2.624847541E2
5.420370587E0	9.902868057E1	2.642101537E2
5.437048650E0	9.956536784E1	2.663004591E2
5.453726713E0	9.848059810E1	2.680638864E2
5.470404777E0	9.831080081E1	2.696761480E2
5.487082840E0	9.849909495E1	2.720822454E2
5.503760903E0	9.968799729E1	2.750968143E2
5.520438967E0	9.846494953E1	2.771341720E2
5.537117030E0	9.843374333E1	2.785165929E2
5.553795093E0	9.843702729E1	2.799117560E2
5.570473157E0	9.785901230E1	2.808591635E2
5.587151220E0	9.827335075E1	2.816947456E2
5.603829283E0	9.834044998E1	2.833076579E2
5.620507347E0	9.765301647E1	2.850281635E2
5.637185410E0	9.742023705E1	2.866350808E2
5.653863473E0	9.738775040E1	2.889714145E2
5.670541537E0	9.790892008E1	2.911919655E2
5.687219600E0	9.738276711E1	2.929840946E2
5.703897663E0	9.695930733E1	2.946095541E2
5.720575727E0	9.760340720E1	2.969284152E2
5.737253790E0	9.743199184E1	2.994008413E2
5.753931853E0	9.748938875E1	3.026064822E2
5.770609917E0	9.760255498E1	3.065146318E2
5.787287980E0	9.643895407E1	3.098472721E2
5.803966043E0	9.699219780E1	3.136826801E2
5.820644107E0	9.684942229E1	3.169493784E2
5.837322170E0	9.623812316E1	3.195127851E2
5.854000233E0	9.604144482E1	3.218859628E2
5.870678297E0	9.616207862E1	3.250014561E2
5.887356360E0	9.483242360E1	3.276520976E2
5.904034424E0	9.467020116E1	3.308715672E2
5.920712487E0	9.539667532E1	3.331048580E2
5.937390550E0	9.550521401E1	3.355108714E2
5.954068614E0	9.590267883E1	3.377502993E2
5.970746677E0	9.462394485E1	3.395257537E2
5.987424740E0	9.460683517E1	3.410790382E2
6.004102804E0	9.384623488E1	3.421211103E2
6.020780867E0	9.480619462E1	3.435364667E2
6.037458930E0	9.428137660E1	3.445246195E2
6.054136994E0	9.386565267E1	3.460151792E2
6.070815057E0	9.303579513E1	3.476171972E2
6.087493120E0	9.381871060E1	3.497533128E2
6.104171184E0	9.283103729E1	3.517203741E2
6.120849247E0	9.270268021E1	3.541611832E2
6.137527310E0	9.295214294E1	3.563992215E2
6.154205374E0	9.275435404E1	3.586581266E2
6.170883437E0	9.249049161E1	3.611633499E2
6.187561500E0	9.300393995E1	3.642857953E2
6.204239564E0	9.283671062E1	3.676296618E2
6.220917627E0	9.220501085E1	3.708414228E2
6.237595690E0	9.143331981E1	3.739634678E2
6.254273754E0	9.055474923E1	3.772975082E2
6.270951817E0	9.106975045E1	3.812608484E2
6.287629880E0	9.174377590E1	3.852493652E2
6.304307944E0	9.111222840E1	3.885549385E2
6.320986007E0	8.937277636E1	3.919983094E2
6.337664070E0	8.946974309E1	3.965188687E2
6.354342134E0	8.949458209E1	4.005136852E2
6.371020197E0	8.918235010E1	4.022751608E2
6.387698260E0	8.969551404E1	4.038392083E2
6.404376324E0	8.947592922E1	4.054398388E2
6.421054387E0	8.810923005E1	4.070884164E2
6.437732451E0	8.797202519E1	4.101932369E2
6.454410514E0	8.781904184E1	4.126445176E2
6.471088577E0	8.912117230E1	4.148737754E2
6.487766641E0	8.903200441E1	4.164478791E2
6.504444704E0	8.760917842E1	4.175283759E2
6.521122767E0	8.762257307E1	4.197509045E2
6.537800831E0	8.813674231E1	4.228903938E2
6.554478894E0	8.747472218E1	4.255431300E2
6.571156957E0	8.772739119E1	4.279529276E2
6.587835021E0	8.688493997E1	4.296055079E2
6.604513084E0	8.623657491E1	4.310981106E2
6.621191147E0	8.555255996E1	4.327421097E2
6.637869211E0	8.610475967E1	4.351272746E2
6.654547274E0	8.727599712E1	4.374719733E2
6.671225337E0	8.727531151E1	4.397734386E2
6.687903401E0	8.584300557E1	4.415582211E2
6.704581464E0	8.447194691E1	4.432836556E2
6.721259527E0	8.449283118E1	4.456717748E2
6.737937591E0	8.489111752E1	4.479827653E2
6.754615654E0	8.529370542E1	4.503419442E2
6.771293717E0	8.406393813E1	4.521075011E2
6.787971781E0	8.379896819E1	4.552048267E2
6.804649844E0	8.377523231E1	4.583873638E2
6.821327907E0	8.367679833E1	4.616399409E2
6.838005971E0	8.321687437E1	4.641511054E2
6.854684034E0	8.302796740E1	4.664564186E2
6.871362097E0	8.177948407E1	4.688966293E2
6.888040161E0	8.071045477E1	4.729586021E2
6.904718224E0	8.067508911E1	4.777478774E2
6.921396287E0	8.105358181E1	4.816915459E2
6.938074351E0	8.109291597E1	4.840177869E2
6.954752414E0	7.981258585E1	4.849644097E2
6.971430477E0	7.900405662E1	4.857758991E2
6.988108541E0	7.903009086E1	4.873481250E2
7.004786604E0	7.989700270E1	4.889067737E2
7.021464668E0	7.947779120E1	4.897935592E2
7.038142731E0	7.879428074E1	4.915025995E2
7.054820794E0	7.804391824E1	4.923370819E2
7.071498858E0	7.767051263E1	4.930407358E2
7.088176921E0	7.835941200E1	4.937169925E2
7.104854984E0	7.854465629E1	4.945274241E2
7.121533048E0	7.794207029E1	4.954169557E2
7.138211111E0	7.762800560E1	4.969842359E2
7.154889174E0	7.772625668E1	4.985238104E2
7.171567238E0	7.772442247E1	4.993137143E2
7.188245301E0	7.700288330E1	4.995034593E2
7.204923364E0	7.680217860E1	5.002343031E2
7.221601428E0	7.656005896E1	5.018102155E2
7.238279491E0	7.575273323E1	5.034507250E2
7.254957554E0	7.570694813E1	5.051571419E2
7.271635618E0	7.690814412E1	5.065336169E2
7.288313681E0	7.693945804E1	5.072792574E2
7.304991744E0	7.596155654E1	5.082283610E2
7.321669808E0	7.558256250E1	5.090358481E2
7.338347871E0	7.493962346E1	5.099384569E2
7.355025934E0	7.598795536E1	5.113842995E2
7.371703998E0	7.644426415E1	5.121657045E2
7.388382061E0	7.648744053E1	5.129856564E2
7.405060124E0	7.518068053E1	5.139160850E2
7.421738188E0	7.428743773E1	5.156230799E2
7.438416251E0	7.410155996E1	5.180253977E2
7.455094314E0	7.462140928E1	5.201984821E2
7.471772378E0	7.418318652E1	5.211700146E2
7.488450441E0	7.415035745E1	5.226987597E2
7.505128504E0	7.393483641E1	5.249720747E2
7.521806568E0	7.288789545E1	5.275042226E2
7.538484631E0	7.284859214E1	5.306333585E2
7.555162695E0	7.209684865E1	5.323406443E2
7.571840758E0	7.179295525E1	5.339719614E2
7.588518821E0	7.118841880E1	5.356005326E2
7.605196885E0	7.099947755E1	5.372313824E2
7.621874948E0	7.114689964E1	5.395358578E2
7.638553011E0	7.107528520E1	5.418679604E2
7.655231075E0	6.965896981E1	5.428208373E2
7.671909138E0	7.022291316E1	5.443487702E2
7.688587201E0	7.012863040E1	5.459846978E2
7.705265265E0	6.953459447E1	5.476412222E2
