203-I_row-6_post-23_ref
t	x	y
1.132349020E2	2.375949502E2	5.300108094E2
1.132515665E2	2.375344277E2	5.286158456E2
1.132682309E2	2.376060684E2	5.272315948E2
1.132848953E2	2.376047785E2	5.258747960E2
1.133015598E2	2.375825984E2	5.242978408E2
1.133182242E2	2.375925899E2	5.226206997E2
1.133348887E2	2.375349723E2	5.203809081E2
1.133515531E2	2.375493186E2	5.180691249E2
1.133682176E2	2.375235161E2	5.161350029E2
1.133848820E2	2.374973280E2	5.143940455E2
1.134015465E2	2.375256104E2	5.125091329E2
1.134182109E2	2.374749194E2	5.102202281E2
1.134348753E2	2.375509256E2	5.075861422E2
1.134515398E2	2.375231679E2	5.048949989E2
1.134682042E2	2.374092681E2	5.023094698E2
1.134848687E2	2.374593875E2	5.007182984E2
1.135015331E2	2.374578182E2	4.994004586E2
1.135181976E2	2.375305128E2	4.981297181E2
1.135348620E2	2.375286266E2	4.971008054E2
1.135515265E2	2.374649920E2	4.953766627E2
1.135681909E2	2.376089235E2	4.936894042E2
1.135848554E2	2.374652226E2	4.918942298E2
1.136015198E2	2.373796831E2	4.898740986E2
1.136181842E2	2.375352141E2	4.882319068E2
1.136348487E2	2.374929716E2	4.870920550E2
1.136515131E2	2.375249841E2	4.857534024E2
1.136681776E2	2.375311196E2	4.840306616E2
1.136848420E2	2.375111958E2	4.817531105E2
1.137015065E2	2.375026173E2	4.793241574E2
1.137181709E2	2.373799589E2	4.766928256E2
1.137348354E2	2.375847309E2	4.744556801E2
1.137514998E2	2.376087296E2	4.724973408E2
1.137681642E2	2.375242244E2	4.712783016E2
1.137848287E2	2.374904989E2	4.700345410E2
1.138014931E2	2.375686993E2	4.693230571E2
1.138181576E2	2.376008463E2	4.688431871E2
1.138348220E2	2.374426780E2	4.683862383E2
1.138514865E2	2.375665704E2	4.678206720E2
1.138681509E2	2.375568642E2	4.670801381E2
1.138848154E2	2.375237618E2	4.660707387E2
1.139014798E2	2.375519445E2	4.649207818E2
1.139181442E2	2.375265491E2	4.634656762E2
1.139348087E2	2.375811786E2	4.623826502E2
1.139514731E2	2.375945758E2	4.616647862E2
1.139681376E2	2.375555929E2	4.607484925E2
1.139848020E2	2.373429927E2	4.597616682E2
1.140014665E2	2.374046974E2	4.585759896E2
1.140181309E2	2.374919574E2	4.575827049E2
1.140347954E2	2.375855105E2	4.566474954E2
1.140514598E2	2.375713401E2	4.555219104E2
1.140681243E2	2.374848211E2	4.544773420E2
1.140847887E2	2.375652220E2	4.538258042E2
1.141014531E2	2.375582434E2	4.533396398E2
1.141181176E2	2.375170297E2	4.527636578E2
1.141347820E2	2.375628560E2	4.525672386E2
1.141514465E2	2.375760082E2	4.520265669E2
1.141681109E2	2.376404625E2	4.511037602E2
1.141847754E2	2.375046429E2	4.502614398E2
1.142014398E2	2.374716132E2	4.496916456E2
1.142181043E2	2.375265676E2	4.491964978E2
1.142347687E2	2.375701513E2	4.483565531E2
1.142514331E2	2.375897208E2	4.468751421E2
1.142680976E2	2.375390336E2	4.453583416E2
1.142847620E2	2.375772842E2	4.443601607E2
1.143014265E2	2.372557036E2	4.435837840E2
1.143180909E2	2.373181263E2	4.424565919E2
1.143347554E2	2.374663534E2	4.411722003E2
1.143514198E2	2.375016678E2	4.374460048E2
1.143680843E2	2.373678632E2	4.308594641E2
1.143847487E2	2.373633167E2	4.222069942E2
1.144014131E2	2.374428907E2	4.125158510E2
1.144180776E2	2.373837804E2	4.052472527E2
1.144347420E2	2.374019013E2	4.000421159E2
1.144514065E2	2.372605457E2	3.961483516E2
1.144680709E2	2.372867026E2	3.917756353E2
1.144847354E2	2.373437139E2	3.875742080E2
1.145013998E2	2.374440115E2	3.827508351E2
1.145180643E2	2.371958627E2	3.775043437E2
1.145347287E2	2.373427933E2	3.732219188E2
1.145513931E2	2.373135212E2	3.706261667E2
1.145680576E2	2.373961594E2	3.695779512E2
1.145847220E2	2.374857291E2	3.685421008E2
1.146013865E2	2.373286259E2	3.672444921E2
1.146180509E2	2.374989034E2	3.649592907E2
1.146347154E2	2.374727891E2	3.620674657E2
1.146513798E2	2.374149955E2	3.597961506E2
1.146680443E2	2.373694988E2	3.583258307E2
1.146847087E2	2.373979352E2	3.569680670E2
1.147013732E2	2.374215699E2	3.557649589E2
1.147180376E2	2.373950050E2	3.533244869E2
1.147347020E2	2.374455945E2	3.504983566E2
1.147513665E2	2.374216990E2	3.482074475E2
1.147680309E2	2.374533937E2	3.460515008E2
1.147846954E2	2.373263533E2	3.432587624E2
1.148013598E2	2.374813266E2	3.405307954E2
1.148180243E2	2.374267141E2	3.368052890E2
1.148346887E2	2.374540677E2	3.330724495E2
1.148513532E2	2.373113164E2	3.303829365E2
1.148680176E2	2.372426440E2	3.282569378E2
1.148846820E2	2.372807858E2	3.259321562E2
1.149013465E2	2.370910614E2	3.222071468E2
1.149180109E2	2.373940623E2	3.176108041E2
1.149346754E2	2.373860340E2	3.135130283E2
1.149513398E2	2.372671420E2	3.099386915E2
1.149680043E2	2.373914327E2	3.071634626E2
1.149846687E2	2.372802316E2	3.044911993E2
1.150013332E2	2.373705710E2	3.013419872E2
1.150179976E2	2.373694354E2	2.981871717E2
1.150346620E2	2.372975164E2	2.952274860E2
1.150513265E2	2.372834498E2	2.928466963E2
1.150679909E2	2.374326380E2	2.901428515E2
1.150846554E2	2.373774456E2	2.875405735E2
1.151013198E2	2.374933304E2	2.850058974E2
1.151179843E2	2.371640728E2	2.830655004E2
1.151346487E2	2.371070362E2	2.811865621E2
1.151513132E2	2.370111960E2	2.795015930E2
1.151679776E2	2.371780679E2	2.779244085E2
1.151846420E2	2.369137803E2	2.771338517E2
1.152013065E2	2.369103464E2	2.762629017E2
1.152179709E2	2.370057537E2	2.752321520E2
1.152346354E2	2.369180000E2	2.735603512E2
1.152512998E2	2.368652363E2	2.716616363E2
1.152679643E2	2.367546735E2	2.689011698E2
1.152846287E2	2.366739413E2	2.661371948E2
1.153012932E2	2.367855787E2	2.640863386E2
1.153179576E2	2.368054422E2	2.633235482E2
1.153346221E2	2.367784302E2	2.625889130E2
1.153512865E2	2.366223711E2	2.612471703E2
1.153679509E2	2.367982716E2	2.595311026E2
1.153846154E2	2.367850963E2	2.575409692E2
1.154012798E2	2.367647931E2	2.553217662E2
1.154179443E2	2.367739731E2	2.527354297E2
1.154346087E2	2.368976981E2	2.509834489E2
1.154512732E2	2.367944808E2	2.494245882E2
1.154679376E2	2.367410991E2	2.478401185E2
1.154846021E2	2.366837211E2	2.463132081E2
1.155012665E2	2.367106570E2	2.445256852E2
1.155179309E2	2.367420739E2	2.423162376E2
1.155345954E2	2.367517821E2	2.400300632E2
1.155512598E2	2.367695286E2	2.382936262E2
1.155679243E2	2.366773981E2	2.366477105E2
1.155845887E2	2.366897562E2	2.351972486E2
1.156012532E2	2.366787909E2	2.338112498E2
1.156179176E2	2.366717584E2	2.320819395E2
1.156345821E2	2.367413207E2	2.305281106E2
1.156512465E2	2.367535228E2	2.286299029E2
1.156679109E2	2.366324544E2	2.267069493E2
1.156845754E2	2.366680230E2	2.247627460E2
1.157012398E2	2.365666226E2	2.228658489E2
1.157179043E2	2.366169783E2	2.213471671E2
1.157345687E2	2.365596513E2	2.200375852E2
1.157512332E2	2.367141371E2	2.190889024E2
1.157678976E2	2.365756235E2	2.181292041E2
1.157845621E2	2.366721070E2	2.170859113E2
1.158012265E2	2.366133777E2	2.157049555E2
1.158178909E2	2.366172474E2	2.143573250E2
1.158345554E2	2.366949102E2	2.127013297E2
1.158512198E2	2.367631702E2	2.111109764E2
1.158678843E2	2.367332854E2	2.095683453E2
1.158845487E2	2.367836745E2	2.084127446E2
1.159012132E2	2.366994303E2	2.076494717E2
1.159178776E2	2.366454923E2	2.059474982E2
1.159345421E2	2.366836804E2	2.029739211E2
1.159512065E2	2.366408164E2	1.985565915E2
1.159678710E2	2.366547688E2	1.943354957E2
1.159845354E2	2.366651313E2	1.911437008E2
1.160011998E2	2.367094510E2	1.889051245E2
1.160178643E2	2.366042297E2	1.868767442E2
1.160345287E2	2.366687104E2	1.850830407E2
1.160511932E2	2.366639172E2	1.829372023E2
1.160678576E2	2.366084984E2	1.797656744E2
1.160845221E2	2.366767133E2	1.764883711E2
1.161011865E2	2.367321760E2	1.740095727E2
1.161178510E2	2.367902403E2	1.715099628E2
1.161345154E2	2.365671753E2	1.694244858E2
1.161511798E2	2.366111750E2	1.671407132E2
1.161678443E2	2.365054822E2	1.652050905E2
1.161845087E2	2.366584943E2	1.633208650E2
1.162011732E2	2.365964328E2	1.599129830E2
1.162178376E2	2.366324524E2	1.561333474E2
1.162345021E2	2.366691664E2	1.529402326E2
1.162511665E2	2.366982665E2	1.505958988E2
1.162678310E2	2.366713762E2	1.478864835E2
1.162844954E2	2.365859389E2	1.452010797E2
1.163011598E2	2.366043734E2	1.424089137E2
1.163178243E2	2.365538357E2	1.388707439E2
1.163344887E2	2.366906148E2	1.353857015E2
1.163511532E2	2.366144005E2	1.326495918E2
1.163678176E2	2.366512773E2	1.300594691E2
1.163844821E2	2.366621700E2	1.277633635E2
1.164011465E2	2.367184037E2	1.259284265E2
1.164178110E2	2.366076485E2	1.238912667E2
1.164344754E2	2.366951289E2	1.217639055E2
1.164511398E2	2.366174722E2	1.198802774E2
1.164678043E2	2.367230074E2	1.175412617E2
1.164844687E2	2.366344955E2	1.150041227E2
1.165011332E2	2.367417171E2	1.127555848E2
1.165177976E2	2.367272523E2	1.105636093E2
1.165344621E2	2.367987664E2	1.086465662E2
1.165511265E2	2.367040627E2	1.068159042E2
1.165677910E2	2.365793016E2	1.042787907E2
1.165844554E2	2.366392746E2	1.019447081E2
1.166011199E2	2.367079061E2	9.949579606E1
1.166177843E2	2.367083963E2	9.662701132E1
1.166344487E2	2.366457121E2	9.310862444E1
1.166511132E2	2.367847784E2	8.918664570E1
1.166677776E2	2.366779001E2	8.541111415E1
1.166844421E2	2.367136330E2	8.208498393E1
1.167011065E2	2.366687090E2	7.800878959E1
1.167177710E2	2.366163716E2	7.450598495E1
1.167344354E2	2.366638143E2	7.134627485E1
1.167510999E2	2.366292880E2	6.731274720E1
1.167677643E2	2.366970494E2	6.296423925E1
1.167844287E2	2.366825319E2	5.903593064E1
1.168010932E2	2.367651905E2	5.622939876E1
1.168177576E2	2.366163249E2	5.432926258E1
1.168344221E2	2.366561269E2	5.302227449E1
1.168510865E2	2.366443089E2	5.171485342E1
1.168677510E2	2.367187389E2	5.027674787E1
1.168844154E2	2.366520165E2	4.806367032E1
1.169010799E2	2.367252795E2	4.540396226E1
1.169177443E2	2.367032771E2	4.320654768E1
1.169344087E2	2.367481052E2	4.168078293E1
1.169510732E2	2.366988048E2	4.038429351E1
1.169677376E2	2.367105363E2	3.881014463E1
1.169844021E2	2.368141106E2	3.698286076E1
1.170010665E2	2.366534887E2	3.395926477E1
1.170177310E2	2.366605647E2	2.997005440E1
1.170343954E2	2.366551270E2	2.741750172E1
1.170510599E2	2.367166474E2	2.597270683E1
1.170677243E2	2.366911080E2	2.542529584E1
1.170843887E2	2.367010255E2	2.430251769E1
1.171010532E2	2.366627316E2	2.220658969E1
1.171177176E2	2.367607051E2	1.952525311E1
1.171343821E2	2.366514127E2	1.661899314E1
1.171510465E2	2.367041678E2	1.444813038E1
1.171677110E2	2.367990041E2	1.205754721E1
1.171843754E2	2.367194424E2	1.045404036E1
1.172010399E2	2.367021788E2	8.792467115E0
1.172177043E2	2.367213383E2	6.622905812E0
1.172343688E2	2.367794359E2	3.904478449E0
