203-I_row-5_post-25_ref
t	x	y
9.846728598E1	4.970507424E2	-3.162705157E0
9.848396404E1	4.972118944E2	2.520316093E0
9.850064211E1	4.971464445E2	8.151610816E0
9.851732017E1	4.970411908E2	1.295269368E1
9.853399823E1	4.969790735E2	1.684287412E1
9.855067630E1	4.970018551E2	2.123686561E1
9.856735436E1	4.969945615E2	2.636625505E1
9.858403242E1	4.970904405E2	3.063331581E1
9.860071049E1	4.970769072E2	3.267991975E1
9.861738855E1	4.970404860E2	3.381275614E1
9.863406661E1	4.970386182E2	3.482301027E1
9.865074468E1	4.970657685E2	3.527531277E1
9.866742274E1	4.970043565E2	3.543642023E1
9.868410080E1	4.970993645E2	3.587859215E1
9.870077887E1	4.970557295E2	3.558435336E1
9.871745693E1	4.969930415E2	3.550898587E1
9.873413499E1	4.970081750E2	3.558742274E1
9.875081306E1	4.969163625E2	3.566730958E1
9.876749112E1	4.969918095E2	3.550725907E1
9.878416918E1	4.969654676E2	3.554911515E1
9.880084725E1	4.970017671E2	3.552982367E1
9.881752531E1	4.970403800E2	3.553321512E1
9.883420337E1	4.970330603E2	3.540570044E1
9.885088144E1	4.970687474E2	3.545980349E1
9.886755950E1	4.970915017E2	3.543982115E1
9.888423756E1	4.971032436E2	3.546290970E1
9.890091563E1	4.969531753E2	3.547641284E1
9.891759369E1	4.969962729E2	3.536987577E1
9.893427175E1	4.970658673E2	3.552782910E1
9.895094982E1	4.970349965E2	3.564600176E1
9.896762788E1	4.970412191E2	3.578301175E1
9.898430594E1	4.969601426E2	3.551346756E1
9.900098401E1	4.969905397E2	3.556662299E1
9.901766207E1	4.969823609E2	3.551940232E1
9.903434013E1	4.970059307E2	3.547231031E1
9.905101820E1	4.969920257E2	3.556414429E1
9.906769626E1	4.971703705E2	3.548066185E1
9.908437432E1	4.970653298E2	3.545011888E1
9.910105239E1	4.970453710E2	3.536406839E1
9.911773045E1	4.971046885E2	3.551367458E1
9.913440851E1	4.970543497E2	3.539587453E1
9.915108658E1	4.970613933E2	3.563991209E1
9.916776464E1	4.972039086E2	3.574630219E1
9.918444270E1	4.970326476E2	3.563899801E1
9.920112077E1	4.969711856E2	3.571510542E1
9.921779883E1	4.970631708E2	3.572765456E1
9.923447689E1	4.970184685E2	3.563797005E1
9.925115496E1	4.971559739E2	3.611019278E1
9.926783302E1	4.971105460E2	3.696555030E1
9.928451108E1	4.970943846E2	3.872274147E1
9.930118915E1	4.969803135E2	4.048169474E1
9.931786721E1	4.971592803E2	4.249315957E1
9.933454527E1	4.970712740E2	4.399295760E1
9.935122334E1	4.972496860E2	4.581575743E1
9.936790140E1	4.970602069E2	4.727549017E1
9.938457946E1	4.970595519E2	4.999682707E1
9.940125753E1	4.971306636E2	5.378385806E1
9.941793559E1	4.970530183E2	5.771554728E1
9.943461365E1	4.971285186E2	6.193464883E1
9.945129172E1	4.970827075E2	6.744551069E1
9.946796978E1	4.971108287E2	7.421236194E1
9.948464784E1	4.971484552E2	8.088971726E1
9.950132591E1	4.971841121E2	8.797937547E1
9.951800397E1	4.970852999E2	9.663829480E1
9.953468203E1	4.970615315E2	1.064378004E2
9.955136010E1	4.970206233E2	1.150893271E2
9.956803816E1	4.970567012E2	1.229962480E2
9.958471622E1	4.972338730E2	1.294757065E2
9.960139429E1	4.970864325E2	1.341741533E2
9.961807235E1	4.971894252E2	1.381830705E2
9.963475041E1	4.971955920E2	1.419610105E2
9.965142848E1	4.971008490E2	1.447075925E2
9.966810654E1	4.971652994E2	1.470322203E2
9.968478460E1	4.971150629E2	1.494235241E2
9.970146267E1	4.971328593E2	1.512925435E2
9.971814073E1	4.971234520E2	1.526881446E2
9.973481879E1	4.969233309E2	1.535858055E2
9.975149686E1	4.970678050E2	1.542866577E2
9.976817492E1	4.971582545E2	1.547395725E2
9.978485298E1	4.970625329E2	1.561150682E2
9.980153105E1	4.970272023E2	1.576159307E2
9.981820911E1	4.971296521E2	1.590161731E2
9.983488717E1	4.971306629E2	1.604809798E2
9.985156524E1	4.969854585E2	1.614830202E2
9.986824330E1	4.970878977E2	1.618048875E2
9.988492136E1	4.970652584E2	1.621604694E2
9.990159943E1	4.970432121E2	1.629951621E2
9.991827749E1	4.970609725E2	1.639290396E2
9.993495555E1	4.970514025E2	1.655278056E2
9.995163362E1	4.972352407E2	1.675277881E2
9.996831168E1	4.971676593E2	1.707888800E2
9.998498974E1	4.971878481E2	1.743142228E2
1.000016678E2	4.972080939E2	1.784956837E2
1.000183459E2	4.972281719E2	1.839773310E2
1.000350239E2	4.971976864E2	1.898193755E2
1.000517020E2	4.970425973E2	1.950679374E2
1.000683801E2	4.971331947E2	1.994496491E2
1.000850581E2	4.971533823E2	2.029899297E2
1.001017362E2	4.971555450E2	2.061492974E2
1.001184142E2	4.974403891E2	2.126410637E2
1.001350923E2	4.972269074E2	2.157635708E2
1.001517704E2	4.971691391E2	2.191394722E2
1.001684484E2	4.972697478E2	2.221244572E2
1.001851265E2	4.972842556E2	2.245144313E2
1.002018046E2	4.971532114E2	2.272705458E2
1.002184826E2	4.972125847E2	2.311467838E2
1.002351607E2	4.972008070E2	2.346070010E2
1.002518388E2	4.971134406E2	2.373911506E2
1.002685168E2	4.970925455E2	2.405723264E2
1.002851949E2	4.972710904E2	2.447639736E2
1.003018729E2	4.972134187E2	2.486718176E2
1.003185510E2	4.972332456E2	2.514875961E2
1.003352291E2	4.972203083E2	2.533169802E2
1.003519071E2	4.971109674E2	2.547968974E2
1.003685852E2	4.970636573E2	2.562608359E2
1.003852633E2	4.971135060E2	2.577843532E2
1.004019413E2	4.971069470E2	2.595483281E2
1.004186194E2	4.971811803E2	2.619853991E2
1.004352975E2	4.970895626E2	2.645675015E2
1.004519755E2	4.972060361E2	2.683287003E2
1.004686536E2	4.972174741E2	2.730214847E2
1.004853316E2	4.972971994E2	2.774808782E2
1.005020097E2	4.972291878E2	2.814916094E2
1.005186878E2	4.970814803E2	2.846177246E2
1.005353658E2	4.971407300E2	2.876878470E2
1.005520439E2	4.971237884E2	2.913410678E2
1.005687220E2	4.971578609E2	2.953111753E2
1.005854000E2	4.971431502E2	2.996271946E2
1.006020781E2	4.973310397E2	3.030174987E2
1.006187562E2	4.971006692E2	3.068264825E2
1.006354342E2	4.971578905E2	3.117437897E2
1.006521123E2	4.974340276E2	3.181388574E2
1.006687903E2	4.972612034E2	3.247308122E2
1.006854684E2	4.972575312E2	3.306513468E2
1.007021465E2	4.972436947E2	3.356172486E2
1.007188245E2	4.971668161E2	3.416853951E2
1.007355026E2	4.972339024E2	3.489288601E2
1.007521807E2	4.972503167E2	3.563531424E2
1.007688587E2	4.974745263E2	3.628639184E2
1.007855368E2	4.974958501E2	3.674210499E2
1.008022148E2	4.976645358E2	3.706745968E2
1.008188929E2	4.977141644E2	3.746914150E2
1.008355710E2	4.977706117E2	3.787540527E2
1.008522490E2	4.978899028E2	3.836220825E2
1.008689271E2	4.979274243E2	3.879730284E2
1.008856052E2	4.977664778E2	3.913276220E2
1.009022832E2	4.979904289E2	3.948351405E2
1.009189613E2	4.978312744E2	3.984532540E2
1.009356394E2	4.979031019E2	4.017990924E2
1.009523174E2	4.979907028E2	4.055832844E2
1.009689955E2	4.980579398E2	4.104313663E2
1.009856735E2	4.980686634E2	4.149898943E2
1.010023516E2	4.979715366E2	4.185671626E2
1.010190297E2	4.978732754E2	4.217663989E2
1.010357077E2	4.981538497E2	4.255534726E2
1.010523858E2	4.978562922E2	4.294756926E2
1.010690639E2	4.979246987E2	4.333012101E2
1.010857419E2	4.979055405E2	4.371346330E2
1.011024200E2	4.979893278E2	4.409671546E2
1.011190981E2	4.977951600E2	4.433463073E2
1.011357761E2	4.979727259E2	4.456656139E2
1.011524542E2	4.979496521E2	4.491579782E2
1.011691322E2	4.980835413E2	4.529599940E2
1.011858103E2	4.978030146E2	4.571724523E2
1.012024884E2	4.980215190E2	4.617340489E2
1.012191664E2	4.981935624E2	4.652860947E2
1.012358445E2	4.980038970E2	4.689617753E2
1.012525226E2	4.979054067E2	4.730125193E2
1.012692006E2	4.980984087E2	4.761125231E2
1.012858787E2	4.978474966E2	4.785682001E2
1.013025567E2	4.978495904E2	4.806764276E2
1.013192348E2	4.978573598E2	4.825627512E2
1.013359129E2	4.978933993E2	4.844269012E2
1.013525909E2	4.979774374E2	4.864759586E2
1.013692690E2	4.978940769E2	4.889753763E2
1.013859471E2	4.978801843E2	4.908968966E2
1.014026251E2	4.981060768E2	4.924489368E2
1.014193032E2	4.979283314E2	4.938796342E2
1.014359813E2	4.978985414E2	4.953243903E2
1.014526593E2	4.978852577E2	4.969756747E2
1.014693374E2	4.978275701E2	4.980766026E2
1.014860154E2	4.976562026E2	4.987970497E2
1.015026935E2	4.979499462E2	4.990471349E2
1.015193716E2	4.979092602E2	4.999226351E2
1.015360496E2	4.978890267E2	5.007199249E2
1.015527277E2	4.978636120E2	5.013378384E2
1.015694058E2	4.977873892E2	5.019736187E2
1.015860838E2	4.978702792E2	5.018066021E2
1.016027619E2	4.978334476E2	5.020168942E2
1.016194400E2	4.977882383E2	5.020333961E2
1.016361180E2	4.978468836E2	5.021425592E2
1.016527961E2	4.978123546E2	5.021435254E2
1.016694741E2	4.978299686E2	5.021069910E2
1.016861522E2	4.978525540E2	5.020455292E2
1.017028303E2	4.978100456E2	5.020539558E2
1.017195083E2	4.977571065E2	5.021941527E2
1.017361864E2	4.978427119E2	5.021388651E2
1.017528645E2	4.977455210E2	5.021993461E2
1.017695425E2	4.978039934E2	5.020948418E2
1.017862206E2	4.977212470E2	5.021043827E2
1.018028986E2	4.977274331E2	5.021933471E2
1.018195767E2	4.976908580E2	5.020112700E2
1.018362548E2	4.977801854E2	5.020783988E2
1.018529328E2	4.979661450E2	5.020875784E2
1.018696109E2	4.978015489E2	5.021576904E2
1.018862890E2	4.978745160E2	5.020409047E2
1.019029670E2	4.979055359E2	5.020973438E2
1.019196451E2	4.978236768E2	5.020348171E2
1.019363232E2	4.978540502E2	5.021217846E2
1.019530012E2	4.977669128E2	5.022339512E2
1.019696793E2	4.978469170E2	5.020886444E2
1.019863573E2	4.978501230E2	5.022226247E2
1.020030354E2	4.978040773E2	5.023067077E2
1.020197135E2	4.978564866E2	5.028743099E2
1.020363915E2	4.981822309E2	5.027871052E2
1.020530696E2	4.989186879E2	5.026831598E2
1.020697477E2	4.996721543E2	5.024543901E2
1.020864257E2	5.002722571E2	5.022055650E2
1.021031038E2	5.011934560E2	5.019430291E2
1.021197819E2	5.018093225E2	5.017480726E2
1.021364599E2	5.027990402E2	5.018298051E2
1.021531380E2	5.036349783E2	5.014853754E2
1.021698160E2	5.046013890E2	5.014238957E2
1.021864941E2	5.053001848E2	5.013544580E2
1.022031722E2	5.058670322E2	5.012331704E2
1.022198502E2	5.063785027E2	5.011611752E2
1.022365283E2	5.068439692E2	4.998910237E2
1.022532064E2	5.078810949E2	4.980712841E2
1.022698844E2	5.094229842E2	4.949315101E2
1.022865625E2	5.116613970E2	4.907772778E2
1.023032405E2	5.139480878E2	4.845664895E2
1.023199186E2	5.162539642E2	4.770188831E2
1.023365967E2	5.179046404E2	4.691412127E2
1.023532747E2	5.196384360E2	4.610976396E2
1.023699528E2	5.213139524E2	4.503628469E2
1.023866309E2	5.227141652E2	4.371949506E2
1.024033089E2	5.238626892E2	4.231571921E2
1.024199870E2	5.243819684E2	4.094587592E2
1.024366651E2	5.250412382E2	3.941469719E2
1.024533431E2	5.256987676E2	3.739179889E2
1.024700212E2	5.258072991E2	3.499693375E2
1.024866992E2	5.259949041E2	3.270806835E2
1.025033773E2	5.257163891E2	3.096992519E2
1.025200554E2	5.258380644E2	2.979046119E2
1.025367334E2	5.259735715E2	2.885797830E2
1.025534115E2	5.259000913E2	2.810907445E2
1.025700896E2	5.258632472E2	2.729935302E2
1.025867676E2	5.259443970E2	2.649440953E2
1.026034457E2	5.259005091E2	2.567844914E2
1.026201238E2	5.259683790E2	2.496901589E2
1.026368018E2	5.259900600E2	2.444267185E2
1.026534799E2	5.262431850E2	2.400341151E2
1.026701579E2	5.263340400E2	2.338695465E2
1.026868360E2	5.265533474E2	2.262784863E2
1.027035141E2	5.268799750E2	2.171473146E2
1.027201921E2	5.276609397E2	2.060200140E2
1.027368702E2	5.282467838E2	1.974444087E2
1.027535483E2	5.291856120E2	1.895848132E2
1.027702263E2	5.302096957E2	1.800697355E2
1.027869044E2	5.313937491E2	1.687750803E2
1.028035824E2	5.324619034E2	1.536297942E2
1.028202605E2	5.338212812E2	1.366277157E2
1.028369386E2	5.351122480E2	1.225114791E2
1.028536166E2	5.363531214E2	1.116913864E2
1.028702947E2	5.381279034E2	1.004404805E2
