203-I_row-5_post-25_wire
t	x	y
9.846728598E1	9.678680169E1	1.285135956E1
9.848396404E1	9.632523758E1	1.694701263E1
9.850064211E1	9.588912545E1	2.174407075E1
9.851732017E1	9.635736990E1	2.645373467E1
9.853399823E1	9.683853994E1	2.986587706E1
9.855067630E1	9.690246242E1	3.392131213E1
9.856735436E1	9.600341861E1	3.865964416E1
9.858403242E1	9.536610170E1	4.259955284E1
9.860071049E1	9.497834225E1	4.435429760E1
9.861738855E1	9.608605858E1	4.563432554E1
9.863406661E1	9.660833643E1	4.651781110E1
9.865074468E1	9.641428111E1	4.671120105E1
9.866742274E1	9.556423598E1	4.675988931E1
9.868410080E1	9.532631343E1	4.734854806E1
9.870077887E1	9.560999476E1	4.716054798E1
9.871745693E1	9.645291763E1	4.725198913E1
9.873413499E1	9.669694429E1	4.737073936E1
9.875081306E1	9.589690444E1	4.738915709E1
9.876749112E1	9.516248368E1	4.737115984E1
9.878416918E1	9.515727387E1	4.738573054E1
9.880084725E1	9.602566512E1	4.739356135E1
9.881752531E1	9.684493506E1	4.739360209E1
9.883420337E1	9.673870006E1	4.733549367E1
9.885088144E1	9.588863825E1	4.736187287E1
9.886755950E1	9.527438478E1	4.735417637E1
9.888423756E1	9.558648294E1	4.739317481E1
9.890091563E1	9.650942326E1	4.742278179E1
9.891759369E1	9.709655225E1	4.730932523E1
9.893427175E1	9.620431550E1	4.742335527E1
9.895094982E1	9.473043179E1	4.747414817E1
9.896762788E1	9.426727962E1	4.765480202E1
9.898430594E1	9.518741682E1	4.741733139E1
9.900098401E1	9.649659844E1	4.744359597E1
9.901766207E1	9.667523370E1	4.741367621E1
9.903434013E1	9.565892683E1	4.740585397E1
9.905101820E1	9.455371131E1	4.742268395E1
9.906769626E1	9.484368014E1	4.741146411E1
9.908437432E1	9.576159240E1	4.741603386E1
9.910105239E1	9.650555551E1	4.737032692E1
9.911773045E1	9.613996563E1	4.741332258E1
9.913440851E1	9.540780661E1	4.734943675E1
9.915108658E1	9.495838900E1	4.745316549E1
9.916776464E1	9.560094025E1	4.767419444E1
9.918444270E1	9.612697356E1	4.755061441E1
9.920112077E1	9.572588695E1	4.777179701E1
9.921779883E1	9.515542881E1	4.768551874E1
9.923447689E1	9.435625318E1	4.769331603E1
9.925115496E1	9.522088574E1	4.813382810E1
9.926783302E1	9.627304289E1	4.891114350E1
9.928451108E1	9.680245130E1	5.055692649E1
9.930118915E1	9.603276571E1	5.223790480E1
9.931786721E1	9.503663191E1	5.392569581E1
9.933454527E1	9.447038190E1	5.543382860E1
9.935122334E1	9.522841009E1	5.705199477E1
9.936790140E1	9.596545732E1	5.859046206E1
9.938457946E1	9.620254609E1	6.103625002E1
9.940125753E1	9.544088204E1	6.453275746E1
9.941793559E1	9.451879628E1	6.825067406E1
9.943461365E1	9.436743979E1	7.226950369E1
9.945129172E1	9.459989387E1	7.727217332E1
9.946796978E1	9.515782363E1	8.361394538E1
9.948464784E1	9.512610415E1	9.004642930E1
9.950132591E1	9.431289771E1	9.667050818E1
9.951800397E1	9.383836677E1	1.050338747E2
9.953468203E1	9.313058210E1	1.141135178E2
9.955136010E1	9.357058759E1	1.226765814E2
9.956803816E1	9.346650450E1	1.301594251E2
9.958471622E1	9.343690606E1	1.364623404E2
9.960139429E1	9.273755990E1	1.405821023E2
9.961807235E1	9.278046104E1	1.444830304E2
9.963475041E1	9.262410339E1	1.478288100E2
9.965142848E1	9.257700619E1	1.504506185E2
9.966810654E1	9.259350886E1	1.526846616E2
9.968478460E1	9.229068707E1	1.549526672E2
9.970146267E1	9.190959037E1	1.566348268E2
9.971814073E1	9.227132166E1	1.580487137E2
9.973481879E1	9.193257644E1	1.589895828E2
9.975149686E1	9.209526251E1	1.597294274E2
9.976817492E1	9.172940899E1	1.599474254E2
9.978485298E1	9.204685121E1	1.613741925E2
9.980153105E1	9.219503124E1	1.629028427E2
9.981820911E1	9.190453381E1	1.640117266E2
9.983488717E1	9.189975750E1	1.654441126E2
9.985156524E1	9.121447787E1	1.663200614E2
9.986824330E1	9.119743163E1	1.665217891E2
9.988492136E1	9.185678055E1	1.669986818E2
9.990159943E1	9.205346262E1	1.677976340E2
9.991827749E1	9.191486667E1	1.686685077E2
9.993495555E1	9.175092197E1	1.702484916E2
9.995163362E1	9.153428974E1	1.719246195E2
9.996831168E1	9.187910093E1	1.750802170E2
9.998498974E1	9.200086899E1	1.783152805E2
1.000016678E2	9.184146653E1	1.823420390E2
1.000183459E2	9.176171203E1	1.877109618E2
1.000350239E2	9.140324283E1	1.932622479E2
1.000517020E2	9.078604647E1	1.982955665E2
1.000683801E2	9.063521267E1	2.023949826E2
1.000850581E2	9.034721850E1	2.056327453E2
1.001017362E2	9.041969241E1	2.086620500E2
1.001184142E2	8.996832387E1	2.146379786E2
1.001350923E2	9.034133944E1	2.176335102E2
1.001517704E2	9.011377168E1	2.208092508E2
1.001684484E2	8.947026204E1	2.234190656E2
1.001851265E2	8.910964498E1	2.257331617E2
1.002018046E2	8.871090280E1	2.282826680E2
1.002184826E2	8.911548612E1	2.320839544E2
1.002351607E2	8.899549199E1	2.353188964E2
1.002518388E2	8.852975349E1	2.378011304E2
1.002685168E2	8.807107430E1	2.409740842E2
1.002851949E2	8.815342010E1	2.449288825E2
1.003018729E2	8.840311090E1	2.487512929E2
1.003185510E2	8.830750287E1	2.513644805E2
1.003352291E2	8.787644327E1	2.530489753E2
1.003519071E2	8.762035960E1	2.545786127E2
1.003685852E2	8.742668407E1	2.560236503E2
1.003852633E2	8.703087523E1	2.571356410E2
1.004019413E2	8.710608983E1	2.588717876E2
1.004186194E2	8.721026926E1	2.610907693E2
1.004352975E2	8.692699598E1	2.636258233E2
1.004519755E2	8.724312820E1	2.673276596E2
1.004686536E2	8.649851438E1	2.715277052E2
1.004853316E2	8.607242362E1	2.756596095E2
1.005020097E2	8.585497398E1	2.795565133E2
1.005186878E2	8.558095483E1	2.827012688E2
1.005353658E2	8.569695708E1	2.857524358E2
1.005520439E2	8.522374688E1	2.891391662E2
1.005687220E2	8.546511178E1	2.929556367E2
1.005854000E2	8.520703383E1	2.970313719E2
1.006020781E2	8.508279190E1	3.003072854E2
1.006187562E2	8.409165418E1	3.036662960E2
1.006354342E2	8.411202516E1	3.084523260E2
1.006521123E2	8.443634646E1	3.147052701E2
1.006687903E2	8.323223636E1	3.206023071E2
1.006854684E2	8.251436569E1	3.260452360E2
1.007021465E2	8.145614762E1	3.302409249E2
1.007188245E2	8.141615730E1	3.357703810E2
1.007355026E2	8.130058624E1	3.422698269E2
1.007521807E2	8.054397045E1	3.487517094E2
1.007688587E2	7.966307029E1	3.536144170E2
1.007855368E2	7.925254444E1	3.573903398E2
1.008022148E2	7.933663479E1	3.605420173E2
1.008188929E2	7.954199554E1	3.645395582E2
1.008355710E2	7.882593790E1	3.680253080E2
1.008522490E2	7.820027707E1	3.718407693E2
1.008689271E2	7.730516230E1	3.750843355E2
1.008856052E2	7.732838772E1	3.782035020E2
1.009022832E2	7.795520146E1	3.815688515E2
1.009189613E2	7.807975740E1	3.847939625E2
1.009356394E2	7.768878561E1	3.878675952E2
1.009523174E2	7.628589219E1	3.902406878E2
1.009689955E2	7.562051863E1	3.942374797E2
1.009856735E2	7.588550154E1	3.983696345E2
1.010023516E2	7.606042828E1	4.016521947E2
1.010190297E2	7.613354227E1	4.046550262E2
1.010357077E2	7.472493711E1	4.071937530E2
1.010523858E2	7.342474132E1	4.096178861E2
1.010690639E2	7.341201730E1	4.128745718E2
1.010857419E2	7.460109498E1	4.167600997E2
1.011024200E2	7.427105712E1	4.201355887E2
1.011190981E2	7.264267821E1	4.217544066E2
1.011357761E2	7.161761337E1	4.224793039E2
1.011524542E2	7.116229187E1	4.248860708E2
1.011691322E2	7.169037488E1	4.283573943E2
1.011858103E2	7.225292320E1	4.322180542E2
1.012024884E2	7.175884136E1	4.362073150E2
1.012191664E2	6.998972676E1	4.377570892E2
1.012358445E2	6.911037728E1	4.384813029E2
1.012525226E2	6.946973421E1	4.409512022E2
1.012692006E2	7.182604254E1	4.439932688E2
1.012858787E2	7.085242192E1	4.459786280E2
1.013025567E2	6.955716475E1	4.474310210E2
