203-I_row-6_post-25_ref
t	x	y
1.866417811E0	2.685869953E2	-2.742327777E2
1.883082256E0	2.686215775E2	-2.787133186E2
1.899746700E0	2.687122808E2	-2.821917894E2
1.916411145E0	2.686204989E2	-2.852913778E2
1.933075590E0	2.686064962E2	-2.887171822E2
1.949740035E0	2.685621983E2	-2.914430647E2
1.966404479E0	2.686811702E2	-2.934592598E2
1.983068924E0	2.686050925E2	-2.947216795E2
1.999733369E0	2.686365312E2	-2.951021523E2
2.016397814E0	2.685458623E2	-2.953948137E2
2.033062258E0	2.686212434E2	-2.953732214E2
2.049726703E0	2.685811283E2	-2.952858324E2
2.066391148E0	2.686224391E2	-2.953282301E2
2.083055593E0	2.686836283E2	-2.953563604E2
2.099720037E0	2.686602723E2	-2.953040662E2
2.116384482E0	2.686097587E2	-2.953443660E2
2.133048927E0	2.686086433E2	-2.952602891E2
2.149713372E0	2.685226645E2	-2.952583512E2
2.166377816E0	2.684820664E2	-2.952166964E2
2.183042261E0	2.685767793E2	-2.952113001E2
2.199706706E0	2.685430489E2	-2.952355868E2
2.216371151E0	2.686456151E2	-2.951885140E2
2.233035595E0	2.685538769E2	-2.952197970E2
2.249700040E0	2.686007574E2	-2.952066498E2
2.266364485E0	2.685899700E2	-2.952254001E2
2.283028929E0	2.685553676E2	-2.952175500E2
2.299693374E0	2.685930967E2	-2.951678239E2
2.316357819E0	2.685599543E2	-2.952216332E2
2.333022264E0	2.685580114E2	-2.952073997E2
2.349686708E0	2.685366294E2	-2.951954789E2
2.366351153E0	2.685485799E2	-2.952149035E2
2.383015598E0	2.685849785E2	-2.952326236E2
2.399680043E0	2.687047965E2	-2.950998197E2
2.416344487E0	2.685463882E2	-2.952262916E2
2.433008932E0	2.685743779E2	-2.951845184E2
2.449673377E0	2.685762105E2	-2.951860948E2
2.466337822E0	2.686398533E2	-2.953348943E2
2.483002266E0	2.685716397E2	-2.952063741E2
2.499666711E0	2.685983476E2	-2.951941388E2
2.516331156E0	2.685861408E2	-2.951665258E2
2.532995601E0	2.685906736E2	-2.951340997E2
2.549660045E0	2.685488489E2	-2.952811929E2
2.566324490E0	2.686159438E2	-2.951287278E2
2.582988935E0	2.686356412E2	-2.952263110E2
2.599653380E0	2.685794465E2	-2.951796951E2
2.616317824E0	2.685806197E2	-2.951675375E2
2.632982269E0	2.685583693E2	-2.952079531E2
2.649646714E0	2.685755028E2	-2.952528319E2
2.666311159E0	2.685844920E2	-2.951873171E2
2.682975603E0	2.685941582E2	-2.951952462E2
2.699640048E0	2.685745730E2	-2.951941889E2
2.716304493E0	2.686099350E2	-2.951207797E2
2.732968937E0	2.686112676E2	-2.952104950E2
2.749633382E0	2.685847189E2	-2.951513159E2
2.766297827E0	2.686067197E2	-2.951768179E2
2.782962272E0	2.685832913E2	-2.951775759E2
2.799626716E0	2.685679671E2	-2.952808851E2
2.816291161E0	2.685442566E2	-2.952531765E2
2.832955606E0	2.685795519E2	-2.951868675E2
2.849620051E0	2.686071294E2	-2.951742857E2
2.866284495E0	2.685804008E2	-2.951547016E2
2.882948940E0	2.685572773E2	-2.951863895E2
2.899613385E0	2.685376729E2	-2.952032761E2
2.916277830E0	2.686023028E2	-2.951095713E2
2.932942274E0	2.686202452E2	-2.951893124E2
2.949606719E0	2.685539657E2	-2.951853110E2
2.966271164E0	2.685938450E2	-2.951601750E2
2.982935609E0	2.685496326E2	-2.952300036E2
2.999600053E0	2.686225290E2	-2.951966247E2
3.016264498E0	2.685767628E2	-2.952218515E2
3.032928943E0	2.685903957E2	-2.951858653E2
3.049593388E0	2.685623184E2	-2.952408734E2
3.066257832E0	2.685872767E2	-2.951369956E2
3.082922277E0	2.685061427E2	-2.952131698E2
3.099586722E0	2.685212313E2	-2.951038471E2
3.116251167E0	2.685327108E2	-2.951039242E2
3.132915611E0	2.685560686E2	-2.951386655E2
3.149580056E0	2.685468395E2	-2.951105989E2
3.166244501E0	2.685801109E2	-2.952068890E2
3.182908945E0	2.686102837E2	-2.950819235E2
3.199573390E0	2.685610785E2	-2.951189889E2
3.216237835E0	2.685748028E2	-2.950988456E2
3.232902280E0	2.685860990E2	-2.951756569E2
3.249566724E0	2.685791657E2	-2.950996289E2
3.266231169E0	2.685245449E2	-2.951429141E2
3.282895614E0	2.685867485E2	-2.950999692E2
3.299560059E0	2.686912211E2	-2.951332860E2
3.316224503E0	2.685787483E2	-2.951565276E2
3.332888948E0	2.685530405E2	-2.951494366E2
3.349553393E0	2.685614645E2	-2.951451285E2
3.366217838E0	2.686147971E2	-2.951560654E2
3.382882282E0	2.685835652E2	-2.951676153E2
3.399546727E0	2.686092316E2	-2.951840081E2
3.416211172E0	2.686192114E2	-2.951890234E2
3.432875617E0	2.686239331E2	-2.951309220E2
3.449540061E0	2.686017008E2	-2.952025853E2
3.466204506E0	2.686074865E2	-2.952130225E2
3.482868951E0	2.683979373E2	-2.953103909E2
3.499533396E0	2.685892882E2	-2.952102939E2
3.516197840E0	2.685825880E2	-2.952299221E2
3.532862285E0	2.686804271E2	-2.951972501E2
3.549526730E0	2.685228790E2	-2.951678320E2
3.566191175E0	2.685130037E2	-2.951984437E2
3.582855619E0	2.685846812E2	-2.952347019E2
3.599520064E0	2.685746935E2	-2.951930305E2
3.616184509E0	2.685888775E2	-2.952093137E2
3.632848953E0	2.686637521E2	-2.952001855E2
3.649513398E0	2.686006437E2	-2.951785353E2
3.666177843E0	2.685976708E2	-2.951983417E2
3.682842288E0	2.686243776E2	-2.951268103E2
3.699506732E0	2.685571663E2	-2.952210190E2
3.716171177E0	2.685746868E2	-2.952436902E2
3.732835622E0	2.686048935E2	-2.952161639E2
3.749500067E0	2.685611041E2	-2.952260819E2
3.766164511E0	2.686055415E2	-2.952187192E2
3.782828956E0	2.686243799E2	-2.952165596E2
3.799493401E0	2.685913583E2	-2.952126612E2
3.816157846E0	2.686028384E2	-2.952176730E2
3.832822290E0	2.686058901E2	-2.953402609E2
3.849486735E0	2.685809570E2	-2.952372887E2
3.866151180E0	2.686662483E2	-2.952778889E2
3.882815625E0	2.686352508E2	-2.953005284E2
3.899480069E0	2.685453349E2	-2.953550637E2
3.916144514E0	2.685507140E2	-2.958998095E2
3.932808959E0	2.685296227E2	-2.960712100E2
3.949473404E0	2.685352810E2	-2.965349092E2
3.966137848E0	2.685299270E2	-2.968288892E2
3.982802293E0	2.685694969E2	-2.976216277E2
3.999466738E0	2.685642484E2	-2.981741353E2
4.016131183E0	2.684386200E2	-2.989280100E2
4.032795627E0	2.686004893E2	-2.997593973E2
4.049460072E0	2.686075590E2	-3.005691881E2
4.066124517E0	2.686245746E2	-3.013280613E2
4.082788961E0	2.685680193E2	-3.024161459E2
4.099453406E0	2.686342609E2	-3.032841231E2
4.116117851E0	2.686036515E2	-3.040687002E2
4.132782296E0	2.686015566E2	-3.050653775E2
4.149446740E0	2.685429489E2	-3.055829901E2
4.166111185E0	2.685991485E2	-3.059643223E2
4.182775630E0	2.685851040E2	-3.070329788E2
4.199440075E0	2.686597439E2	-3.083406619E2
4.216104519E0	2.685890089E2	-3.095855680E2
4.232768964E0	2.685973101E2	-3.105176398E2
4.249433409E0	2.685438012E2	-3.121276147E2
4.266097854E0	2.685904466E2	-3.138506331E2
4.282762298E0	2.686301814E2	-3.154217493E2
4.299426743E0	2.686103888E2	-3.161645026E2
4.316091188E0	2.686208483E2	-3.170944594E2
4.332755633E0	2.686081417E2	-3.179056422E2
4.349420077E0	2.686566650E2	-3.188712131E2
4.366084522E0	2.685697808E2	-3.199650333E2
4.382748967E0	2.686883473E2	-3.208431346E2
4.399413412E0	2.686448483E2	-3.215671155E2
4.416077856E0	2.686343587E2	-3.225504784E2
4.432742301E0	2.686188101E2	-3.230791596E2
4.449406746E0	2.685778717E2	-3.235902668E2
4.466071191E0	2.686111212E2	-3.243201006E2
4.482735635E0	2.686765726E2	-3.249991786E2
4.499400080E0	2.687016793E2	-3.254254083E2
4.516064525E0	2.686218174E2	-3.259597084E2
4.532728969E0	2.685483301E2	-3.265140230E2
4.549393414E0	2.685970097E2	-3.272669410E2
4.566057859E0	2.685802055E2	-3.275642948E2
4.582722304E0	2.685965371E2	-3.285842473E2
4.599386748E0	2.686431598E2	-3.296731657E2
4.616051193E0	2.686639249E2	-3.307832223E2
4.632715638E0	2.686117323E2	-3.314379969E2
4.649380083E0	2.685731686E2	-3.322980095E2
4.666044527E0	2.685772253E2	-3.337593373E2
4.682708972E0	2.686244412E2	-3.348478406E2
4.699373417E0	2.686012822E2	-3.354579161E2
4.716037862E0	2.686662907E2	-3.359707387E2
4.732702306E0	2.685843190E2	-3.370328104E2
4.749366751E0	2.685990208E2	-3.373959202E2
4.766031196E0	2.686025602E2	-3.378727119E2
4.782695641E0	2.685423732E2	-3.389634795E2
4.799360085E0	2.686318399E2	-3.403232856E2
4.816024530E0	2.686373564E2	-3.419555985E2
4.832688975E0	2.686159881E2	-3.435029191E2
4.849353420E0	2.686111885E2	-3.450981417E2
4.866017864E0	2.686866093E2	-3.467755943E2
4.882682309E0	2.686629517E2	-3.483685116E2
4.899346754E0	2.686227881E2	-3.492362972E2
4.916011199E0	2.685837626E2	-3.501238636E2
4.932675643E0	2.686838276E2	-3.510641860E2
4.949340088E0	2.687145935E2	-3.528509095E2
4.966004533E0	2.687048584E2	-3.554588719E2
4.982668977E0	2.686784070E2	-3.570781516E2
4.999333422E0	2.686191213E2	-3.589631968E2
5.015997867E0	2.686996887E2	-3.616734445E2
5.032662312E0	2.686578597E2	-3.651399995E2
5.049326756E0	2.685958121E2	-3.685555031E2
5.065991201E0	2.686544937E2	-3.709741308E2
5.082655646E0	2.686361735E2	-3.736567279E2
5.099320091E0	2.686141289E2	-3.759438666E2
5.115984535E0	2.687118350E2	-3.783715358E2
5.132648980E0	2.686658905E2	-3.806431435E2
5.149313425E0	2.687468631E2	-3.827681166E2
5.165977870E0	2.687153840E2	-3.848361323E2
5.182642314E0	2.686513712E2	-3.877460038E2
5.199306759E0	2.686405785E2	-3.895420733E2
5.215971204E0	2.687789550E2	-3.915596049E2
5.232635649E0	2.687063392E2	-3.937603085E2
5.249300093E0	2.684319918E2	-3.964653779E2
5.265964538E0	2.685392831E2	-3.994422869E2
5.282628983E0	2.685913717E2	-4.021071022E2
5.299293428E0	2.687880298E2	-4.047206657E2
5.315957872E0	2.685989281E2	-4.072260564E2
5.332622317E0	2.685362817E2	-4.088730696E2
5.349286762E0	2.685701463E2	-4.102623061E2
5.365951207E0	2.685893697E2	-4.112261872E2
5.382615651E0	2.685847856E2	-4.120499473E2
5.399280096E0	2.686053832E2	-4.130482926E2
5.415944541E0	2.687490265E2	-4.141766129E2
5.432608985E0	2.687656856E2	-4.151127997E2
5.449273430E0	2.686170233E2	-4.156720505E2
5.465937875E0	2.686024088E2	-4.162491114E2
5.482602320E0	2.686989693E2	-4.170867503E2
5.499266764E0	2.686408467E2	-4.178377039E2
5.515931209E0	2.686419069E2	-4.186140043E2
5.532595654E0	2.686287589E2	-4.194731165E2
5.549260099E0	2.685764288E2	-4.201509664E2
5.565924543E0	2.684372830E2	-4.211968013E2
5.582588988E0	2.686494863E2	-4.223793359E2
5.599253433E0	2.685937678E2	-4.232571357E2
5.615917878E0	2.685595994E2	-4.240275871E2
5.632582322E0	2.687803248E2	-4.248021922E2
5.649246767E0	2.685983768E2	-4.257174884E2
5.665911212E0	2.685469649E2	-4.269336902E2
5.682575657E0	2.685961169E2	-4.282894160E2
5.699240101E0	2.685648036E2	-4.301933604E2
5.715904546E0	2.686267946E2	-4.319709981E2
5.732568991E0	2.686500079E2	-4.336324159E2
5.749233436E0	2.686443446E2	-4.346693136E2
5.765897880E0	2.686395193E2	-4.356375136E2
5.782562325E0	2.686445753E2	-4.366395184E2
5.799226770E0	2.685848327E2	-4.379692009E2
5.815891215E0	2.686279527E2	-4.393280427E2
5.832555659E0	2.686601189E2	-4.412725384E2
5.849220104E0	2.686140192E2	-4.437173368E2
5.865884549E0	2.686269632E2	-4.469978759E2
5.882548993E0	2.687484352E2	-4.498188669E2
5.899213438E0	2.687069467E2	-4.524354607E2
5.915877883E0	2.686917411E2	-4.547059838E2
5.932542328E0	2.686709634E2	-4.567684106E2
5.949206772E0	2.685779828E2	-4.587376842E2
5.965871217E0	2.686393186E2	-4.601785055E2
5.982535662E0	2.686238624E2	-4.617711143E2
5.999200107E0	2.685680096E2	-4.635049368E2
6.015864551E0	2.686019478E2	-4.653119250E2
6.032528996E0	2.685833985E2	-4.667198961E2
6.049193441E0	2.686622660E2	-4.675064092E2
6.065857886E0	2.685965418E2	-4.687550488E2
6.082522330E0	2.686859897E2	-4.698140311E2
6.099186775E0	2.687359855E2	-4.714235463E2
6.115851220E0	2.686900010E2	-4.731579459E2
6.132515665E0	2.685658165E2	-4.748678958E2
6.149180109E0	2.686541022E2	-4.764204805E2
6.165844554E0	2.687083571E2	-4.779455537E2
6.182508999E0	2.685639759E2	-4.789131420E2
6.199173444E0	2.685633430E2	-4.797664804E2
6.215837888E0	2.686435459E2	-4.812322814E2
6.232502333E0	2.686632865E2	-4.828160753E2
6.249166778E0	2.685962577E2	-4.848223750E2
6.265831223E0	2.685829753E2	-4.861868587E2
6.282495667E0	2.687480781E2	-4.873941172E2
6.299160112E0	2.685970293E2	-4.883748524E2
6.315824557E0	2.686338193E2	-4.899977974E2
6.332489001E0	2.686515849E2	-4.916040066E2
6.349153446E0	2.685931409E2	-4.932604517E2
6.365817891E0	2.685920299E2	-4.950898720E2
6.382482336E0	2.686829512E2	-4.973131055E2
6.399146780E0	2.685429394E2	-4.998882210E2
6.415811225E0	2.686316230E2	-5.026636407E2
6.432475670E0	2.687457995E2	-5.051041437E2
6.449140115E0	2.686833219E2	-5.061625553E2
6.465804559E0	2.686649737E2	-5.071515250E2
6.482469004E0	2.686378654E2	-5.083508439E2
6.499133449E0	2.686908005E2	-5.093344404E2
6.515797894E0	2.686455796E2	-5.102247591E2
6.532462338E0	2.685897729E2	-5.104109750E2
6.549126783E0	2.686242136E2	-5.110404275E2
6.565791228E0	2.686292365E2	-5.115260079E2
6.582455673E0	2.686427182E2	-5.117577360E2
6.599120117E0	2.685154924E2	-5.122431418E2
6.615784562E0	2.686394752E2	-5.124609491E2
6.632449007E0	2.685877397E2	-5.130219292E2
6.649113452E0	2.686227691E2	-5.132608756E2
6.665777896E0	2.685879422E2	-5.139335768E2
6.682442341E0	2.686043199E2	-5.145986802E2
6.699106786E0	2.686214374E2	-5.150025941E2
6.715771231E0	2.685534424E2	-5.153038853E2
6.732435675E0	2.686725151E2	-5.157407755E2
6.749100120E0	2.686599228E2	-5.160571743E2
6.765764565E0	2.685629838E2	-5.166435865E2
6.782429009E0	2.685708272E2	-5.168195744E2
6.799093454E0	2.686804497E2	-5.176129600E2
6.815757899E0	2.686106109E2	-5.181921954E2
6.832422344E0	2.685552713E2	-5.184341098E2
6.849086788E0	2.686044866E2	-5.191199734E2
6.865751233E0	2.685241824E2	-5.198626088E2
6.882415678E0	2.686191649E2	-5.208104939E2
6.899080123E0	2.685275857E2	-5.219332705E2
6.915744567E0	2.685970308E2	-5.225236249E2
6.932409012E0	2.686042524E2	-5.232460682E2
6.949073457E0	2.686114119E2	-5.240900069E2
6.965737902E0	2.686005401E2	-5.247182748E2
6.982402346E0	2.685802837E2	-5.253363554E2
6.999066791E0	2.685985768E2	-5.259091395E2
7.015731236E0	2.686185770E2	-5.271223525E2
7.032395681E0	2.685558644E2	-5.282779386E2
7.049060125E0	2.685496784E2	-5.299562371E2
7.065724570E0	2.684944856E2	-5.321604254E2
7.082389015E0	2.686501549E2	-5.349184266E2
7.099053460E0	2.686165283E2	-5.375559937E2
7.115717904E0	2.685922541E2	-5.392707706E2
7.132382349E0	2.686259337E2	-5.405245531E2
7.149046794E0	2.686025473E2	-5.417412146E2
7.165711239E0	2.685792131E2	-5.424940285E2
7.182375683E0	2.685501933E2	-5.434494826E2
7.199040128E0	2.686282582E2	-5.442112623E2
7.215704573E0	2.686429432E2	-5.449337612E2
7.232369017E0	2.685784030E2	-5.459141277E2
7.249033462E0	2.685925229E2	-5.467547375E2
7.265697907E0	2.685611087E2	-5.475399719E2
7.282362352E0	2.685586827E2	-5.489391200E2
7.299026796E0	2.686567572E2	-5.504785421E2
7.315691241E0	2.686511675E2	-5.515679378E2
7.332355686E0	2.686262773E2	-5.523359455E2
7.349020131E0	2.685895571E2	-5.530674115E2
7.365684575E0	2.685537603E2	-5.543418506E2
7.382349020E0	2.686622869E2	-5.558053120E2
7.399013465E0	2.686089011E2	-5.575030776E2
7.415677910E0	2.686287623E2	-5.593232445E2
7.432342354E0	2.685414907E2	-5.611618100E2
7.449006799E0	2.685035188E2	-5.628504016E2
7.465671244E0	2.686665013E2	-5.643359829E2
7.482335689E0	2.686176965E2	-5.663624781E2
7.499000133E0	2.687345062E2	-5.686868964E2
7.515664578E0	2.686734790E2	-5.714766643E2
7.532329023E0	2.685476392E2	-5.732882807E2
7.548993468E0	2.686281571E2	-5.746433548E2
7.565657912E0	2.685109096E2	-5.755962453E2
7.582322357E0	2.686143614E2	-5.774638563E2
7.598986802E0	2.687439692E2	-5.802998511E2
7.615651247E0	2.685930225E2	-5.836649990E2
7.632315691E0	2.686355646E2	-5.867731094E2
7.648980136E0	2.685780746E2	-5.893276465E2
7.665644581E0	2.686590944E2	-5.921026680E2
7.682309025E0	2.686993858E2	-5.950615033E2
7.698973470E0	2.687070823E2	-5.974569936E2
7.715637915E0	2.686661188E2	-5.996736709E2
7.732302360E0	2.686310101E2	-6.012227413E2
7.748966804E0	2.687027945E2	-6.020280948E2
7.765631249E0	2.687048142E2	-6.033284937E2
7.782295694E0	2.686437251E2	-6.047282855E2
7.798960139E0	2.686542453E2	-6.057841978E2
7.815624583E0	2.686077222E2	-6.068746083E2
7.832289028E0	2.685622928E2	-6.078876278E2
7.848953473E0	2.685096883E2	-6.087873937E2
7.865617918E0	2.686341943E2	-6.100414900E2
7.882282362E0	2.686305294E2	-6.113265259E2
7.898946807E0	2.686237678E2	-6.117186895E2
7.915611252E0	2.685508990E2	-6.119718161E2
7.932275697E0	2.685435926E2	-6.126052035E2
7.948940141E0	2.686047653E2	-6.141169005E2
7.965604586E0	2.686000633E2	-6.151320575E2
7.982269031E0	2.684728616E2	-6.160776137E2
7.998933476E0	2.686464909E2	-6.171348100E2
8.015597920E0	2.685429802E2	-6.182111689E2
8.032262365E0	2.686547212E2	-6.194880194E2
8.048926810E0	2.687522880E2	-6.203171216E2
8.065591254E0	2.685564015E2	-6.217409369E2
8.082255699E0	2.686041055E2	-6.233505831E2
8.098920144E0	2.686804984E2	-6.259370972E2
8.115584589E0	2.686327156E2	-6.284831284E2
8.132249033E0	2.686607452E2	-6.303980586E2
8.148913478E0	2.686798491E2	-6.320935710E2
8.165577923E0	2.686768941E2	-6.336917120E2
8.182242368E0	2.686263086E2	-6.361076025E2
8.198906812E0	2.685684412E2	-6.385755395E2
8.215571257E0	2.686216685E2	-6.410827906E2
8.232235702E0	2.685634702E2	-6.430379407E2
8.248900147E0	2.685191820E2	-6.447806833E2
8.265564591E0	2.684435573E2	-6.466528428E2
8.282229036E0	2.685326290E2	-6.488385682E2
8.298893481E0	2.686615301E2	-6.510575280E2
8.315557926E0	2.686400970E2	-6.535332463E2
8.332222370E0	2.685889125E2	-6.555688132E2
8.348886815E0	2.685834146E2	-6.576712794E2
8.365551260E0	2.685499923E2	-6.600279755E2
8.382215705E0	2.685524879E2	-6.616687835E2
8.398880149E0	2.686333511E2	-6.634059092E2
8.415544594E0	2.686357387E2	-6.648770489E2
8.432209039E0	2.685982551E2	-6.658727946E2
8.448873484E0	2.686904765E2	-6.672883916E2
8.465537928E0	2.686652197E2	-6.688963832E2
8.482202373E0	2.689870903E2	-6.703301826E2
8.498866818E0	2.687563685E2	-6.721134763E2
8.515531262E0	2.687409556E2	-6.742380444E2
8.532195707E0	2.686366795E2	-6.764582754E2
8.548860152E0	2.686219817E2	-6.778967250E2
8.565524597E0	2.687381533E2	-6.795534272E2
8.582189041E0	2.687061571E2	-6.810585551E2
8.598853486E0	2.685103807E2	-6.820661030E2
8.615517931E0	2.686733509E2	-6.827447597E2
8.632182376E0	2.686256817E2	-6.832488846E2
8.648846820E0	2.687593540E2	-6.841380526E2
8.665511265E0	2.686390878E2	-6.853831055E2
8.682175710E0	2.685835774E2	-6.867085944E2
8.698840155E0	2.686821359E2	-6.876033368E2
8.715504599E0	2.686006542E2	-6.884772866E2
8.732169044E0	2.686225861E2	-6.891842524E2
8.748833489E0	2.688613632E2	-6.899657614E2
8.765497934E0	2.687795640E2	-6.905271505E2
8.782162378E0	2.687371947E2	-6.909551154E2
8.798826823E0	2.686496277E2	-6.912175688E2
8.815491268E0	2.686491742E2	-6.916553361E2
8.832155713E0	2.687497301E2	-6.925100639E2
8.848820157E0	2.688152039E2	-6.930604956E2
8.865484602E0	2.686853906E2	-6.934506104E2
8.882149047E0	2.687496815E2	-6.939319730E2
8.898813492E0	2.687180334E2	-6.947509333E2
8.915477936E0	2.687416099E2	-6.960609198E2
8.932142381E0	2.686625068E2	-6.978560955E2
8.948806826E0	2.687969170E2	-6.993761848E2
8.965471270E0	2.686802099E2	-7.004071824E2
8.982135715E0	2.686766058E2	-7.013734784E2
8.998800160E0	2.688208729E2	-7.024435832E2
9.015464605E0	2.686608628E2	-7.044560402E2
9.032129049E0	2.686561817E2	-7.067021563E2
9.048793494E0	2.686022385E2	-7.091423401E2
9.065457939E0	2.686930375E2	-7.115034495E2
9.082122384E0	2.685874961E2	-7.142064512E2
9.098786828E0	2.685797815E2	-7.167910892E2
9.115451273E0	2.685947727E2	-7.191162346E2
9.132115718E0	2.686032459E2	-7.211945649E2
9.148780163E0	2.685806575E2	-7.229063707E2
9.165444607E0	2.686603565E2	-7.242487960E2
9.182109052E0	2.685818618E2	-7.254899784E2
9.198773497E0	2.685491817E2	-7.269525672E2
9.215437942E0	2.687083001E2	-7.284085594E2
9.232102386E0	2.686136485E2	-7.295458945E2
9.248766831E0	2.685948003E2	-7.308946981E2
9.265431276E0	2.686000541E2	-7.323696128E2
9.282095721E0	2.685311066E2	-7.335699119E2
9.298760165E0	2.685741015E2	-7.352322727E2
9.315424610E0	2.684937049E2	-7.368880561E2
9.332089055E0	2.685971951E2	-7.383766896E2
9.348753500E0	2.686325595E2	-7.398518945E2
9.365417944E0	2.686518760E2	-7.413265364E2
9.382082389E0	2.686816802E2	-7.423682153E2
9.398746834E0	2.686686346E2	-7.436387743E2
9.415411278E0	2.686514990E2	-7.454761855E2
9.432075723E0	2.685558605E2	-7.471851877E2
9.448740168E0	2.685759763E2	-7.490723306E2
9.465404613E0	2.686281413E2	-7.507006604E2
9.482069057E0	2.685407327E2	-7.530256703E2
9.498733502E0	2.686398715E2	-7.551232631E2
9.515397947E0	2.686178870E2	-7.576322293E2
9.532062392E0	2.686035361E2	-7.595480978E2
9.548726836E0	2.686543745E2	-7.610109399E2
9.565391281E0	2.685664745E2	-7.627274470E2
9.582055726E0	2.686478810E2	-7.640131312E2
9.598720171E0	2.685164217E2	-7.648614813E2
9.615384615E0	2.685502039E2	-7.659017854E2
9.632049060E0	2.685091055E2	-7.675540905E2
9.648713505E0	2.686121283E2	-7.697334455E2
9.665377950E0	2.685828880E2	-7.720126786E2
9.682042394E0	2.685982129E2	-7.739545416E2
9.698706839E0	2.686034098E2	-7.759976451E2
9.715371284E0	2.685993129E2	-7.773431237E2
9.732035729E0	2.685756032E2	-7.785723436E2
9.748700173E0	2.686121532E2	-7.798449617E2
9.765364618E0	2.686119834E2	-7.819307319E2
9.782029063E0	2.685769360E2	-7.848917903E2
9.798693508E0	2.686100468E2	-7.873313196E2
9.815357952E0	2.685830375E2	-7.890520132E2
9.832022397E0	2.685533461E2	-7.902561129E2
9.848686842E0	2.685768064E2	-7.913733344E2
9.865351286E0	2.684435752E2	-7.922878460E2
9.882015731E0	2.685684509E2	-7.933184428E2
9.898680176E0	2.685206115E2	-7.947547081E2
9.915344621E0	2.686013934E2	-7.970432116E2
9.932009065E0	2.685033866E2	-7.986652009E2
9.948673510E0	2.685216651E2	-8.002315225E2
9.965337955E0	2.685690434E2	-8.017774295E2
9.982002400E0	2.685632969E2	-8.031853756E2
9.998666844E0	2.684939905E2	-8.044100482E2
1.001533129E1	2.686240073E2	-8.056530375E2
1.003199573E1	2.685825328E2	-8.074053266E2
1.004866018E1	2.686271351E2	-8.098894689E2
1.006532462E1	2.685254188E2	-8.131214952E2
1.008198907E1	2.686532878E2	-8.170327319E2
1.009865351E1	2.685516408E2	-8.204233620E2
1.011531796E1	2.685505869E2	-8.236065703E2
1.013198240E1	2.685924923E2	-8.267689223E2
1.014864685E1	2.685411731E2	-8.291306052E2
1.016531129E1	2.685706574E2	-8.314185694E2
1.018197574E1	2.685074154E2	-8.344471599E2
1.019864018E1	2.685678005E2	-8.372987134E2
1.021530463E1	2.685628628E2	-8.388724235E2
1.023196907E1	2.686527046E2	-8.395594646E2
