203-I_row-6_post-22_wire
t	x	y
1.396647114E2	2.340175143E2	8.901526792E1
1.396813758E2	2.341200532E2	8.427655086E1
1.396980403E2	2.341081552E2	8.028812665E1
1.397147047E2	2.337997810E2	7.697005723E1
1.397313692E2	2.334313171E2	7.287320127E1
1.397480336E2	2.335180135E2	6.733114911E1
1.397646980E2	2.338791831E2	6.128629700E1
1.397813625E2	2.338983058E2	5.671778777E1
1.397980269E2	2.338270595E2	5.383247928E1
1.398146914E2	2.336208951E2	5.211373446E1
1.398313558E2	2.335096494E2	5.072532297E1
1.398480203E2	2.337903094E2	4.946715848E1
1.398646847E2	2.340077108E2	4.792441845E1
1.398813492E2	2.337986266E2	4.618457335E1
1.398980136E2	2.333549922E2	4.353743999E1
1.399146780E2	2.332619807E2	4.078929397E1
1.399313425E2	2.337798254E2	3.837344053E1
1.399480069E2	2.341446868E2	3.605431553E1
1.399646714E2	2.343158604E2	3.432053751E1
1.399813358E2	2.337759333E2	3.254351429E1
1.399980003E2	2.333506502E2	2.947929936E1
1.400146647E2	2.331684148E2	2.467965679E1
1.400313292E2	2.332301220E2	1.934027160E1
1.400479936E2	2.334404459E2	1.489437852E1
1.400646580E2	2.334979936E2	1.168016943E1
1.400813225E2	2.331253207E2	8.426108193E0
1.400979869E2	2.327595245E2	4.306685666E0
1.401146514E2	2.329092889E2	3.776365204E-1
1.401313158E2	2.329886289E2	-5.352314546E0
1.401479803E2	2.329449656E2	-1.405631326E1
1.401646447E2	2.326390073E2	-2.304495574E1
1.401813092E2	2.322873385E2	-3.092512032E1
1.401979736E2	2.317624444E2	-3.826166131E1
1.402146380E2	2.316569916E2	-4.555035578E1
1.402313025E2	2.314798812E2	-5.235196085E1
1.402479669E2	2.315132351E2	-5.853475745E1
1.402646314E2	2.314676754E2	-6.455836487E1
1.402812958E2	2.308971136E2	-6.966816400E1
1.402979603E2	2.306876074E2	-7.451211896E1
1.403146247E2	2.309428514E2	-7.900545503E1
1.403312892E2	2.310232785E2	-8.487960283E1
1.403479536E2	2.304199838E2	-9.164238216E1
1.403646181E2	2.298398254E2	-9.802992331E1
1.403812825E2	2.291716848E2	-1.037728604E2
1.403979469E2	2.294297311E2	-1.082267692E2
1.404146114E2	2.295394929E2	-1.113383211E2
1.404312758E2	2.295484365E2	-1.139060142E2
1.404479403E2	2.292265441E2	-1.171211588E2
1.404646047E2	2.290163052E2	-1.203182941E2
1.404812692E2	2.283795203E2	-1.237296381E2
1.404979336E2	2.286336307E2	-1.267294778E2
1.405145981E2	2.285346070E2	-1.301268815E2
1.405312625E2	2.281145344E2	-1.352815897E2
1.405479269E2	2.276263216E2	-1.416087202E2
1.405645914E2	2.271462016E2	-1.471320703E2
1.405812558E2	2.272483430E2	-1.517469436E2
1.405979203E2	2.267847269E2	-1.551987697E2
1.406145847E2	2.267354214E2	-1.591079124E2
1.406312492E2	2.262639321E2	-1.638762764E2
1.406479136E2	2.257599857E2	-1.689320302E2
1.406645781E2	2.259785623E2	-1.742693305E2
1.406812425E2	2.259407054E2	-1.784340171E2
1.406979069E2	2.258267129E2	-1.818109558E2
1.407145714E2	2.250105160E2	-1.843319854E2
1.407312358E2	2.245348197E2	-1.864466767E2
1.407479003E2	2.241497087E2	-1.888855989E2
1.407645647E2	2.246577882E2	-1.920249258E2
1.407812292E2	2.253517155E2	-1.958974749E2
1.407978936E2	2.251081698E2	-1.993820484E2
1.408145581E2	2.242905751E2	-2.019251526E2
1.408312225E2	2.232398688E2	-2.036861630E2
1.408478869E2	2.235219594E2	-2.055880703E2
1.408645514E2	2.238602784E2	-2.073560112E2
1.408812158E2	2.241184576E2	-2.090787791E2
1.408978803E2	2.244207325E2	-2.113500257E2
1.409145447E2	2.236264814E2	-2.130729384E2
1.409312092E2	2.225807358E2	-2.140363853E2
1.409478736E2	2.228950523E2	-2.153784091E2
1.409645381E2	2.228753367E2	-2.170782816E2
1.409812025E2	2.231725331E2	-2.203356088E2
1.409978670E2	2.232918731E2	-2.243293286E2
1.410145314E2	2.225502003E2	-2.284394004E2
1.410311958E2	2.221361784E2	-2.315717375E2
1.410478603E2	2.211611946E2	-2.334432661E2
1.410645247E2	2.211547637E2	-2.357352533E2
1.410811892E2	2.210756816E2	-2.382695667E2
1.410978536E2	2.216365477E2	-2.411540843E2
1.411145181E2	2.214257790E2	-2.443519208E2
1.411311825E2	2.206833432E2	-2.470541237E2
1.411478470E2	2.207033279E2	-2.491957367E2
1.411645114E2	2.203505234E2	-2.501348946E2
1.411811758E2	2.200832805E2	-2.512393614E2
1.411978403E2	2.209229540E2	-2.524932685E2
1.412145047E2	2.205014720E2	-2.532933456E2
1.412311692E2	2.199301400E2	-2.541446924E2
1.412478336E2	2.194766003E2	-2.550270149E2
1.412644981E2	2.195656171E2	-2.566038063E2
1.412811625E2	2.201842652E2	-2.580868848E2
1.412978270E2	2.203293007E2	-2.597167319E2
1.413144914E2	2.203948718E2	-2.612601798E2
1.413311558E2	2.194783717E2	-2.623433784E2
1.413478203E2	2.194850929E2	-2.646185039E2
1.413644847E2	2.189873115E2	-2.670836293E2
1.413811492E2	2.187645599E2	-2.687736437E2
1.413978136E2	2.186610023E2	-2.695256092E2
1.414144781E2	2.187200549E2	-2.702457673E2
1.414311425E2	2.187806276E2	-2.710457893E2
1.414478070E2	2.185155497E2	-2.720707778E2
1.414644714E2	2.187457394E2	-2.743323426E2
1.414811358E2	2.183158222E2	-2.768103502E2
1.414978003E2	2.177105416E2	-2.785348479E2
1.415144647E2	2.173769045E2	-2.800942502E2
1.415311292E2	2.171056534E2	-2.818178537E2
1.415477936E2	2.173305611E2	-2.833858716E2
1.415644581E2	2.177661037E2	-2.853443793E2
1.415811225E2	2.169829176E2	-2.873006721E2
1.415977870E2	2.165906831E2	-2.888629223E2
1.416144514E2	2.165121187E2	-2.902532890E2
1.416311159E2	2.161760705E2	-2.913185453E2
1.416477803E2	2.164838133E2	-2.935772845E2
1.416644447E2	2.158198308E2	-2.962639220E2
1.416811092E2	2.162542834E2	-2.983621454E2
1.416977736E2	2.153600893E2	-2.994456499E2
1.417144381E2	2.153781953E2	-3.008911028E2
