203-I_row-5_post-24_wire
t	x	y
1.192481529E2	9.722640881E1	3.450740575E1
1.192648310E2	9.696322947E1	3.436435650E1
1.192815090E2	9.683812303E1	3.395881859E1
1.192981871E2	9.738926493E1	3.373356190E1
1.193148652E2	9.776196487E1	3.362910937E1
1.193315432E2	9.799322035E1	3.360604795E1
1.193482213E2	9.751486469E1	3.304408034E1
1.193648993E2	9.736560115E1	3.265729982E1
1.193815774E2	9.723452272E1	3.200775887E1
1.193982555E2	9.747676944E1	3.126436094E1
1.194149335E2	9.736693023E1	2.972144950E1
1.194316116E2	9.733937883E1	2.808953257E1
1.194482897E2	9.727926845E1	2.648852774E1
1.194649677E2	9.751143925E1	2.471004494E1
1.194816458E2	9.729538611E1	2.170594725E1
1.194983239E2	9.774258904E1	1.846825234E1
1.195150019E2	9.761391097E1	1.521841713E1
1.195316800E2	9.772310972E1	1.213813295E1
1.195483580E2	9.755222920E1	9.332859213E0
1.195650361E2	9.781157452E1	5.693367012E0
1.195817142E2	9.731782889E1	2.363027212E0
1.195983922E2	9.704578560E1	-1.578001051E0
1.196150703E2	9.720959309E1	-6.300551249E0
1.196317484E2	9.764213656E1	-1.118832631E1
1.196484264E2	9.801115631E1	-1.534941623E1
1.196651045E2	9.811734630E1	-1.887570891E1
1.196817826E2	9.787194147E1	-2.258730188E1
1.196984606E2	9.732853004E1	-2.735625846E1
1.197151387E2	9.727257329E1	-3.430861537E1
1.197318167E2	9.736838490E1	-4.194539398E1
1.197484948E2	9.733681278E1	-4.818675927E1
1.197651729E2	9.756974056E1	-5.224182108E1
1.197818509E2	9.733188254E1	-5.544617835E1
1.197985290E2	9.729486796E1	-5.891125056E1
1.198152071E2	9.731498636E1	-6.258061817E1
1.198318851E2	9.731863385E1	-6.593501975E1
1.198485632E2	9.717678983E1	-7.055641234E1
1.198652412E2	9.715940299E1	-7.628062573E1
1.198819193E2	9.696855039E1	-8.210449716E1
1.198985974E2	9.688036907E1	-8.723574733E1
1.199152754E2	9.682508906E1	-9.094838566E1
1.199319535E2	9.706602225E1	-9.401125688E1
1.199486316E2	9.675943317E1	-9.783957738E1
1.199653096E2	9.677060790E1	-1.012602359E2
1.199819877E2	9.688667137E1	-1.049083224E2
1.199986658E2	9.701058388E1	-1.091925373E2
1.200153438E2	9.657356997E1	-1.134856541E2
1.200320219E2	9.657827525E1	-1.188729503E2
1.200486999E2	9.614423956E1	-1.237716901E2
1.200653780E2	9.599485995E1	-1.278934089E2
1.200820561E2	9.564783578E1	-1.321872700E2
1.200987341E2	9.550078274E1	-1.370122317E2
1.201154122E2	9.546058083E1	-1.413128211E2
1.201320903E2	9.559265261E1	-1.439585044E2
1.201487683E2	9.615389531E1	-1.462845549E2
1.201654464E2	9.632994135E1	-1.481582553E2
1.201821245E2	9.614483170E1	-1.508549002E2
1.201988025E2	9.504139818E1	-1.535422994E2
1.202154806E2	9.490288487E1	-1.565002251E2
1.202321586E2	9.475272860E1	-1.600280412E2
1.202488367E2	9.500229893E1	-1.647053119E2
1.202655148E2	9.495350683E1	-1.694586904E2
1.202821928E2	9.461930286E1	-1.735522273E2
1.202988709E2	9.420959771E1	-1.776548600E2
1.203155490E2	9.401830165E1	-1.816794402E2
1.203322270E2	9.413953051E1	-1.848378343E2
1.203489051E2	9.376741930E1	-1.873174291E2
1.203655831E2	9.391590598E1	-1.895822787E2
1.203822612E2	9.391501326E1	-1.918878737E2
1.203989393E2	9.352354892E1	-1.936281032E2
1.204156173E2	9.387396876E1	-1.957850623E2
1.204322954E2	9.343496031E1	-1.976134028E2
1.204489735E2	9.343245848E1	-1.998909747E2
1.204656515E2	9.363838014E1	-2.024673360E2
1.204823296E2	9.324530927E1	-2.057797163E2
1.204990077E2	9.319908972E1	-2.096896642E2
1.205156857E2	9.247197923E1	-2.137524456E2
1.205323638E2	9.231942629E1	-2.176810048E2
1.205490418E2	9.166762265E1	-2.211879597E2
1.205657199E2	9.194523574E1	-2.248292749E2
1.205823980E2	9.165812125E1	-2.282405423E2
1.205990760E2	9.226468117E1	-2.320264129E2
1.206157541E2	9.196434390E1	-2.359171735E2
1.206324322E2	9.102773245E1	-2.395307944E2
1.206491102E2	9.054037489E1	-2.435830005E2
1.206657883E2	9.112105919E1	-2.463342291E2
1.206824664E2	9.079729029E1	-2.482789852E2
1.206991444E2	9.106859960E1	-2.510613844E2
1.207158225E2	9.032566813E1	-2.538535524E2
1.207325005E2	9.004933629E1	-2.576519211E2
1.207491786E2	8.943919297E1	-2.603102448E2
1.207658567E2	8.993814108E1	-2.618960544E2
1.207825347E2	9.046118269E1	-2.626354456E2
1.207992128E2	9.017044490E1	-2.627887735E2
1.208158909E2	8.995716081E1	-2.633836371E2
1.208325689E2	9.002101578E1	-2.634606102E2
1.208492470E2	8.987295494E1	-2.636302659E2
1.208659250E2	9.069503380E1	-2.641647698E2
1.208826031E2	9.046107991E1	-2.642820497E2
1.208992812E2	8.995490896E1	-2.643431481E2
1.209159592E2	8.987387193E1	-2.643228248E2
1.209326373E2	8.978608573E1	-2.645544092E2
1.209493154E2	9.060145027E1	-2.644666394E2
1.209659934E2	9.094465917E1	-2.643163725E2
1.209826715E2	9.011692460E1	-2.643293854E2
1.209993496E2	8.939477977E1	-2.643515944E2
1.210160276E2	8.910094434E1	-2.644168298E2
1.210327057E2	8.977593184E1	-2.644407298E2
1.210493837E2	9.083263874E1	-2.650181190E2
1.210660618E2	9.015668709E1	-2.651944101E2
1.210827399E2	8.958419998E1	-2.659216754E2
1.210994179E2	8.938705417E1	-2.672299995E2
1.211160960E2	8.909470215E1	-2.691024853E2
1.211327741E2	8.994692163E1	-2.706822925E2
1.211494521E2	9.025617380E1	-2.721575674E2
1.211661302E2	9.004171154E1	-2.736906610E2
1.211828083E2	8.902575872E1	-2.754922735E2
1.211994863E2	8.899270610E1	-2.768949964E2
1.212161644E2	8.903903362E1	-2.787732213E2
1.212328424E2	8.930302210E1	-2.819287702E2
1.212495205E2	8.893809751E1	-2.843947031E2
1.212661986E2	8.816986753E1	-2.861990737E2
1.212828766E2	8.756477569E1	-2.878407346E2
1.212995547E2	8.840562730E1	-2.896829488E2
1.213162328E2	8.841363652E1	-2.915465780E2
1.213329108E2	8.843010741E1	-2.932230030E2
1.213495889E2	8.832172500E1	-2.947759264E2
1.213662669E2	8.767415794E1	-2.956397014E2
1.213829450E2	8.730487693E1	-2.965724038E2
1.213996231E2	8.808869493E1	-2.979367096E2
1.214163011E2	8.832632131E1	-2.993656876E2
1.214329792E2	8.822267281E1	-3.011869083E2
1.214496573E2	8.757965243E1	-3.029147083E2
1.214663353E2	8.767776045E1	-3.043260369E2
1.214830134E2	8.702583453E1	-3.052685891E2
1.214996915E2	8.694436351E1	-3.061763270E2
1.215163695E2	8.716648400E1	-3.076956190E2
1.215330476E2	8.750474365E1	-3.092922259E2
1.215497256E2	8.707287943E1	-3.109466109E2
1.215664037E2	8.671054601E1	-3.133733239E2
1.215830818E2	8.591266624E1	-3.149500563E2
1.215997598E2	8.535735430E1	-3.159325722E2
1.216164379E2	8.613318319E1	-3.171793610E2
1.216331160E2	8.622433066E1	-3.181646334E2
1.216497940E2	8.668325046E1	-3.196272117E2
1.216664721E2	8.622630617E1	-3.204801766E2
1.216831502E2	8.551952681E1	-3.214618197E2
1.216998282E2	8.583928902E1	-3.229482663E2
1.217165063E2	8.557352925E1	-3.237590172E2
1.217331843E2	8.540011773E1	-3.253413455E2
1.217498624E2	8.567264180E1	-3.267830090E2
1.217665405E2	8.528380640E1	-3.277066157E2
1.217832185E2	8.539132607E1	-3.290991704E2
1.217998966E2	8.510342965E1	-3.310140114E2
1.218165747E2	8.525267302E1	-3.333384854E2
1.218332527E2	8.493314274E1	-3.351952478E2
1.218499308E2	8.436779858E1	-3.366385657E2
1.218666088E2	8.410472248E1	-3.381694718E2
1.218832869E2	8.364607947E1	-3.405823942E2
1.218999650E2	8.431050473E1	-3.428925670E2
1.219166430E2	8.419663746E1	-3.446649492E2
1.219333211E2	8.441870364E1	-3.462644665E2
1.219499992E2	8.356700080E1	-3.478685011E2
1.219666772E2	8.349289495E1	-3.493052576E2
1.219833553E2	8.285872504E1	-3.502856385E2
1.220000334E2	8.303016864E1	-3.518895662E2
1.220167114E2	8.392008056E1	-3.540225750E2
1.220333895E2	8.334804147E1	-3.567906309E2
1.220500675E2	8.285248047E1	-3.603950110E2
1.220667456E2	8.193153783E1	-3.637002894E2
1.220834237E2	8.111877672E1	-3.662837724E2
1.221001017E2	8.118154914E1	-3.687403956E2
1.221167798E2	8.151777013E1	-3.719337480E2
1.221334579E2	8.117735327E1	-3.751988398E2
1.221501359E2	8.063461916E1	-3.782447730E2
1.221668140E2	8.041278517E1	-3.807554796E2
1.221834921E2	8.060243194E1	-3.830968785E2
1.222001701E2	8.023232046E1	-3.850212409E2
1.222168482E2	7.973473792E1	-3.870838027E2
1.222335262E2	7.886194049E1	-3.886625939E2
1.222502043E2	7.785424515E1	-3.906660910E2
1.222668824E2	7.919630565E1	-3.935275268E2
1.222835604E2	8.027548002E1	-3.966108322E2
1.223002385E2	7.983959261E1	-3.992316179E2
1.223169166E2	7.864037889E1	-4.016130164E2
1.223335946E2	7.701097857E1	-4.018662137E2
1.223502727E2	7.797972187E1	-4.030278666E2
1.223669507E2	7.833812591E1	-4.040855165E2
1.223836288E2	7.879959329E1	-4.048793815E2
1.224003069E2	7.883857056E1	-4.054851558E2
1.224169849E2	7.751890598E1	-4.064317264E2
1.224336630E2	7.720044876E1	-4.073102313E2
1.224503411E2	7.806465224E1	-4.086347940E2
1.224670191E2	7.783989684E1	-4.097364279E2
1.224836972E2	7.781394160E1	-4.104424077E2
1.225003753E2	7.661013156E1	-4.106381879E2
1.225170533E2	7.742268014E1	-4.118157065E2
1.225337314E2	7.691714169E1	-4.131493534E2
1.225504094E2	7.731477598E1	-4.144629736E2
1.225670875E2	7.668315238E1	-4.154275560E2
1.225837656E2	7.576516070E1	-4.162386200E2
1.226004436E2	7.578779363E1	-4.168341603E2
1.226171217E2	7.659310717E1	-4.183343017E2
1.226337998E2	7.653672295E1	-4.194216716E2
1.226504778E2	7.648308782E1	-4.209253408E2
1.226671559E2	7.543642408E1	-4.217827783E2
1.226838340E2	7.439114727E1	-4.218424847E2
1.227005120E2	7.475294750E1	-4.225413557E2
1.227171901E2	7.484227071E1	-4.242866251E2
1.227338681E2	7.595291813E1	-4.273532576E2
1.227505462E2	7.493151314E1	-4.313085320E2
