203-I_row-6_post-21_wire
t	x	y
1.592287695E2	2.570365921E2	9.664304586E1
1.592454339E2	2.570260467E2	9.662854586E1
1.592620984E2	2.568317812E2	9.654947242E1
1.592787628E2	2.564516672E2	9.620518409E1
1.592954273E2	2.567592819E2	9.567800285E1
1.593120917E2	2.569042163E2	9.536569610E1
1.593287562E2	2.571991994E2	9.508408657E1
1.593454206E2	2.571284538E2	9.440673037E1
1.593620851E2	2.568084536E2	9.355281720E1
1.593787495E2	2.569646686E2	9.263620208E1
1.593954139E2	2.570098186E2	9.110029819E1
1.594120784E2	2.570685832E2	8.923395391E1
1.594287428E2	2.569125026E2	8.690523607E1
1.594454073E2	2.568668459E2	8.387696076E1
1.594620717E2	2.567049534E2	8.062605408E1
1.594787362E2	2.569720026E2	7.715330932E1
1.594954006E2	2.572588394E2	7.259831343E1
1.595120651E2	2.568691439E2	6.606038416E1
1.595287295E2	2.565571248E2	5.752179539E1
1.595453939E2	2.563429800E2	4.987995229E1
1.595620584E2	2.564870822E2	4.371048617E1
1.595787228E2	2.565429826E2	3.804429205E1
1.595953873E2	2.560338175E2	3.274480547E1
1.596120517E2	2.560814708E2	2.732306264E1
1.596287162E2	2.560142917E2	2.160258135E1
1.596453806E2	2.564106073E2	1.685025617E1
1.596620451E2	2.563890330E2	1.141492550E1
1.596787095E2	2.560531752E2	5.764058322E0
1.596953740E2	2.553118385E2	7.739519661E-1
1.597120384E2	2.554981135E2	-3.266772302E0
1.597287028E2	2.558537267E2	-6.620501881E0
1.597453673E2	2.561037952E2	-1.018858452E1
1.597620317E2	2.552566991E2	-1.377706046E1
1.597786962E2	2.547087872E2	-1.806302872E1
1.597953606E2	2.548964571E2	-2.220486563E1
1.598120251E2	2.555767119E2	-2.636506747E1
1.598286895E2	2.552196017E2	-2.995190898E1
1.598453540E2	2.551546902E2	-3.351676219E1
1.598620184E2	2.546820112E2	-3.620445465E1
1.598786828E2	2.547194825E2	-3.864231562E1
1.598953473E2	2.547915418E2	-4.051275005E1
1.599120117E2	2.551591106E2	-4.356368866E1
1.599286762E2	2.547795128E2	-4.753120529E1
1.599453406E2	2.541735257E2	-5.155532950E1
1.599620051E2	2.541648524E2	-5.465342644E1
1.599786695E2	2.544671389E2	-5.734637733E1
1.599953340E2	2.544486762E2	-5.912104040E1
1.600119984E2	2.540416696E2	-6.067902251E1
1.600286628E2	2.538781576E2	-6.270927637E1
1.600453273E2	2.538624296E2	-6.449566716E1
1.600619917E2	2.546097223E2	-6.607500755E1
1.600786562E2	2.547402193E2	-6.699813359E1
1.600953206E2	2.544593304E2	-6.843318240E1
1.601119851E2	2.530470372E2	-7.021111857E1
1.601286495E2	2.526768235E2	-7.333370072E1
1.601453140E2	2.533827333E2	-7.708732106E1
1.601619784E2	2.539500322E2	-8.136700672E1
1.601786428E2	2.536974230E2	-8.575630728E1
1.601953073E2	2.533296914E2	-8.916446801E1
1.602119717E2	2.522015095E2	-9.131202895E1
1.602286362E2	2.529723083E2	-9.335527890E1
1.602453006E2	2.536591582E2	-9.480681773E1
1.602619651E2	2.533707914E2	-9.665856151E1
1.602786295E2	2.528278726E2	-9.918752804E1
1.602952940E2	2.519813634E2	-1.024627026E2
1.603119584E2	2.517156424E2	-1.056096505E2
1.603286229E2	2.521235279E2	-1.082199712E2
1.603452873E2	2.521845898E2	-1.097605501E2
1.603619517E2	2.522801742E2	-1.118175864E2
1.603786162E2	2.518492331E2	-1.151067279E2
1.603952806E2	2.506681034E2	-1.195409014E2
1.604119451E2	2.508192882E2	-1.241870867E2
1.604286095E2	2.514467994E2	-1.288927643E2
1.604452740E2	2.511563211E2	-1.316169357E2
1.604619384E2	2.510601963E2	-1.345120685E2
1.604786029E2	2.498251287E2	-1.378610185E2
1.604952673E2	2.498738841E2	-1.418001426E2
1.605119317E2	2.501012119E2	-1.443605916E2
1.605285962E2	2.510705280E2	-1.473526557E2
1.605452606E2	2.509587970E2	-1.512099208E2
1.605619251E2	2.502333404E2	-1.553480568E2
1.605785895E2	2.498192996E2	-1.578808376E2
1.605952540E2	2.496574654E2	-1.595854313E2
1.606119184E2	2.496788682E2	-1.619173606E2
1.606285829E2	2.497190335E2	-1.649294704E2
1.606452473E2	2.491280133E2	-1.683876322E2
1.606619117E2	2.495059248E2	-1.723916593E2
1.606785762E2	2.492998291E2	-1.765375064E2
1.606952406E2	2.492371266E2	-1.812613157E2
1.607119051E2	2.482301074E2	-1.853790182E2
1.607285695E2	2.471307779E2	-1.894328920E2
1.607452340E2	2.472018952E2	-1.933263062E2
1.607618984E2	2.475241789E2	-1.965493654E2
1.607785629E2	2.481855572E2	-1.989026451E2
1.607952273E2	2.481929271E2	-2.005415912E2
1.608118917E2	2.474402797E2	-2.029555232E2
1.608285562E2	2.466745530E2	-2.046817179E2
1.608452206E2	2.474292569E2	-2.068200981E2
1.608618851E2	2.474237870E2	-2.094719429E2
1.608785495E2	2.466640266E2	-2.120728634E2
1.608952140E2	2.460231829E2	-2.151222908E2
1.609118784E2	2.452146328E2	-2.176371948E2
1.609285429E2	2.460753238E2	-2.204795089E2
1.609452073E2	2.456639693E2	-2.224479165E2
1.609618718E2	2.455506706E2	-2.240997343E2
1.609785362E2	2.450848396E2	-2.256887404E2
1.609952006E2	2.451921687E2	-2.278655788E2
1.610118651E2	2.451116208E2	-2.303362032E2
1.610285295E2	2.455765109E2	-2.327379252E2
1.610451940E2	2.458670562E2	-2.350485050E2
1.610618584E2	2.447091276E2	-2.352501829E2
1.610785229E2	2.443271838E2	-2.365758370E2
1.610951873E2	2.435457144E2	-2.385345156E2
1.611118518E2	2.445263641E2	-2.408300749E2
1.611285162E2	2.448256481E2	-2.427678519E2
1.611451806E2	2.449457743E2	-2.449275900E2
1.611618451E2	2.438630852E2	-2.464921621E2
1.611785095E2	2.435489341E2	-2.479350179E2
1.611951740E2	2.428503517E2	-2.498099212E2
1.612118384E2	2.436213469E2	-2.529415032E2
1.612285029E2	2.437477365E2	-2.569589365E2
1.612451673E2	2.433726311E2	-2.607837318E2
1.612618318E2	2.415495434E2	-2.628124972E2
1.612784962E2	2.416878167E2	-2.649270113E2
1.612951606E2	2.420165059E2	-2.666541038E2
1.613118251E2	2.423707151E2	-2.683773210E2
1.613284895E2	2.428999416E2	-2.705147656E2
1.613451540E2	2.421907427E2	-2.722441055E2
1.613618184E2	2.409229647E2	-2.732019939E2
1.613784829E2	2.410920127E2	-2.747035983E2
1.613951473E2	2.413816073E2	-2.764369130E2
1.614118118E2	2.420920731E2	-2.777835853E2
1.614284762E2	2.409034568E2	-2.781604573E2
1.614451406E2	2.406273133E2	-2.773204485E2
1.614618051E2	2.409102987E2	-2.771308195E2
1.614784695E2	2.417885683E2	-2.777307838E2
1.614951340E2	2.419338184E2	-2.779834015E2
1.615117984E2	2.422832889E2	-2.786617720E2
1.615284629E2	2.422147710E2	-2.778671582E2
