203-I_row-6_post-24_ref
t	x	y
2.329689375E1	2.450551151E2	5.272980221E2
2.331355819E1	2.451070481E2	5.258135162E2
2.333022264E1	2.450528846E2	5.253198848E2
2.334688708E1	2.450370005E2	5.249068499E2
2.336355153E1	2.450903953E2	5.243502797E2
2.338021597E1	2.450496938E2	5.240862591E2
2.339688042E1	2.451111930E2	5.232768315E2
2.341354486E1	2.450703412E2	5.225286197E2
2.343020931E1	2.449520698E2	5.217114217E2
2.344687375E1	2.450322556E2	5.203251506E2
2.346353819E1	2.450924530E2	5.191279689E2
2.348020264E1	2.450593125E2	5.186129028E2
2.349686708E1	2.450450158E2	5.178793576E2
2.351353153E1	2.449691077E2	5.176635631E2
2.353019597E1	2.449941827E2	5.172826086E2
2.354686042E1	2.449940473E2	5.168915577E2
2.356352486E1	2.449713060E2	5.167831848E2
2.358018931E1	2.448213886E2	5.165165055E2
2.359685375E1	2.448896112E2	5.167594221E2
2.361351820E1	2.449882435E2	5.167221820E2
2.363018264E1	2.450296248E2	5.167701488E2
2.364684709E1	2.450039625E2	5.167329468E2
2.366351153E1	2.450549240E2	5.168072468E2
2.368017598E1	2.450004909E2	5.167930400E2
2.369684042E1	2.450167144E2	5.167520739E2
2.371350487E1	2.450165498E2	5.167744911E2
2.373016931E1	2.450541850E2	5.167830979E2
2.374683376E1	2.451076022E2	5.167591090E2
2.376349820E1	2.450953082E2	5.167790597E2
2.378016264E1	2.450294533E2	5.168014231E2
2.379682709E1	2.450681991E2	5.167018831E2
2.381349153E1	2.450831912E2	5.167661489E2
2.383015598E1	2.451285982E2	5.167014348E2
2.384682042E1	2.451466818E2	5.166870354E2
2.386348487E1	2.450591782E2	5.167898999E2
2.388014931E1	2.451135382E2	5.167609731E2
2.389681376E1	2.450923724E2	5.167664868E2
2.391347820E1	2.450431062E2	5.167658540E2
2.393014265E1	2.450951179E2	5.166936687E2
2.394680709E1	2.450766386E2	5.167480632E2
2.396347154E1	2.450998955E2	5.167212863E2
2.398013598E1	2.451426814E2	5.167165428E2
2.399680043E1	2.451011596E2	5.166887508E2
2.401346487E1	2.450567834E2	5.168227370E2
2.403012932E1	2.450587170E2	5.168379455E2
2.404679376E1	2.450872900E2	5.168148102E2
2.406345821E1	2.450706429E2	5.168033119E2
2.408012265E1	2.451356327E2	5.166467153E2
2.409678710E1	2.450775307E2	5.167893147E2
2.411345154E1	2.450998067E2	5.167310136E2
2.413011598E1	2.450784800E2	5.167455528E2
2.414678043E1	2.451136197E2	5.166588219E2
2.416344487E1	2.450752813E2	5.167186544E2
2.418010932E1	2.450674184E2	5.166385123E2
2.419677376E1	2.450531401E2	5.166313275E2
2.421343821E1	2.450366306E2	5.166237597E2
2.423010265E1	2.450540776E2	5.162838053E2
2.424676710E1	2.451157485E2	5.160093334E2
2.426343154E1	2.450284862E2	5.159099698E2
2.428009599E1	2.450121950E2	5.154320094E2
2.429676043E1	2.450607295E2	5.153399786E2
2.431342488E1	2.450046028E2	5.152213984E2
2.433008932E1	2.450675014E2	5.152117383E2
2.434675377E1	2.451052771E2	5.149106680E2
2.436341821E1	2.450718411E2	5.150342971E2
2.438008266E1	2.450305714E2	5.148253877E2
2.439674710E1	2.450272018E2	5.150912478E2
2.441341155E1	2.450310703E2	5.146452176E2
2.443007599E1	2.450630907E2	5.140001611E2
2.444674043E1	2.451084512E2	5.129967432E2
2.446340488E1	2.450398567E2	5.126966772E2
2.448006932E1	2.449442732E2	5.118814045E2
2.449673377E1	2.451051938E2	5.101025115E2
2.451339821E1	2.450728441E2	5.084693900E2
2.453006266E1	2.450709589E2	5.070524223E2
2.454672710E1	2.448355611E2	5.051290040E2
2.456339155E1	2.449723192E2	5.031422728E2
2.458005599E1	2.450007557E2	5.016004136E2
2.459672044E1	2.450499242E2	4.997380724E2
2.461338488E1	2.449921379E2	4.975219320E2
2.463004933E1	2.449465527E2	4.944915096E2
2.464671377E1	2.449399312E2	4.918581386E2
2.466337822E1	2.449856208E2	4.894113893E2
2.468004266E1	2.449896039E2	4.868632204E2
2.469670711E1	2.450545360E2	4.841958289E2
2.471337155E1	2.450376694E2	4.812175870E2
2.473003600E1	2.449693537E2	4.794313405E2
2.474670044E1	2.449889894E2	4.778502402E2
2.476336488E1	2.448459201E2	4.751289451E2
2.478002933E1	2.450005061E2	4.711609644E2
2.479669377E1	2.449311958E2	4.670693234E2
2.481335822E1	2.449457710E2	4.639182407E2
2.483002266E1	2.449225740E2	4.612673350E2
2.484668711E1	2.448100391E2	4.587561075E2
2.486335155E1	2.449540072E2	4.557713330E2
2.488001600E1	2.450681292E2	4.534628190E2
2.489668044E1	2.450096300E2	4.509438016E2
2.491334489E1	2.449121103E2	4.488957647E2
2.493000933E1	2.449681413E2	4.477570436E2
2.494667378E1	2.449371036E2	4.473017298E2
2.496333822E1	2.448944102E2	4.468634071E2
2.498000267E1	2.450553891E2	4.460554334E2
2.499666711E1	2.450246946E2	4.451945327E2
2.501333156E1	2.450602908E2	4.438873560E2
2.502999600E1	2.451228171E2	4.428817667E2
2.504666045E1	2.451174617E2	4.421836524E2
2.506332489E1	2.450255465E2	4.418233373E2
2.507998933E1	2.450347554E2	4.412047071E2
2.509665378E1	2.450281699E2	4.404148475E2
2.511331822E1	2.450590216E2	4.393618362E2
2.512998267E1	2.450274859E2	4.386110187E2
2.514664711E1	2.450576066E2	4.377833092E2
2.516331156E1	2.450062084E2	4.369177531E2
2.517997600E1	2.450163168E2	4.351822724E2
2.519664045E1	2.450126502E2	4.325134541E2
2.521330489E1	2.449551772E2	4.304299663E2
2.522996934E1	2.450191578E2	4.288331374E2
2.524663378E1	2.449816281E2	4.272963589E2
2.526329823E1	2.448926411E2	4.251403582E2
2.527996267E1	2.449541663E2	4.221351204E2
2.529662712E1	2.450086528E2	4.198557195E2
2.531329156E1	2.449178947E2	4.179216167E2
2.532995601E1	2.449827574E2	4.163570106E2
2.534662045E1	2.449440869E2	4.145863041E2
2.536328490E1	2.450333197E2	4.122241698E2
2.537994934E1	2.450010037E2	4.096521296E2
2.539661378E1	2.450083915E2	4.068202089E2
2.541327823E1	2.448724430E2	4.048592230E2
2.542994267E1	2.449530293E2	4.026001742E2
2.544660712E1	2.449961325E2	4.002577624E2
2.546327156E1	2.448983196E2	3.974931904E2
2.547993601E1	2.449089947E2	3.951268177E2
2.549660045E1	2.449811581E2	3.933382482E2
2.551326490E1	2.447417644E2	3.914557166E2
2.552992934E1	2.449666572E2	3.900153601E2
2.554659379E1	2.449409656E2	3.891950764E2
2.556325823E1	2.449774362E2	3.890382473E2
2.557992268E1	2.450618643E2	3.889258971E2
2.559658712E1	2.449817400E2	3.885399962E2
2.561325157E1	2.449467283E2	3.881166960E2
2.562991601E1	2.450154596E2	3.871307603E2
2.564658046E1	2.449354268E2	3.856704618E2
2.566324490E1	2.449736693E2	3.840598146E2
2.567990935E1	2.449945495E2	3.819893187E2
2.569657379E1	2.450021189E2	3.794282154E2
2.571323823E1	2.448679463E2	3.763830129E2
2.572990268E1	2.449550852E2	3.733831743E2
2.574656712E1	2.449855709E2	3.708556385E2
2.576323157E1	2.448534111E2	3.680251490E2
2.577989601E1	2.450111842E2	3.646496765E2
2.579656046E1	2.451274533E2	3.613235008E2
2.581322490E1	2.448931173E2	3.595209790E2
2.582988935E1	2.448824674E2	3.578228301E2
2.584655379E1	2.449649491E2	3.561499313E2
2.586321824E1	2.450385298E2	3.544961475E2
2.587988268E1	2.449339278E2	3.524913669E2
2.589654713E1	2.450054804E2	3.497181860E2
2.591321157E1	2.450189599E2	3.468208094E2
2.592987602E1	2.449951083E2	3.437647363E2
2.594654046E1	2.449701810E2	3.412280418E2
2.596320491E1	2.450664683E2	3.396613718E2
2.597986935E1	2.450834672E2	3.382205954E2
2.599653380E1	2.449865047E2	3.364611149E2
2.601319824E1	2.448695587E2	3.344696726E2
2.602986268E1	2.449690939E2	3.322455346E2
2.604652713E1	2.449773694E2	3.305314507E2
2.606319157E1	2.449780484E2	3.288574137E2
2.607985602E1	2.451113508E2	3.276331027E2
2.609652046E1	2.449250806E2	3.261333504E2
2.611318491E1	2.449968906E2	3.246374132E2
2.612984935E1	2.449630993E2	3.230144632E2
2.614651380E1	2.449703993E2	3.213487098E2
2.616317824E1	2.450204845E2	3.201381352E2
2.617984269E1	2.449573743E2	3.192869823E2
2.619650713E1	2.449954485E2	3.181052414E2
2.621317158E1	2.449995474E2	3.167414182E2
2.622983602E1	2.450058715E2	3.162264681E2
2.624650047E1	2.450677587E2	3.151947680E2
2.626316491E1	2.449616757E2	3.144172150E2
2.627982936E1	2.450256696E2	3.136186367E2
2.629649380E1	2.450671270E2	3.126994957E2
2.631315825E1	2.450751846E2	3.117971988E2
2.632982269E1	2.449857574E2	3.110425808E2
2.634648714E1	2.450211928E2	3.099951652E2
2.636315158E1	2.450450768E2	3.087785069E2
2.637981602E1	2.449798382E2	3.075156692E2
2.639648047E1	2.450087912E2	3.067257149E2
2.641314491E1	2.448807119E2	3.062034830E2
2.642980936E1	2.450154232E2	3.053365475E2
2.644647380E1	2.449670078E2	3.040540574E2
2.646313825E1	2.449612913E2	3.025266807E2
2.647980269E1	2.450208179E2	3.011682333E2
2.649646714E1	2.451393934E2	3.000875595E2
2.651313158E1	2.449589971E2	2.992514350E2
2.652979603E1	2.448051428E2	2.983375333E2
2.654646047E1	2.449976220E2	2.972067526E2
2.656312492E1	2.449949552E2	2.963445711E2
2.657978936E1	2.448070133E2	2.959036063E2
2.659645381E1	2.450844463E2	2.944057269E2
2.661311825E1	2.450990664E2	2.929795251E2
2.662978270E1	2.450968350E2	2.917349290E2
2.664644714E1	2.450307864E2	2.909518823E2
2.666311159E1	2.448705774E2	2.902640293E2
2.667977603E1	2.450992215E2	2.896103543E2
2.669644047E1	2.451704938E2	2.888856572E2
2.671310492E1	2.450259113E2	2.878544143E2
2.672976936E1	2.450685462E2	2.868264253E2
2.674643381E1	2.449695314E2	2.855198559E2
2.676309825E1	2.451132299E2	2.843094638E2
2.677976270E1	2.450057148E2	2.832288136E2
2.679642714E1	2.451098200E2	2.821713905E2
2.681309159E1	2.450254026E2	2.808613506E2
2.682975603E1	2.450716230E2	2.793707238E2
2.684642048E1	2.449933026E2	2.778061309E2
2.686308492E1	2.450878597E2	2.759597567E2
2.687974937E1	2.449673698E2	2.743459660E2
2.689641381E1	2.450137806E2	2.719224414E2
2.691307826E1	2.449700549E2	2.701336021E2
2.692974270E1	2.449840383E2	2.688044447E2
2.694640715E1	2.449589895E2	2.675733778E2
2.696307159E1	2.450243387E2	2.667960414E2
2.697973604E1	2.450584253E2	2.658158472E2
2.699640048E1	2.450541592E2	2.646161298E2
2.701306492E1	2.449772705E2	2.636960007E2
2.702972937E1	2.451411524E2	2.624857790E2
2.704639381E1	2.449695570E2	2.613351038E2
2.706305826E1	2.449877643E2	2.599086238E2
2.707972270E1	2.449245148E2	2.581749317E2
2.709638715E1	2.449280440E2	2.572249563E2
2.711305159E1	2.450139313E2	2.565828352E2
2.712971604E1	2.449828304E2	2.557773635E2
2.714638048E1	2.449834488E2	2.546377477E2
2.716304493E1	2.450135325E2	2.530957003E2
2.717970937E1	2.449987131E2	2.517608812E2
2.719637382E1	2.449989470E2	2.507030599E2
2.721303826E1	2.449206745E2	2.500371792E2
2.722970271E1	2.448427193E2	2.493315632E2
2.724636715E1	2.450083686E2	2.479959390E2
2.726303160E1	2.449997580E2	2.465308703E2
2.727969604E1	2.450434334E2	2.448804013E2
2.729636049E1	2.449892462E2	2.437997261E2
2.731302493E1	2.450202733E2	2.430976773E2
2.732968937E1	2.450581964E2	2.418778327E2
2.734635382E1	2.450534416E2	2.394423298E2
2.736301826E1	2.450746786E2	2.371173737E2
2.737968271E1	2.449941560E2	2.346739143E2
2.739634715E1	2.450824211E2	2.331648684E2
2.741301160E1	2.450504568E2	2.315159707E2
2.742967604E1	2.450607622E2	2.294808161E2
2.744634049E1	2.449916644E2	2.275154319E2
2.746300493E1	2.450321460E2	2.251466448E2
2.747966938E1	2.448973317E2	2.221883854E2
2.749633382E1	2.450294452E2	2.188674835E2
2.751299827E1	2.448574937E2	2.156224760E2
2.752966271E1	2.448885894E2	2.121403329E2
2.754632716E1	2.449620686E2	2.077238853E2
2.756299160E1	2.448837304E2	2.036457637E2
2.757965605E1	2.448312750E2	2.010177930E2
2.759632049E1	2.450486196E2	1.994304716E2
2.761298494E1	2.449187155E2	1.971741603E2
2.762964938E1	2.449397094E2	1.945000743E2
2.764631382E1	2.449773570E2	1.914605544E2
2.766297827E1	2.450366415E2	1.891871756E2
2.767964271E1	2.451174453E2	1.881239794E2
2.769630716E1	2.450026585E2	1.875381721E2
2.771297160E1	2.450243542E2	1.866740504E2
2.772963605E1	2.450374961E2	1.857770603E2
2.774630049E1	2.449597336E2	1.848319237E2
2.776296494E1	2.449294757E2	1.840650436E2
2.777962938E1	2.449239501E2	1.833224493E2
2.779629383E1	2.450471816E2	1.826423380E2
2.781295827E1	2.450029279E2	1.818000416E2
2.782962272E1	2.450110558E2	1.802622756E2
2.784628716E1	2.450599555E2	1.787475999E2
2.786295161E1	2.450455625E2	1.776563276E2
2.787961605E1	2.451007991E2	1.767749922E2
2.789628050E1	2.449943510E2	1.767456103E2
2.791294494E1	2.449686927E2	1.765763367E2
2.792960939E1	2.449246192E2	1.764280231E2
2.794627383E1	2.450019039E2	1.756788425E2
2.796293827E1	2.450923393E2	1.757568056E2
2.797960272E1	2.450516027E2	1.755906012E2
2.799626716E1	2.450395753E2	1.753182188E2
2.801293161E1	2.449550919E2	1.750116538E2
2.802959605E1	2.450170995E2	1.744787098E2
2.804626050E1	2.450770156E2	1.738164322E2
2.806292494E1	2.450043818E2	1.735202208E2
2.807958939E1	2.450938134E2	1.732289813E2
2.809625383E1	2.449982260E2	1.729020291E2
2.811291828E1	2.450622555E2	1.720535377E2
2.812958272E1	2.450477524E2	1.713246056E2
2.814624717E1	2.450413269E2	1.705863122E2
2.816291161E1	2.451302188E2	1.704743145E2
2.817957606E1	2.450832671E2	1.702023584E2
2.819624050E1	2.450195908E2	1.697659823E2
2.821290495E1	2.449472897E2	1.689232534E2
2.822956939E1	2.450556356E2	1.680664345E2
2.824623384E1	2.448901201E2	1.670713036E2
2.826289828E1	2.449648412E2	1.663358341E2
2.827956272E1	2.449893158E2	1.658671510E2
2.829622717E1	2.449519276E2	1.653402198E2
2.831289161E1	2.451062229E2	1.641812056E2
2.832955606E1	2.450621849E2	1.632192454E2
2.834622050E1	2.450590846E2	1.618210879E2
2.836288495E1	2.450384909E2	1.605420951E2
2.837954939E1	2.449481125E2	1.598136721E2
2.839621384E1	2.450057272E2	1.591484214E2
2.841287828E1	2.449748143E2	1.575860835E2
2.842954273E1	2.449663736E2	1.553981631E2
2.844620717E1	2.449791083E2	1.530108469E2
2.846287162E1	2.450077652E2	1.513579098E2
2.847953606E1	2.450605868E2	1.503389545E2
2.849620051E1	2.449882155E2	1.496402997E2
2.851286495E1	2.450750896E2	1.487789856E2
2.852952940E1	2.449647190E2	1.478655020E2
2.854619384E1	2.449810545E2	1.469614351E2
2.856285829E1	2.450267594E2	1.461884276E2
2.857952273E1	2.450864830E2	1.455280533E2
2.859618718E1	2.450312855E2	1.445569037E2
2.861285162E1	2.450862625E2	1.435891386E2
2.862951606E1	2.449499566E2	1.428069855E2
2.864618051E1	2.450289749E2	1.417145439E2
2.866284495E1	2.451064057E2	1.410994280E2
2.867950940E1	2.450486001E2	1.408334771E2
2.869617384E1	2.450324742E2	1.405608191E2
2.871283829E1	2.450317368E2	1.402284399E2
2.872950273E1	2.450659902E2	1.396156879E2
2.874616718E1	2.450675365E2	1.389647238E2
2.876283162E1	2.451367404E2	1.382220829E2
2.877949607E1	2.450997193E2	1.378982517E2
2.879616051E1	2.450588797E2	1.372950470E2
2.881282496E1	2.450358712E2	1.358118934E2
2.882948940E1	2.450074323E2	1.340215701E2
2.884615385E1	2.450087901E2	1.319764423E2
2.886281829E1	2.450059211E2	1.304733211E2
2.887948274E1	2.450373591E2	1.291044922E2
2.889614718E1	2.451055158E2	1.278178398E2
2.891281163E1	2.450329988E2	1.270685026E2
2.892947607E1	2.450759450E2	1.261712055E2
2.894614051E1	2.450917251E2	1.247881911E2
2.896280496E1	2.450638295E2	1.230472471E2
2.897946940E1	2.450528202E2	1.206215966E2
2.899613385E1	2.450302340E2	1.186413415E2
2.901279829E1	2.449637260E2	1.167678352E2
2.902946274E1	2.449399521E2	1.143454063E2
2.904612718E1	2.449621114E2	1.124416468E2
2.906279163E1	2.449156484E2	1.107186869E2
2.907945607E1	2.452013331E2	1.086567952E2
2.909612052E1	2.451259359E2	1.063659638E2
2.911278496E1	2.450267820E2	1.042943305E2
2.912944941E1	2.449831385E2	1.021770756E2
2.914611385E1	2.450178216E2	1.004247014E2
2.916277830E1	2.449782660E2	9.944326273E1
2.917944274E1	2.450218608E2	9.793618164E1
2.919610719E1	2.450381817E2	9.613035601E1
2.921277163E1	2.449944902E2	9.413712344E1
2.922943608E1	2.451046747E2	9.227700193E1
2.924610052E1	2.451512861E2	9.139046296E1
2.926276496E1	2.449456358E2	9.076650795E1
2.927942941E1	2.448020349E2	8.955137928E1
2.929609385E1	2.450221984E2	8.803693518E1
2.931275830E1	2.450059855E2	8.653668981E1
2.932942274E1	2.451260051E2	8.585917235E1
2.934608719E1	2.449920740E2	8.501707939E1
2.936275163E1	2.449917880E2	8.426450243E1
2.937941608E1	2.450863176E2	8.296020131E1
2.939608052E1	2.450277214E2	8.196634600E1
2.941274497E1	2.449895724E2	8.020027624E1
2.942940941E1	2.449730466E2	7.860839877E1
2.944607386E1	2.450620417E2	7.720376996E1
2.946273830E1	2.451150899E2	7.629690809E1
2.947940275E1	2.450501139E2	7.541789493E1
2.949606719E1	2.450684065E2	7.500394210E1
2.951273164E1	2.449472140E2	7.445440561E1
2.952939608E1	2.451344142E2	7.387300140E1
2.954606053E1	2.450364456E2	7.309195711E1
2.956272497E1	2.450924542E2	7.257001933E1
2.957938941E1	2.451620163E2	7.216703034E1
2.959605386E1	2.449946324E2	7.168342078E1
2.961271830E1	2.450105263E2	7.115313361E1
2.962938275E1	2.451033863E2	7.059444634E1
2.964604719E1	2.451154180E2	6.997412111E1
2.966271164E1	2.450385400E2	6.975353512E1
2.967937608E1	2.451384944E2	6.927735816E1
2.969604053E1	2.450904512E2	6.898748761E1
2.971270497E1	2.450366736E2	6.889587252E1
2.972936942E1	2.450568288E2	6.836605310E1
2.974603386E1	2.450187178E2	6.805030482E1
2.976269831E1	2.450419869E2	6.781927033E1
2.977936275E1	2.450430960E2	6.748201340E1
2.979602720E1	2.450705012E2	6.677414656E1
2.981269164E1	2.450765909E2	6.583533224E1
2.982935609E1	2.450821982E2	6.519278285E1
2.984602053E1	2.450253482E2	6.454465581E1
2.986268498E1	2.450602015E2	6.427449572E1
2.987934942E1	2.449871241E2	6.395180990E1
2.989601386E1	2.450131498E2	6.338300358E1
2.991267831E1	2.450450085E2	6.268450295E1
2.992934275E1	2.450206217E2	6.237130207E1
2.994600720E1	2.450077990E2	6.188958550E1
2.996267164E1	2.451400967E2	6.108360009E1
2.997933609E1	2.450685564E2	5.986853413E1
2.999600053E1	2.450968632E2	5.853858904E1
3.001266498E1	2.449788320E2	5.685726571E1
3.002932942E1	2.449435317E2	5.500952998E1
3.004599387E1	2.449698498E2	5.348612466E1
3.006265831E1	2.449704332E2	5.184858188E1
3.007932276E1	2.449270843E2	5.048264651E1
3.009598720E1	2.450489022E2	4.895341248E1
3.011265165E1	2.450605961E2	4.754332331E1
3.012931609E1	2.451530792E2	4.611262073E1
3.014598054E1	2.450587066E2	4.407205321E1
3.016264498E1	2.450587665E2	4.212564694E1
3.017930943E1	2.450854305E2	4.047203583E1
3.019597387E1	2.450495242E2	3.852178412E1
3.021263831E1	2.450243428E2	3.600762808E1
3.022930276E1	2.449558557E2	3.330612701E1
3.024596720E1	2.449446156E2	3.106073638E1
3.026263165E1	2.449462849E2	2.947605462E1
3.027929609E1	2.450844958E2	2.869989547E1
3.029596054E1	2.450654173E2	2.783694484E1
3.031262498E1	2.449832107E2	2.713399842E1
3.032928943E1	2.449619470E2	2.632317465E1
3.034595387E1	2.450744526E2	2.523091579E1
3.036261832E1	2.450111221E2	2.422947536E1
3.037928276E1	2.449588847E2	2.301473033E1
3.039594721E1	2.450242926E2	2.150237809E1
3.041261165E1	2.450680144E2	2.002733274E1
3.042927610E1	2.451205874E2	1.901089421E1
3.044594054E1	2.450452481E2	1.780665364E1
3.046260499E1	2.450785239E2	1.659404813E1
3.047926943E1	2.450157294E2	1.547815978E1
3.049593388E1	2.450594819E2	1.467742200E1
3.051259832E1	2.450689072E2	1.395742252E1
3.052926276E1	2.451132042E2	1.342461730E1
3.054592721E1	2.451895780E2	1.255329911E1
3.056259165E1	2.450901191E2	1.189008059E1
3.057925610E1	2.451488151E2	1.097856598E1
3.059592054E1	2.450520845E2	1.021162574E1
3.061258499E1	2.449729611E2	9.804662296E0
3.062924943E1	2.450502686E2	9.227013544E0
3.064591388E1	2.450745725E2	8.442189383E0
3.066257832E1	2.449342306E2	7.402173439E0
3.067924277E1	2.452413346E2	6.351778286E0
3.069590721E1	2.451980263E2	5.428130182E0
3.071257166E1	2.452272411E2	5.025990066E0
3.072923610E1	2.450592729E2	5.004903721E0
3.074590055E1	2.450452357E2	5.050286052E0
3.076256499E1	2.451424297E2	4.645911144E0
3.077922944E1	2.450203325E2	3.832845915E0
3.079589388E1	2.451417422E2	3.226532406E0
3.081255833E1	2.450804338E2	2.276224169E0
3.082922277E1	2.449964189E2	1.307534178E0
3.084588722E1	2.450487058E2	-2.098673884E-1
3.086255166E1	2.450116563E2	-1.655167708E0
3.087921610E1	2.450591423E2	-2.565248681E0
3.089588055E1	2.450701964E2	-4.135113454E0
3.091254499E1	2.449406315E2	-5.945585627E0
3.092920944E1	2.449733965E2	-8.678836312E0
3.094587388E1	2.449856090E2	-1.147819671E1
3.096253833E1	2.450169816E2	-1.399989390E1
3.097920277E1	2.450041867E2	-1.604195423E1
3.099586722E1	2.449570080E2	-1.782540626E1
3.101253166E1	2.451097309E2	-2.015017324E1
3.102919611E1	2.450145615E2	-2.293589139E1
3.104586055E1	2.450922849E2	-2.596084298E1
3.106252500E1	2.450310969E2	-2.795533606E1
3.107918944E1	2.450313467E2	-3.036243207E1
3.109585389E1	2.450798072E2	-3.317387247E1
3.111251833E1	2.451264390E2	-3.571989371E1
3.112918278E1	2.450479807E2	-3.745208660E1
3.114584722E1	2.449929057E2	-3.940568069E1
3.116251167E1	2.449936737E2	-4.163880536E1
3.117917611E1	2.450841576E2	-4.436508033E1
3.119584055E1	2.450039915E2	-4.653688492E1
3.121250500E1	2.450482031E2	-4.725766568E1
3.122916944E1	2.451254036E2	-4.782045198E1
3.124583389E1	2.450020043E2	-4.857084895E1
3.126249833E1	2.450802406E2	-4.988089645E1
3.127916278E1	2.449939819E2	-5.121886572E1
3.129582722E1	2.451414257E2	-5.268975771E1
3.131249167E1	2.450821348E2	-5.428777163E1
3.132915611E1	2.451207056E2	-5.587732090E1
3.134582056E1	2.450528885E2	-5.761505076E1
3.136248500E1	2.450715049E2	-5.914485843E1
3.137914945E1	2.450592951E2	-6.049407544E1
3.139581389E1	2.451322936E2	-6.144222449E1
3.141247834E1	2.451065336E2	-6.308757650E1
3.142914278E1	2.451108156E2	-6.548253762E1
3.144580723E1	2.450533270E2	-6.743078843E1
3.146247167E1	2.450462378E2	-6.891554162E1
3.147913612E1	2.450436355E2	-7.024423294E1
3.149580056E1	2.451100577E2	-7.200724142E1
3.151246500E1	2.451825229E2	-7.384996760E1
3.152912945E1	2.451060978E2	-7.595326109E1
3.154579389E1	2.450888687E2	-7.728610954E1
3.156245834E1	2.450001913E2	-7.854443631E1
3.157912278E1	2.451203687E2	-8.061516256E1
3.159578723E1	2.450219133E2	-8.346989271E1
