203-I_row-6_post-25_wire
t	x	y
1.866417811E0	2.674451517E2	9.686640100E1
1.883082256E0	2.675392548E2	9.270297528E1
1.899746700E0	2.674587087E2	8.931318874E1
1.916411145E0	2.673874354E2	8.638143956E1
1.933075590E0	2.673175714E2	8.315859729E1
1.949740035E0	2.673240059E2	8.010861995E1
1.966404479E0	2.675572127E2	7.836018120E1
1.983068924E0	2.680189707E2	7.699348634E1
1.999733369E0	2.680255367E2	7.657476245E1
2.016397814E0	2.676282414E2	7.637883083E1
2.033062258E0	2.674622418E2	7.617669303E1
2.049726703E0	2.675041193E2	7.601068945E1
2.066391148E0	2.678040446E2	7.597802304E1
2.083055593E0	2.682910194E2	7.593828836E1
2.099720037E0	2.681551404E2	7.594701351E1
2.116384482E0	2.674597119E2	7.585394615E1
2.133048927E0	2.673253442E2	7.592302446E1
2.149713372E0	2.675775694E2	7.595009651E1
2.166377816E0	2.682423154E2	7.603527551E1
2.183042261E0	2.684181702E2	7.596780623E1
2.199706706E0	2.680702326E2	7.595472350E1
2.216371151E0	2.674638133E2	7.590222343E1
2.233035595E0	2.674549836E2	7.591662771E1
2.249700040E0	2.678301533E2	7.587239264E1
2.266364485E0	2.681352713E2	7.590035009E1
2.283028929E0	2.679356824E2	7.589160668E1
2.299693374E0	2.680450182E2	7.594050174E1
2.316357819E0	2.682527053E2	7.590314783E1
2.333022264E0	2.685536506E2	7.592409342E1
2.349686708E0	2.684984915E2	7.593784843E1
2.366351153E0	2.678110775E2	7.589795708E1
2.383015598E0	2.668016223E2	7.589259139E1
2.399680043E0	2.668725314E2	7.596366947E1
2.416344487E0	2.676307037E2	7.589453788E1
2.433008932E0	2.689616088E2	7.594672902E1
2.449673377E0	2.691523240E2	7.595120205E1
2.466337822E0	2.682419786E2	7.587817853E1
2.483002266E0	2.667452737E2	7.591893464E1
2.499666711E0	2.665489030E2	7.596443871E1
2.516331156E0	2.673615804E2	7.592226592E1
2.532995601E0	2.687943994E2	7.592158005E1
2.549660045E0	2.690773115E2	7.592239330E1
2.566324490E0	2.682163455E2	7.592640075E1
2.582988935E0	2.671317127E2	7.586746659E1
2.599653380E0	2.669387872E2	7.591680607E1
2.616317824E0	2.679328797E2	7.589915427E1
2.632982269E0	2.688898575E2	7.590400151E1
2.649646714E0	2.689585160E2	7.590964600E1
2.666311159E0	2.679029072E2	7.584130315E1
2.682975603E0	2.672203421E2	7.587209435E1
2.699640048E0	2.675292136E2	7.593942225E1
2.716304493E0	2.682621710E2	7.597113952E1
2.732968937E0	2.685046945E2	7.588261125E1
2.749633382E0	2.683237013E2	7.589538055E1
2.766297827E0	2.682594851E2	7.590340856E1
2.782962272E0	2.682594450E2	7.590587204E1
2.799626716E0	2.680264587E2	7.589167964E1
2.816291161E0	2.675534147E2	7.585002904E1
2.832955606E0	2.674857374E2	7.593164614E1
2.849620051E0	2.678761725E2	7.592877695E1
2.866284495E0	2.684265450E2	7.591359379E1
2.882948940E0	2.688715534E2	7.594803334E1
2.899613385E0	2.682115522E2	7.589425912E1
2.916277830E0	2.676687730E2	7.595138490E1
2.932942274E0	2.675314710E2	7.593739355E1
2.949606719E0	2.680857663E2	7.595539839E1
2.966271164E0	2.688117848E2	7.593501044E1
2.982935609E0	2.688614553E2	7.591368819E1
2.999600053E0	2.683933444E2	7.590182749E1
3.016264498E0	2.677061505E2	7.591919903E1
3.032928943E0	2.676111901E2	7.584736077E1
3.049593388E0	2.679409129E2	7.589481325E1
3.066257832E0	2.685259488E2	7.602077080E1
3.082922277E0	2.684211300E2	7.597137500E1
3.099586722E0	2.682072725E2	7.605909263E1
3.116251167E0	2.680187884E2	7.593296599E1
3.132915611E0	2.678943913E2	7.594350168E1
3.149580056E0	2.681015379E2	7.595122852E1
3.166244501E0	2.681923624E2	7.590549045E1
3.182908945E0	2.683346394E2	7.597469557E1
3.199573390E0	2.682341208E2	7.595715813E1
3.216237835E0	2.681713754E2	7.601670235E1
3.232902280E0	2.681563882E2	7.596225611E1
3.249566724E0	2.677974106E2	7.593957799E1
3.266231169E0	2.680325288E2	7.588037465E1
3.282895614E0	2.685933407E2	7.594291515E1
3.299560059E0	2.690001566E2	7.593748440E1
3.316224503E0	2.684780270E2	7.593475090E1
3.332888948E0	2.676103161E2	7.592553824E1
3.349553393E0	2.673224604E2	7.593743897E1
3.366217838E0	2.678018851E2	7.598545625E1
3.382882282E0	2.683728772E2	7.586960652E1
3.399546727E0	2.689111431E2	7.590812120E1
3.416211172E0	2.683933507E2	7.588731947E1
3.432875617E0	2.680790962E2	7.596311613E1
3.449540061E0	2.678645780E2	7.587565783E1
3.466204506E0	2.680760908E2	7.588291906E1
3.482868951E0	2.682080926E2	7.590225628E1
3.499533396E0	2.682709706E2	7.587681705E1
3.516197840E0	2.681474845E2	7.590816261E1
3.532862285E0	2.681647194E2	7.591351073E1
3.549526730E0	2.681208361E2	7.596511801E1
3.566191175E0	2.683345969E2	7.587250683E1
3.582855619E0	2.684501895E2	7.596289759E1
3.599520064E0	2.681853767E2	7.589849496E1
3.616184509E0	2.681337300E2	7.588955917E1
3.632848953E0	2.682313401E2	7.591138022E1
3.649513398E0	2.683639152E2	7.594700939E1
3.666177843E0	2.683777544E2	7.589008771E1
3.682842288E0	2.682119331E2	7.594112436E1
3.699506732E0	2.675671847E2	7.587426228E1
3.716171177E0	2.677587854E2	7.588705582E1
3.732835622E0	2.682192713E2	7.584395792E1
3.749500067E0	2.684814638E2	7.590071719E1
3.766164511E0	2.683538942E2	7.589613067E1
3.782828956E0	2.681871408E2	7.588371434E1
3.799493401E0	2.676945461E2	7.593030931E1
3.816157846E0	2.675469491E2	7.591646490E1
3.832822290E0	2.675348356E2	7.578128240E1
3.849486735E0	2.679678670E2	7.586675046E1
3.866151180E0	2.682177678E2	7.576143768E1
3.882815625E0	2.683463885E2	7.579827337E1
3.899480069E0	2.680273263E2	7.575424424E1
3.916144514E0	2.677560882E2	7.527966651E1
3.932808959E0	2.673898698E2	7.504457040E1
3.949473404E0	2.675403772E2	7.460011093E1
3.966137848E0	2.679570585E2	7.428973589E1
3.982802293E0	2.682177478E2	7.361871861E1
3.999466738E0	2.681398292E2	7.301539281E1
4.016131183E0	2.675286794E2	7.252641692E1
4.032795627E0	2.673734121E2	7.180027688E1
4.049460072E0	2.675283950E2	7.110512879E1
4.066124517E0	2.677015305E2	7.029505878E1
4.082788961E0	2.678526311E2	6.940038514E1
4.099453406E0	2.682568601E2	6.851977635E1
4.116117851E0	2.681369809E2	6.781699806E1
4.132782296E0	2.679325573E2	6.705738115E1
4.149446740E0	2.677072648E2	6.630031203E1
4.166111185E0	2.677472578E2	6.563973209E1
4.182775630E0	2.675816093E2	6.474490163E1
4.199440075E0	2.676449977E2	6.334474368E1
4.216104519E0	2.675769766E2	6.220290545E1
4.232768964E0	2.679814163E2	6.140672164E1
4.249433409E0	2.681653321E2	5.985408653E1
4.266097854E0	2.677904564E2	5.811492446E1
4.282762298E0	2.672902272E2	5.654004397E1
4.299426743E0	2.669384250E2	5.572358520E1
4.316091188E0	2.673506299E2	5.495991661E1
4.332755633E0	2.679840575E2	5.414543226E1
4.349420077E0	2.680665487E2	5.327347104E1
4.366084522E0	2.676847257E2	5.222494343E1
4.382748967E0	2.670815603E2	5.151990890E1
4.399413412E0	2.668483745E2	5.086118895E1
4.416077856E0	2.674336541E2	5.007482115E1
4.432742301E0	2.681389389E2	4.941518859E1
4.449406746E0	2.682238014E2	4.862969400E1
4.466071191E0	2.679608580E2	4.795639442E1
4.482735635E0	2.671446751E2	4.755335515E1
4.499400080E0	2.673227875E2	4.696482177E1
4.516064525E0	2.680474504E2	4.640536203E1
4.532728969E0	2.682281160E2	4.607887718E1
4.549393414E0	2.684133502E2	4.535532396E1
4.566057859E0	2.681932798E2	4.467453244E1
4.582722304E0	2.680331878E2	4.390786047E1
4.599386748E0	2.678813026E2	4.288795912E1
4.616051193E0	2.682540302E2	4.167357518E1
4.632715638E0	2.681254787E2	4.107741749E1
4.649380083E0	2.680850936E2	4.011187422E1
4.666044527E0	2.680994985E2	3.890659529E1
4.682708972E0	2.677915814E2	3.773228792E1
4.699373417E0	2.679650105E2	3.716589935E1
4.716037862E0	2.685501344E2	3.670993304E1
4.732702306E0	2.683174750E2	3.578427023E1
4.749366751E0	2.676692048E2	3.536723295E1
4.766031196E0	2.674462404E2	3.484748357E1
4.782695641E0	2.679552202E2	3.396111984E1
4.799360085E0	2.683465671E2	3.244545323E1
4.816024530E0	2.682646456E2	3.084902336E1
4.832688975E0	2.679074380E2	2.934229245E1
4.849353420E0	2.675343291E2	2.779463162E1
4.866017864E0	2.675979673E2	2.601479144E1
4.882682309E0	2.681436777E2	2.448053777E1
4.899346754E0	2.687537466E2	2.356746010E1
4.916011199E0	2.687306264E2	2.273585988E1
4.932675643E0	2.682933032E2	2.189759689E1
4.949340088E0	2.675203764E2	2.030865315E1
4.966004533E0	2.674500904E2	1.791796147E1
4.982668977E0	2.681218346E2	1.631198230E1
4.999333422E0	2.684668361E2	1.465619981E1
5.015997867E0	2.683924017E2	1.217958677E1
5.032662312E0	2.676137712E2	8.988353679E0
5.049326756E0	2.669433554E2	5.823479400E0
5.065991201E0	2.668662385E2	3.269739138E0
5.082655646E0	2.673716776E2	8.463135618E-1
5.099320091E0	2.676958622E2	-1.424441761E0
5.115984535E0	2.675923404E2	-3.825761552E0
5.132648980E0	2.672373130E2	-6.244662988E0
5.149313425E0	2.669493627E2	-7.934544858E0
5.165977870E0	2.672646676E2	-1.011912954E1
5.182642314E0	2.673324915E2	-1.268669190E1
5.199306759E0	2.673134546E2	-1.458486702E1
5.215971204E0	2.674661856E2	-1.650478885E1
5.232635649E0	2.668669238E2	-1.837265748E1
5.249300093E0	2.663316944E2	-2.092907403E1
5.265964538E0	2.665702407E2	-2.389656410E1
5.282628983E0	2.668166086E2	-2.638534358E1
5.299293428E0	2.669281430E2	-2.887029119E1
5.315957872E0	2.667188355E2	-3.124430878E1
5.332622317E0	2.662332056E2	-3.286412729E1
5.349286762E0	2.660567328E2	-3.424290539E1
5.365951207E0	2.660021384E2	-3.521662150E1
5.382615651E0	2.664002976E2	-3.605241457E1
5.399280096E0	2.663713528E2	-3.714059788E1
5.415944541E0	2.665944502E2	-3.794605986E1
5.432608985E0	2.664660385E2	-3.874780099E1
5.449273430E0	2.662297044E2	-3.932535304E1
5.465937875E0	2.657366778E2	-3.958231965E1
5.482602320E0	2.659753950E2	-4.071173466E1
5.499266764E0	2.661948313E2	-4.145381525E1
5.515931209E0	2.662005262E2	-4.241219565E1
5.532595654E0	2.666076422E2	-4.322236006E1
5.549260099E0	2.665765290E2	-4.395051067E1
5.565924543E0	2.658618617E2	-4.489519127E1
5.582588988E0	2.654212148E2	-4.589389675E1
5.599253433E0	2.652213318E2	-4.668227954E1
5.615917878E0	2.657032039E2	-4.740304162E1
5.632582322E0	2.665064992E2	-4.814775384E1
5.649246767E0	2.662428938E2	-4.899918115E1
5.665911212E0	2.654427844E2	-4.994961547E1
5.682575657E0	2.654343704E2	-5.115782424E1
5.699240101E0	2.654044857E2	-5.293576916E1
5.715904546E0	2.657944497E2	-5.464524225E1
5.732568991E0	2.663366401E2	-5.619303686E1
5.749233436E0	2.663842602E2	-5.753777803E1
5.765897880E0	2.658836109E2	-5.844999263E1
5.782562325E0	2.655975210E2	-5.939946376E1
5.799226770E0	2.658997033E2	-6.069140165E1
5.815891215E0	2.659304639E2	-6.196662412E1
5.832555659E0	2.659030286E2	-6.358177507E1
5.849220104E0	2.658268715E2	-6.589415511E1
5.865884549E0	2.657174489E2	-6.912424421E1
5.882548993E0	2.655109861E2	-7.180799940E1
5.899213438E0	2.657210270E2	-7.441965852E1
5.915877883E0	2.649798753E2	-7.661958954E1
5.932542328E0	2.652586488E2	-7.847525847E1
5.949206772E0	2.654733338E2	-8.035685476E1
5.965871217E0	2.659570798E2	-8.190549011E1
5.982535662E0	2.657628144E2	-8.297360998E1
5.999200107E0	2.648826660E2	-8.455113143E1
6.015864551E0	2.641202139E2	-8.627342644E1
6.032528996E0	2.642231126E2	-8.759497508E1
6.049193441E0	2.650904448E2	-8.847577100E1
6.065857886E0	2.655053671E2	-8.953751994E1
6.082522330E0	2.656910880E2	-9.070338325E1
6.099186775E0	2.650794407E2	-9.209719625E1
6.115851220E0	2.644146169E2	-9.378339066E1
6.132515665E0	2.645364258E2	-9.550671138E1
6.149180109E0	2.652945311E2	-9.713892448E1
6.165844554E0	2.657618942E2	-9.866637606E1
6.182508999E0	2.651063476E2	-9.965297119E1
6.199173444E0	2.643422821E2	-1.004873030E2
6.215837888E0	2.637389737E2	-1.015055662E2
6.232502333E0	2.639897725E2	-1.030625582E2
6.249166778E0	2.642437512E2	-1.046454584E2
6.265831223E0	2.644837654E2	-1.063331057E2
6.282495667E0	2.649132244E2	-1.076157380E2
6.299160112E0	2.644637085E2	-1.084415234E2
6.315824557E0	2.637016462E2	-1.094590841E2
6.332489001E0	2.634321712E2	-1.109753967E2
6.349153446E0	2.635059404E2	-1.125977684E2
6.365817891E0	2.638654089E2	-1.142595554E2
6.382482336E0	2.644866942E2	-1.165513707E2
6.399146780E0	2.639622464E2	-1.189763169E2
6.415811225E0	2.633078042E2	-1.214528761E2
6.432475670E0	2.629601308E2	-1.237577234E2
6.449140115E0	2.629501560E2	-1.246637342E2
6.465804559E0	2.632628335E2	-1.255984674E2
6.482469004E0	2.639808513E2	-1.269423435E2
6.499133449E0	2.637694952E2	-1.277662506E2
6.515797894E0	2.633123029E2	-1.286553571E2
6.532462338E0	2.631736783E2	-1.288956077E2
6.549126783E0	2.637743457E2	-1.291901513E2
6.565791228E0	2.632403030E2	-1.297200875E2
6.582455673E0	2.633495984E2	-1.301526764E2
6.599120117E0	2.630393635E2	-1.303277003E2
6.615784562E0	2.632716091E2	-1.305999088E2
6.632449007E0	2.636799978E2	-1.312046085E2
6.649113452E0	2.635796441E2	-1.312232622E2
6.665777896E0	2.627469858E2	-1.319198590E2
6.682442341E0	2.624154186E2	-1.325898575E2
6.699106786E0	2.625543039E2	-1.328001731E2
6.715771231E0	2.639670537E2	-1.334506905E2
6.732435675E0	2.641583704E2	-1.337014303E2
6.749100120E0	2.640301135E2	-1.341933820E2
6.765764565E0	2.625608382E2	-1.343537195E2
6.782429009E0	2.626938861E2	-1.348112430E2
6.799093454E0	2.633059026E2	-1.357677260E2
6.815757899E0	2.640444531E2	-1.360956578E2
6.832422344E0	2.644465483E2	-1.366424099E2
6.849086788E0	2.640374205E2	-1.373385048E2
6.865751233E0	2.624764493E2	-1.375996116E2
6.882415678E0	2.623535723E2	-1.384441565E2
6.899080123E0	2.632480317E2	-1.398092261E2
6.915744567E0	2.641027374E2	-1.407485027E2
6.932409012E0	2.644281676E2	-1.414606573E2
6.949073457E0	2.639890028E2	-1.421946402E2
6.965737902E0	2.628539592E2	-1.425177348E2
6.982402346E0	2.628829571E2	-1.432013705E2
6.999066791E0	2.635437948E2	-1.438450018E2
7.015731236E0	2.635976913E2	-1.448202371E2
7.032395681E0	2.635870086E2	-1.462081583E2
7.049060125E0	2.627975374E2	-1.473944485E2
7.065724570E0	2.626103898E2	-1.496601688E2
7.082389015E0	2.626103769E2	-1.521030726E2
7.099053460E0	2.624590787E2	-1.544792029E2
7.115717904E0	2.621840071E2	-1.561018856E2
7.132382349E0	2.623886460E2	-1.574815532E2
7.149046794E0	2.625501006E2	-1.585591874E2
7.165711239E0	2.626534526E2	-1.593131264E2
7.182375683E0	2.625451745E2	-1.603037039E2
7.199040128E0	2.625707852E2	-1.609256505E2
7.215704573E0	2.624677142E2	-1.616926903E2
7.232369017E0	2.623171927E2	-1.625377648E2
7.249033462E0	2.625378586E2	-1.633172048E2
7.265697907E0	2.624620145E2	-1.641655720E2
7.282362352E0	2.625370159E2	-1.654850649E2
7.299026796E0	2.619006547E2	-1.666940168E2
7.315691241E0	2.623563779E2	-1.681192480E2
7.332355686E0	2.626570820E2	-1.688649507E2
7.349020131E0	2.628565418E2	-1.696194935E2
7.365684575E0	2.622818128E2	-1.706547088E2
7.382349020E0	2.622781845E2	-1.721076009E2
7.399013465E0	2.615708185E2	-1.731237624E2
7.415677910E0	2.622862841E2	-1.752825685E2
7.432342354E0	2.625444931E2	-1.769712741E2
7.449006799E0	2.623914064E2	-1.786495498E2
7.465671244E0	2.623719277E2	-1.801560895E2
7.482335689E0	2.618339792E2	-1.818087594E2
7.499000133E0	2.619734060E2	-1.840878155E2
7.515664578E0	2.620344250E2	-1.866510804E2
7.532329023E0	2.618328283E2	-1.883723644E2
7.548993468E0	2.623862336E2	-1.897819701E2
7.565657912E0	2.618732585E2	-1.906130440E2
7.582322357E0	2.611695174E2	-1.923206748E2
7.598986802E0	2.608018159E2	-1.948187371E2
7.615651247E0	2.610539006E2	-1.979530343E2
7.632315691E0	2.617604886E2	-2.010402064E2
7.648980136E0	2.617448136E2	-2.035242988E2
7.665644581E0	2.610718550E2	-2.059937218E2
7.682309025E0	2.600364218E2	-2.084281899E2
7.698973470E0	2.596808286E2	-2.108840002E2
7.715637915E0	2.607891608E2	-2.131144886E2
7.732302360E0	2.617199543E2	-2.147261874E2
7.748966804E0	2.616628180E2	-2.156856077E2
7.765631249E0	2.607345961E2	-2.166105112E2
7.782295694E0	2.600773105E2	-2.180092996E2
7.798960139E0	2.598565485E2	-2.189299797E2
7.815624583E0	2.602228667E2	-2.197851861E2
7.832289028E0	2.612649667E2	-2.209797933E2
7.848953473E0	2.611191437E2	-2.218256090E2
7.865617918E0	2.602935786E2	-2.229294920E2
7.882282362E0	2.602211801E2	-2.242898467E2
7.898946807E0	2.598785205E2	-2.247377547E2
7.915611252E0	2.609401844E2	-2.252291803E2
7.932275697E0	2.609073610E2	-2.259827580E2
7.948940141E0	2.600973226E2	-2.269725051E2
7.965604586E0	2.598129112E2	-2.278573755E2
7.982269031E0	2.605471060E2	-2.291415181E2
7.998933476E0	2.608699222E2	-2.301183737E2
8.015597920E0	2.603148400E2	-2.309775108E2
8.032262365E0	2.596621088E2	-2.318605763E2
8.048926810E0	2.593912619E2	-2.326488139E2
8.065591254E0	2.601956155E2	-2.340733838E2
8.082255699E0	2.608046781E2	-2.358068923E2
8.098920144E0	2.605692002E2	-2.380938146E2
8.115584589E0	2.587763831E2	-2.399945541E2
8.132249033E0	2.584086751E2	-2.414428738E2
8.148913478E0	2.585313743E2	-2.432234644E2
8.165577923E0	2.595444194E2	-2.447681556E2
8.182242368E0	2.597185360E2	-2.471235649E2
8.198906812E0	2.587651657E2	-2.494706881E2
8.215571257E0	2.573041392E2	-2.512330027E2
8.232235702E0	2.570557960E2	-2.528109603E2
8.248900147E0	2.576356444E2	-2.545573035E2
8.265564591E0	2.586720511E2	-2.566548769E2
8.282229036E0	2.576335184E2	-2.584831845E2
8.298893481E0	2.563310084E2	-2.599911848E2
8.315557926E0	2.554358590E2	-2.618477957E2
8.332222370E0	2.567183577E2	-2.639446910E2
8.348886815E0	2.577105060E2	-2.663801588E2
8.365551260E0	2.571581210E2	-2.681660288E2
8.382215705E0	2.561749688E2	-2.697170926E2
8.398880149E0	2.554697024E2	-2.712317089E2
8.415544594E0	2.553671231E2	-2.722794716E2
8.432209039E0	2.567492333E2	-2.736565115E2
8.448873484E0	2.568834956E2	-2.746737491E2
8.465537928E0	2.562047096E2	-2.760689216E2
8.482202373E0	2.550720825E2	-2.770695501E2
8.498866818E0	2.550804184E2	-2.786174943E2
8.515531262E0	2.554223807E2	-2.803331460E2
8.532195707E0	2.560903566E2	-2.826043101E2
8.548860152E0	2.559179036E2	-2.841454659E2
8.565524597E0	2.551625317E2	-2.856791418E2
8.582189041E0	2.543942879E2	-2.866880605E2
8.598853486E0	2.546193125E2	-2.874995817E2
8.615517931E0	2.555508610E2	-2.882007966E2
8.632182376E0	2.555616879E2	-2.888437368E2
8.648846820E0	2.542295486E2	-2.892916704E2
8.665511265E0	2.545125902E2	-2.905672724E2
8.682175710E0	2.544354205E2	-2.916985833E2
8.698840155E0	2.556899415E2	-2.927097969E2
8.715504599E0	2.555169677E2	-2.936272190E2
8.732169044E0	2.542464975E2	-2.940860323E2
8.748833489E0	2.540022997E2	-2.945488417E2
8.765497934E0	2.537255978E2	-2.948333617E2
8.782162378E0	2.548685894E2	-2.954271904E2
8.798826823E0	2.551411049E2	-2.955736699E2
8.815491268E0	2.548238629E2	-2.961693392E2
8.832155713E0	2.534010153E2	-2.965574165E2
8.848820157E0	2.536465484E2	-2.970860084E2
8.865484602E0	2.540233388E2	-2.971731228E2
8.882149047E0	2.552612653E2	-2.978415223E2
8.898813492E0	2.547675719E2	-2.986438473E2
8.915477936E0	2.534583837E2	-2.995889146E2
8.932142381E0	2.529970201E2	-3.009829190E2
8.948806826E0	2.529019945E2	-3.020395817E2
8.965471270E0	2.542521610E2	-3.034081404E2
8.982135715E0	2.545287876E2	-3.042777290E2
8.998800160E0	2.541417378E2	-3.051257114E2
9.015464605E0	2.531158315E2	-3.067096220E2
9.032129049E0	2.529713037E2	-3.090569008E2
9.048793494E0	2.536128712E2	-3.114301562E2
9.065457939E0	2.533705325E2	-3.134422789E2
9.082122384E0	2.527940265E2	-3.157034845E2
9.098786828E0	2.521302276E2	-3.177910311E2
9.115451273E0	2.511901440E2	-3.196321304E2
9.132115718E0	2.512624458E2	-3.214241998E2
9.148780163E0	2.522778066E2	-3.230193397E2
9.165444607E0	2.529764821E2	-3.244020570E2
9.182109052E0	2.522013890E2	-3.252846092E2
9.198773497E0	2.513246016E2	-3.266994968E2
9.215437942E0	2.503973692E2	-3.278564565E2
9.232102386E0	2.513298373E2	-3.291478699E2
9.248766831E0	2.517134872E2	-3.301056157E2
9.265431276E0	2.517058150E2	-3.316158607E2
9.282095721E0	2.504363775E2	-3.326382813E2
9.298760165E0	2.498930382E2	-3.340166080E2
9.315424610E0	2.502535390E2	-3.355861599E2
9.332089055E0	2.509638172E2	-3.373009420E2
9.348753500E0	2.511260204E2	-3.383966560E2
9.365417944E0	2.510743259E2	-3.397450315E2
9.382082389E0	2.500962042E2	-3.405639304E2
9.398746834E0	2.494491962E2	-3.416267408E2
9.415411278E0	2.497148147E2	-3.430573862E2
9.432075723E0	2.497729980E2	-3.446387080E2
9.448740168E0	2.495131473E2	-3.463951431E2
9.465404613E0	2.490799279E2	-3.478785099E2
9.482069057E0	2.485545234E2	-3.496155844E2
9.498733502E0	2.489631181E2	-3.518139606E2
9.515397947E0	2.491362470E2	-3.541145469E2
9.532062392E0	2.487352064E2	-3.558897891E2
9.548726836E0	2.487940935E2	-3.574315464E2
9.565391281E0	2.488213722E2	-3.588886987E2
9.582055726E0	2.482903582E2	-3.599197721E2
9.598720171E0	2.480113740E2	-3.607742813E2
9.615384615E0	2.478950913E2	-3.615818641E2
9.632049060E0	2.477203164E2	-3.631017276E2
9.648713505E0	2.475713106E2	-3.646999592E2
9.665377950E0	2.476094750E2	-3.670180032E2
9.682042394E0	2.473338809E2	-3.688585657E2
9.698706839E0	2.468953740E2	-3.704311885E2
9.715371284E0	2.462157999E2	-3.714773641E2
9.732035729E0	2.461626634E2	-3.720809725E2
9.748700173E0	2.467536493E2	-3.734379714E2
9.765364618E0	2.466315833E2	-3.752087597E2
9.782029063E0	2.462755020E2	-3.777689757E2
9.798693508E0	2.462211729E2	-3.799299087E2
9.815357952E0	2.456168003E2	-3.791905789E2
9.832022397E0	2.454230490E2	-3.793050620E2
9.848686842E0	2.462777260E2	-3.798489824E2
9.865351286E0	2.453233380E2	-3.803969569E2
9.882015731E0	2.453413751E2	-3.811741919E2
9.898680176E0	2.457212655E2	-3.822422076E2
9.915344621E0	2.457287966E2	-3.824398254E2
9.932009065E0	2.458329189E2	-3.839492805E2
9.948673510E0	2.454911533E2	-3.849020534E2
