203-I_row-6_post-23_wire
t	x	y
1.132349020E2	2.328778281E2	9.224675134E1
1.132515665E2	2.331469526E2	9.105830183E1
1.132682309E2	2.329170151E2	8.987731622E1
1.132848953E2	2.327012649E2	8.837942305E1
1.133015598E2	2.327932199E2	8.688705017E1
1.133182242E2	2.329249906E2	8.510799597E1
1.133348887E2	2.329447710E2	8.338208218E1
1.133515531E2	2.329755352E2	8.113186099E1
1.133682176E2	2.327805890E2	7.931884535E1
1.133848820E2	2.326486007E2	7.777724835E1
1.134015465E2	2.328432169E2	7.601529814E1
1.134182109E2	2.329650983E2	7.378619157E1
1.134348753E2	2.330519344E2	7.143457327E1
1.134515398E2	2.328712447E2	6.883204616E1
1.134682042E2	2.326597002E2	6.655444455E1
1.134848687E2	2.327131581E2	6.493019514E1
1.135015331E2	2.328080277E2	6.378999190E1
1.135181976E2	2.329700564E2	6.283113396E1
1.135348620E2	2.330210366E2	6.172975532E1
1.135515265E2	2.329062716E2	6.010324167E1
1.135681909E2	2.329649856E2	5.840198256E1
1.135848554E2	2.328364882E2	5.670291698E1
1.136015198E2	2.327569875E2	5.509508654E1
1.136181842E2	2.328751652E2	5.362578833E1
1.136348487E2	2.328148391E2	5.221645550E1
1.136515131E2	2.328503545E2	5.112305875E1
1.136681776E2	2.328825449E2	4.950859197E1
1.136848420E2	2.328671998E2	4.735632956E1
1.137015065E2	2.328684676E2	4.487176637E1
1.137181709E2	2.328046419E2	4.237102154E1
1.137348354E2	2.330128282E2	4.050275406E1
1.137514998E2	2.329776348E2	3.897161780E1
1.137681642E2	2.329397606E2	3.746159635E1
1.137848287E2	2.328196823E2	3.662633675E1
1.138014931E2	2.328534109E2	3.587621257E1
1.138181576E2	2.328149757E2	3.551305264E1
1.138348220E2	2.327706370E2	3.490664669E1
1.138514865E2	2.328856204E2	3.438160256E1
1.138681509E2	2.327913566E2	3.378390715E1
1.138848154E2	2.327796299E2	3.267306586E1
1.139014798E2	2.329373777E2	3.178608259E1
1.139181442E2	2.334084535E2	3.034675621E1
1.139348087E2	2.330976975E2	2.946859339E1
1.139514731E2	2.328370297E2	2.863527348E1
1.139681376E2	2.327128970E2	2.783684807E1
1.139848020E2	2.327339809E2	2.680232113E1
1.140014665E2	2.334131933E2	2.600309638E1
1.140181309E2	2.338150993E2	2.482957475E1
1.140347954E2	2.333375649E2	2.386887644E1
1.140514598E2	2.326945592E2	2.288525890E1
1.140681243E2	2.323364865E2	2.213041002E1
1.140847887E2	2.330264957E2	2.139332924E1
1.141014531E2	2.337103633E2	2.073980154E1
1.141181176E2	2.336642884E2	2.048569289E1
1.141347820E2	2.329580130E2	2.023642721E1
1.141514465E2	2.323883574E2	1.971742912E1
1.141681109E2	2.322054698E2	1.893287056E1
1.141847754E2	2.327002786E2	1.813909202E1
1.142014398E2	2.333847156E2	1.761765358E1
1.142181043E2	2.333686136E2	1.713270181E1
1.142347687E2	2.328487070E2	1.600192627E1
1.142514331E2	2.325384623E2	1.461372266E1
1.142680976E2	2.325722098E2	1.332671139E1
1.142847620E2	2.329677037E2	1.243579164E1
1.143014265E2	2.329472328E2	1.171156988E1
1.143180909E2	2.327783322E2	1.090426589E1
1.143347554E2	2.322988348E2	9.248799690E0
1.143514198E2	2.323642176E2	5.636488446E0
1.143680843E2	2.325324482E2	-5.717890751E-1
1.143847487E2	2.328957788E2	-9.086955228E0
1.144014131E2	2.327343138E2	-1.799841622E1
1.144180776E2	2.322839973E2	-2.456718153E1
1.144347420E2	2.320369733E2	-2.938281885E1
1.144514065E2	2.320106225E2	-3.292985840E1
1.144680709E2	2.321025039E2	-3.691841232E1
1.144847354E2	2.317458710E2	-4.081453556E1
1.145013998E2	2.313374566E2	-4.542318997E1
1.145180643E2	2.307612204E2	-5.032117265E1
1.145347287E2	2.310809755E2	-5.427142822E1
1.145513931E2	2.314856281E2	-5.669818755E1
1.145680576E2	2.319340077E2	-5.755214408E1
1.145847220E2	2.319490459E2	-5.840645249E1
1.146013865E2	2.314866057E2	-5.992803499E1
1.146180509E2	2.308137014E2	-6.222809109E1
1.146347154E2	2.304880010E2	-6.479953141E1
1.146513798E2	2.307625412E2	-6.703032493E1
1.146680443E2	2.308894612E2	-6.822614305E1
1.146847087E2	2.313466568E2	-6.959506132E1
1.147013732E2	2.310032219E2	-7.107250308E1
1.147180376E2	2.305097131E2	-7.362315078E1
1.147347020E2	2.304306272E2	-7.609886152E1
1.147513665E2	2.308711056E2	-7.827164634E1
1.147680309E2	2.310291914E2	-8.043945199E1
1.147846954E2	2.308393666E2	-8.275721272E1
1.148013598E2	2.305524090E2	-8.570303275E1
1.148180243E2	2.298217588E2	-8.902615242E1
1.148346887E2	2.293914146E2	-9.251883410E1
1.148513532E2	2.295802745E2	-9.470915175E1
1.148680176E2	2.298053288E2	-9.705559202E1
1.148846820E2	2.298923804E2	-9.939909041E1
1.149013465E2	2.296272658E2	-1.028290779E2
1.149180109E2	2.296964201E2	-1.074305552E2
1.149346754E2	2.293771784E2	-1.108614399E2
1.149513398E2	2.288704611E2	-1.141957979E2
1.149680043E2	2.282807296E2	-1.166969572E2
1.149846687E2	2.285814713E2	-1.193757797E2
1.150013332E2	2.282450878E2	-1.223084983E2
1.150179976E2	2.286668431E2	-1.252950320E2
1.150346620E2	2.289432252E2	-1.283317123E2
1.150513265E2	2.281847059E2	-1.302529950E2
1.150679909E2	2.278736336E2	-1.325865496E2
1.150846554E2	2.280826748E2	-1.355440095E2
1.151013198E2	2.278091125E2	-1.377113689E2
1.151179843E2	2.283208924E2	-1.396066511E2
1.151346487E2	2.279302959E2	-1.413878503E2
1.151513132E2	2.274232575E2	-1.429280190E2
1.151679776E2	2.274414289E2	-1.444486945E2
1.151846420E2	2.274200313E2	-1.453015507E2
1.152013065E2	2.275123240E2	-1.462141911E2
1.152179709E2	2.276970739E2	-1.470803435E2
1.152346354E2	2.278049196E2	-1.486271754E2
1.152512998E2	2.279517265E2	-1.507456431E2
1.152679643E2	2.271539935E2	-1.534212807E2
1.152846287E2	2.264601445E2	-1.558968285E2
1.153012932E2	2.264535095E2	-1.575466330E2
1.153179576E2	2.270308428E2	-1.582848258E2
1.153346221E2	2.273807899E2	-1.590784345E2
1.153512865E2	2.272817671E2	-1.606674190E2
1.153679509E2	2.271019056E2	-1.622775665E2
1.153846154E2	2.264380371E2	-1.640308946E2
1.154012798E2	2.267315694E2	-1.662411630E2
1.154179443E2	2.269540594E2	-1.686007670E2
1.154346087E2	2.264604446E2	-1.704052467E2
1.154512732E2	2.264625227E2	-1.718518671E2
1.154679376E2	2.265675167E2	-1.735205428E2
1.154846021E2	2.264587920E2	-1.751898014E2
1.155012665E2	2.263826220E2	-1.768168359E2
1.155179309E2	2.264938903E2	-1.790963491E2
1.155345954E2	2.258619599E2	-1.808863966E2
1.155512598E2	2.251759899E2	-1.826886478E2
1.155679243E2	2.250828212E2	-1.841682241E2
1.155845887E2	2.253553783E2	-1.856821768E2
1.156012532E2	2.261906429E2	-1.871636688E2
1.156179176E2	2.254773968E2	-1.882498460E2
1.156345821E2	2.250267625E2	-1.898802768E2
1.156512465E2	2.248578941E2	-1.919775839E2
1.156679109E2	2.248366039E2	-1.936734714E2
1.156845754E2	2.246208721E2	-1.954866603E2
1.157012398E2	2.254437902E2	-1.976257397E2
1.157179043E2	2.247050626E2	-1.987117678E2
1.157345687E2	2.248016428E2	-2.000805694E2
1.157512332E2	2.245109645E2	-2.009246349E2
1.157678976E2	2.241977127E2	-2.018153982E2
1.157845621E2	2.250166774E2	-2.030836430E2
1.158012265E2	2.245935510E2	-2.043349270E2
1.158178909E2	2.246699807E2	-2.058055688E2
1.158345554E2	2.245317780E2	-2.072798499E2
1.158512198E2	2.236583904E2	-2.085222662E2
1.158678843E2	2.239802230E2	-2.099632324E2
1.158845487E2	2.248556455E2	-2.113501650E2
1.159012132E2	2.247346984E2	-2.122579687E2
1.159178776E2	2.245646686E2	-2.138880231E2
1.159345421E2	2.242078853E2	-2.168996284E2
1.159512065E2	2.232925610E2	-2.211210322E2
1.159678710E2	2.233685330E2	-2.250311643E2
1.159845354E2	2.236559888E2	-2.282007262E2
1.160011998E2	2.240329883E2	-2.305490853E2
1.160178643E2	2.237381623E2	-2.323287552E2
1.160345287E2	2.232448885E2	-2.340920519E2
1.160511932E2	2.233404777E2	-2.363034372E2
1.160678576E2	2.223600442E2	-2.389818310E2
1.160845221E2	2.223171668E2	-2.421201506E2
1.161011865E2	2.223074392E2	-2.445590538E2
1.161178510E2	2.222442441E2	-2.470234318E2
1.161345154E2	2.227806989E2	-2.489840040E2
1.161511798E2	2.215043285E2	-2.510772795E2
1.161678443E2	2.210026859E2	-2.526701951E2
1.161845087E2	2.212525856E2	-2.549489916E2
1.162011732E2	2.210793111E2	-2.582493459E2
1.162178376E2	2.216673159E2	-2.621315493E2
1.162345021E2	2.217727375E2	-2.653227172E2
1.162511665E2	2.207128913E2	-2.672238628E2
1.162678310E2	2.204768543E2	-2.693683032E2
1.162844954E2	2.195921292E2	-2.711673881E2
1.163011598E2	2.203068197E2	-2.740935792E2
1.163178243E2	2.199402575E2	-2.774989147E2
1.163344887E2	2.201333306E2	-2.806861103E2
1.163511532E2	2.198419011E2	-2.831312361E2
1.163678176E2	2.196383314E2	-2.854773166E2
1.163844821E2	2.191120879E2	-2.872182526E2
1.164011465E2	2.188394788E2	-2.889024090E2
1.164178110E2	2.183903523E2	-2.906395361E2
1.164344754E2	2.191247429E2	-2.926725171E2
1.164511398E2	2.185737964E2	-2.944124282E2
1.164678043E2	2.185958255E2	-2.967854722E2
1.164844687E2	2.184777003E2	-2.991946509E2
1.165011332E2	2.177525719E2	-3.009106076E2
1.165177976E2	2.174122297E2	-3.025298744E2
1.165344621E2	2.170102458E2	-3.042181995E2
1.165511265E2	2.178313560E2	-3.062186801E2
1.165677910E2	2.176814995E2	-3.088414970E2
1.165844554E2	2.178588899E2	-3.110836976E2
1.166011199E2	2.166975011E2	-3.130741838E2
1.166177843E2	2.160573687E2	-3.154734964E2
1.166344487E2	2.158229359E2	-3.186398038E2
1.166511132E2	2.162318709E2	-3.223674324E2
1.166677776E2	2.158832619E2	-3.258258989E2
1.166844421E2	2.153726049E2	-3.290585559E2
1.167011065E2	2.144803392E2	-3.324029169E2
1.167177710E2	2.142966779E2	-3.355321805E2
1.167344354E2	2.137084833E2	-3.380494464E2
1.167510999E2	2.135204900E2	-3.419908640E2
1.167677643E2	2.135093974E2	-3.459194042E2
1.167844287E2	2.130642202E2	-3.491108198E2
1.168010932E2	2.118857589E2	-3.510357786E2
1.168177576E2	2.116142013E2	-3.525743662E2
1.168344221E2	2.124811885E2	-3.539991680E2
1.168510865E2	2.120080034E2	-3.548741045E2
1.168677510E2	2.121066448E2	-3.563845540E2
1.168844154E2	2.111118192E2	-3.582694478E2
1.169010799E2	2.111224590E2	-3.606028972E2
1.169177443E2	2.119797625E2	-3.627104085E2
1.169344087E2	2.109877861E2	-3.637403556E2
1.169510732E2	2.100374887E2	-3.645641180E2
1.169677376E2	2.103554343E2	-3.660739726E2
1.169844021E2	2.107215350E2	-3.677186956E2
1.170010665E2	2.109325734E2	-3.709804144E2
1.170177310E2	2.111644214E2	-3.747866663E2
1.170343954E2	2.095294971E2	-3.766272495E2
1.170510599E2	2.093042299E2	-3.773457093E2
1.170677243E2	2.087144348E2	-3.774238882E2
1.170843887E2	2.100592197E2	-3.789285330E2
1.171010532E2	2.096757307E2	-3.807080455E2
1.171177176E2	2.092157359E2	-3.832052440E2
1.171343821E2	2.083730535E2	-3.855471985E2
1.171510465E2	2.083580725E2	-3.870308532E2
1.171677110E2	2.078132038E2	-3.879724504E2
1.171843754E2	2.086663516E2	-3.894231742E2
1.172010399E2	2.091707708E2	-3.909928821E2
1.172177043E2	2.085944203E2	-3.927534134E2
1.172343688E2	2.078677543E2	-3.944163423E2
