203-I_row-6_post-23_ref
t	x	y
1.396647114E2	2.366906878E2	5.295586782E2
1.396813758E2	2.365517593E2	5.246213548E2
1.396980403E2	2.364045303E2	5.200928193E2
1.397147047E2	2.363823737E2	5.162681310E2
1.397313692E2	2.365220247E2	5.118702436E2
1.397480336E2	2.365706265E2	5.059362241E2
1.397646980E2	2.364560429E2	4.991194714E2
1.397813625E2	2.363562077E2	4.936380727E2
1.397980269E2	2.362882448E2	4.906152508E2
1.398146914E2	2.363334469E2	4.888041659E2
1.398313558E2	2.363111238E2	4.870818182E2
1.398480203E2	2.364613297E2	4.854995738E2
1.398646847E2	2.364824798E2	4.840746796E2
1.398813492E2	2.364813588E2	4.820795675E2
1.398980136E2	2.365193558E2	4.794470997E2
1.399146780E2	2.365639966E2	4.764302060E2
1.399313425E2	2.365706608E2	4.737558691E2
1.399480069E2	2.365915208E2	4.710501554E2
1.399646714E2	2.366226065E2	4.692570606E2
1.399813358E2	2.365848699E2	4.673000698E2
1.399980003E2	2.365219551E2	4.641699456E2
1.400146647E2	2.364852753E2	4.591528188E2
1.400313292E2	2.364868312E2	4.531231650E2
1.400479936E2	2.365345116E2	4.483336979E2
1.400646580E2	2.364856686E2	4.447310017E2
1.400813225E2	2.365047789E2	4.408678862E2
1.400979869E2	2.364367368E2	4.367545458E2
1.401146514E2	2.364585689E2	4.323339230E2
1.401313158E2	2.364381056E2	4.262411362E2
1.401479803E2	2.362949859E2	4.168879839E2
1.401646447E2	2.362880138E2	4.071103298E2
1.401813092E2	2.362522361E2	3.983735404E2
1.401979736E2	2.360427886E2	3.904807884E2
1.402146380E2	2.358178708E2	3.827482182E2
1.402313025E2	2.358345342E2	3.750930676E2
1.402479669E2	2.357563667E2	3.680830501E2
1.402646314E2	2.357451524E2	3.617000325E2
1.402812958E2	2.357316426E2	3.560529244E2
1.402979603E2	2.357645546E2	3.508305953E2
1.403146247E2	2.357482390E2	3.458795001E2
1.403312892E2	2.356704710E2	3.396985383E2
1.403479536E2	2.357282776E2	3.324793071E2
1.403646181E2	2.356535312E2	3.254854797E2
1.403812825E2	2.355261271E2	3.190374141E2
1.403979469E2	2.356039458E2	3.142993349E2
1.404146114E2	2.355696826E2	3.108575422E2
1.404312758E2	2.357048957E2	3.083061632E2
1.404479403E2	2.356390244E2	3.047762335E2
1.404646047E2	2.356683295E2	3.012766257E2
1.404812692E2	2.356089842E2	2.977007072E2
1.404979336E2	2.356066462E2	2.943789532E2
1.405145981E2	2.356564233E2	2.910157456E2
1.405312625E2	2.355147342E2	2.854554065E2
1.405479269E2	2.355380445E2	2.784020058E2
1.405645914E2	2.355293775E2	2.725458981E2
1.405812558E2	2.355342179E2	2.676746576E2
1.405979203E2	2.355164766E2	2.635413865E2
1.406145847E2	2.354702560E2	2.595548539E2
1.406312492E2	2.351594693E2	2.547574681E2
1.406479136E2	2.351990857E2	2.492066197E2
1.406645781E2	2.350867135E2	2.435767140E2
1.406812425E2	2.350856623E2	2.388648571E2
1.406979069E2	2.351280862E2	2.352630256E2
1.407145714E2	2.349559332E2	2.323619713E2
1.407312358E2	2.350439120E2	2.298327616E2
1.407479003E2	2.349569666E2	2.275104986E2
1.407645647E2	2.349651540E2	2.242507377E2
1.407812292E2	2.350109882E2	2.202952342E2
1.407978936E2	2.349152922E2	2.163210026E2
1.408145581E2	2.349592847E2	2.135263078E2
1.408312225E2	2.349792382E2	2.113218433E2
1.408478869E2	2.348748424E2	2.094406150E2
1.408645514E2	2.350347233E2	2.077138544E2
1.408812158E2	2.348145475E2	2.056480156E2
1.408978803E2	2.349634617E2	2.035314508E2
1.409145447E2	2.350106447E2	2.016363164E2
1.409312092E2	2.348418313E2	2.000664323E2
1.409478736E2	2.349971774E2	1.988544810E2
1.409645381E2	2.348401101E2	1.971729000E2
1.409812025E2	2.349477742E2	1.937898601E2
1.409978670E2	2.349744009E2	1.894688030E2
1.410145314E2	2.349817562E2	1.849117620E2
1.410311958E2	2.349053609E2	1.814093947E2
1.410478603E2	2.348186303E2	1.782477435E2
1.410645247E2	2.349278585E2	1.751999530E2
1.410811892E2	2.348084801E2	1.725907529E2
1.410978536E2	2.348996321E2	1.691485763E2
1.411145181E2	2.349003553E2	1.655443237E2
1.411311825E2	2.349497149E2	1.620208433E2
1.411478470E2	2.349886699E2	1.591266650E2
1.411645114E2	2.350341653E2	1.575674395E2
1.411811758E2	2.348876331E2	1.563731851E2
1.411978403E2	2.348651831E2	1.549635771E2
1.412145047E2	2.348909465E2	1.539197276E2
1.412311692E2	2.348479977E2	1.522678716E2
1.412478336E2	2.350329451E2	1.501641083E2
1.412644981E2	2.348291619E2	1.481367479E2
1.412811625E2	2.348708466E2	1.467436012E2
1.412978270E2	2.350186487E2	1.451552154E2
1.413144914E2	2.350507517E2	1.434992516E2
1.413311558E2	2.349798058E2	1.417139168E2
1.413478203E2	2.351100078E2	1.391631101E2
1.413644847E2	2.349256572E2	1.355932947E2
1.413811492E2	2.349488841E2	1.331294428E2
1.413978136E2	2.351077044E2	1.316612002E2
1.414144781E2	2.349199606E2	1.308215407E2
1.414311425E2	2.350511860E2	1.299621375E2
1.414478070E2	2.350161167E2	1.286674642E2
1.414644714E2	2.349706531E2	1.260082375E2
1.414811358E2	2.350675956E2	1.230004449E2
1.414978003E2	2.349365592E2	1.197959338E2
1.415144647E2	2.349815972E2	1.169992654E2
1.415311292E2	2.349488730E2	1.144884491E2
1.415477936E2	2.350492972E2	1.120255945E2
1.415644581E2	2.347513444E2	1.094762595E2
1.415811225E2	2.349447529E2	1.066384951E2
1.415977870E2	2.349928276E2	1.035485657E2
1.416144514E2	2.347525724E2	1.011069298E2
1.416311159E2	2.348652069E2	9.885057219E1
1.416477803E2	2.348577168E2	9.603258878E1
1.416644447E2	2.347749426E2	9.177259399E1
1.416811092E2	2.348894716E2	8.741139371E1
1.416977736E2	2.348861028E2	8.380574885E1
1.417144381E2	2.347593952E2	7.993234362E1
