203-I_row-6_post-21_ref
t	x	y
1.592287695E2	2.525018656E2	5.091337674E2
1.592454339E2	2.524256569E2	5.090741005E2
1.592620984E2	2.524587837E2	5.090250938E2
1.592787628E2	2.523595624E2	5.084523584E2
1.592954273E2	2.524743178E2	5.081008383E2
1.593120917E2	2.523595071E2	5.077624662E2
1.593287562E2	2.524350826E2	5.073821394E2
1.593454206E2	2.524683819E2	5.067598597E2
1.593620851E2	2.524157353E2	5.059488491E2
1.593787495E2	2.525505122E2	5.048924154E2
1.593954139E2	2.524754449E2	5.034827926E2
1.594120784E2	2.524284933E2	5.011619673E2
1.594287428E2	2.523797871E2	4.986509627E2
1.594454073E2	2.523947017E2	4.954767488E2
1.594620717E2	2.524104060E2	4.920816915E2
1.594787362E2	2.523032209E2	4.880553589E2
1.594954006E2	2.524203999E2	4.834181032E2
1.595120651E2	2.522439183E2	4.764443852E2
1.595287295E2	2.522265104E2	4.670670439E2
1.595453939E2	2.521765951E2	4.584650329E2
1.595620584E2	2.522962968E2	4.517579051E2
1.595787228E2	2.521515199E2	4.456175014E2
1.595953873E2	2.522122019E2	4.395607428E2
1.596120517E2	2.521326726E2	4.336049105E2
1.596287162E2	2.519001667E2	4.273325894E2
1.596453806E2	2.518706520E2	4.220629890E2
1.596620451E2	2.517685099E2	4.164463910E2
1.596787095E2	2.517370394E2	4.100842124E2
1.596953740E2	2.517225427E2	4.045076669E2
1.597120384E2	2.516490739E2	3.999435490E2
1.597287028E2	2.515866882E2	3.962400732E2
1.597453673E2	2.515534760E2	3.924000297E2
1.597620317E2	2.515541819E2	3.883752351E2
1.597786962E2	2.516531419E2	3.836415158E2
1.597953606E2	2.513789051E2	3.792906163E2
1.598120251E2	2.514458030E2	3.746250033E2
1.598286895E2	2.514285206E2	3.705539581E2
1.598453540E2	2.511513287E2	3.671381267E2
1.598620184E2	2.511933679E2	3.641136427E2
1.598786828E2	2.513204133E2	3.615145785E2
1.598953473E2	2.512996446E2	3.592656780E2
1.599120117E2	2.511336898E2	3.560816839E2
1.599286762E2	2.511091157E2	3.520185567E2
1.599453406E2	2.511657704E2	3.473080924E2
1.599620051E2	2.509819948E2	3.440393146E2
1.599786695E2	2.510960394E2	3.409439725E2
1.599953340E2	2.509093781E2	3.388905628E2
1.600119984E2	2.509723040E2	3.373956599E2
1.600286628E2	2.509474161E2	3.353330727E2
1.600453273E2	2.509016058E2	3.330118716E2
1.600619917E2	2.507887412E2	3.314380970E2
1.600786562E2	2.508233825E2	3.302097347E2
1.600953206E2	2.508922087E2	3.287847190E2
1.601119851E2	2.508547770E2	3.269428451E2
1.601286495E2	2.508237204E2	3.237822276E2
1.601453140E2	2.507934999E2	3.197127540E2
1.601619784E2	2.507176420E2	3.150976839E2
1.601786428E2	2.507814219E2	3.103593740E2
1.601953073E2	2.506612670E2	3.065656965E2
1.602119717E2	2.507271667E2	3.040759878E2
1.602286362E2	2.507414826E2	3.020224166E2
1.602453006E2	2.506883262E2	3.004059223E2
1.602619651E2	2.506540617E2	2.983642425E2
1.602786295E2	2.507199051E2	2.955610566E2
1.602952940E2	2.506661397E2	2.920656905E2
1.603119584E2	2.503974245E2	2.886623412E2
1.603286229E2	2.505641643E2	2.858449575E2
1.603452873E2	2.504279393E2	2.839184388E2
1.603619517E2	2.503039742E2	2.818172430E2
1.603786162E2	2.502501393E2	2.786526293E2
1.603952806E2	2.502485406E2	2.738826611E2
1.604119451E2	2.501197885E2	2.687945401E2
1.604286095E2	2.499845473E2	2.637380786E2
1.604452740E2	2.501149348E2	2.603347007E2
1.604619384E2	2.500547919E2	2.575456931E2
1.604786029E2	2.499536499E2	2.537305083E2
1.604952673E2	2.500609392E2	2.496700971E2
1.605119317E2	2.499885498E2	2.465810960E2
1.605285962E2	2.500378846E2	2.436656328E2
1.605452606E2	2.499596185E2	2.394471538E2
1.605619251E2	2.499596350E2	2.351598829E2
1.605785895E2	2.499726394E2	2.320706009E2
1.605952540E2	2.499916530E2	2.302032503E2
1.606119184E2	2.498339979E2	2.280805672E2
1.606285829E2	2.500131909E2	2.249491829E2
1.606452473E2	2.499684298E2	2.211862578E2
1.606619117E2	2.499515771E2	2.168116022E2
1.606785762E2	2.497916618E2	2.123619725E2
1.606952406E2	2.498751892E2	2.073802227E2
1.607119051E2	2.498484581E2	2.028082766E2
1.607285695E2	2.498353564E2	1.981169798E2
1.607452340E2	2.498379248E2	1.940125562E2
1.607618984E2	2.498631033E2	1.905488381E2
1.607785629E2	2.496537779E2	1.884193994E2
1.607952273E2	2.496416531E2	1.864201787E2
1.608118917E2	2.497149342E2	1.840333715E2
1.608285562E2	2.497529359E2	1.817142868E2
1.608452206E2	2.497755044E2	1.798331138E2
1.608618851E2	2.497886662E2	1.769260373E2
1.608785495E2	2.497851697E2	1.740165188E2
1.608952140E2	2.497723680E2	1.706730662E2
1.609118784E2	2.498331773E2	1.675041864E2
1.609285429E2	2.498005666E2	1.644016911E2
1.609452073E2	2.498652556E2	1.622631616E2
1.609618718E2	2.495874749E2	1.603931995E2
1.609785362E2	2.495317724E2	1.586854203E2
1.609952006E2	2.493692932E2	1.562057745E2
1.610118651E2	2.496257816E2	1.532265790E2
1.610285295E2	2.493467934E2	1.508222778E2
1.610451940E2	2.495174407E2	1.478639933E2
1.610618584E2	2.493838402E2	1.445487760E2
1.610785229E2	2.493396823E2	1.406596902E2
1.610951873E2	2.493052187E2	1.376919846E2
1.611118518E2	2.492867813E2	1.353836196E2
1.611285162E2	2.492847369E2	1.333026604E2
1.611451806E2	2.492797046E2	1.307185932E2
1.611618451E2	2.491462714E2	1.284453701E2
1.611785095E2	2.493497441E2	1.256980879E2
1.611951740E2	2.492543492E2	1.229110317E2
1.612118384E2	2.491088566E2	1.194955006E2
1.612285029E2	2.491113716E2	1.152527799E2
1.612451673E2	2.491070397E2	1.097024569E2
1.612618318E2	2.491064953E2	1.047415554E2
1.612784962E2	2.490573776E2	1.015190888E2
1.612951606E2	2.491346342E2	9.947935265E1
1.613118251E2	2.490655489E2	9.744812797E1
1.613284895E2	2.491254631E2	9.515949836E1
1.613451540E2	2.491185848E2	9.288480314E1
1.613618184E2	2.489012178E2	9.073546002E1
1.613784829E2	2.490219318E2	8.850493228E1
1.613951473E2	2.490442737E2	8.598647638E1
1.614118118E2	2.491038715E2	8.383092665E1
1.614284762E2	2.489352841E2	8.186456553E1
1.614451406E2	2.490945082E2	7.984506718E1
1.614618051E2	2.491088546E2	7.884616957E1
1.614784695E2	2.490092908E2	7.801474105E1
1.614951340E2	2.491400965E2	7.717620809E1
1.615117984E2	2.492265734E2	7.627704566E1
1.615284629E2	2.493048941E2	7.503568779E1
1.615451273E2	2.494318935E2	7.795534182E1
1.615617918E2	2.489532625E2	7.810738193E1
1.615784562E2	2.489803331E2	7.627464803E1
1.615951207E2	2.491803260E2	7.464445044E1
1.616117851E2	2.491030345E2	7.326870701E1
1.616284495E2	2.494164671E2	7.122636031E1
1.616451140E2	2.494669115E2	6.897781452E1
1.616617784E2	2.496831755E2	6.762160784E1
1.616784429E2	2.498354020E2	6.711499723E1
1.616951073E2	2.493694939E2	6.628381488E1
1.617117718E2	2.488890216E2	6.590053033E1
1.617284362E2	2.492146155E2	6.464109882E1
1.617451007E2	2.498063756E2	6.361047301E1
1.617617651E2	2.499636700E2	6.269477427E1
1.617784295E2	2.494569794E2	6.156473193E1
1.617950940E2	2.483932451E2	6.059130293E1
1.618117584E2	2.483423274E2	6.021292779E1
1.618284229E2	2.490045048E2	5.964023573E1
1.618450873E2	2.494997341E2	5.904525555E1
1.618617518E2	2.499688975E2	5.882792507E1
